# User			Arne Vereijken
# Sample		2024_0177_1
# State			as made
# Profile		Homogeneity.txt
# Comment
# 7nm CoFe
# lower right corner
# 
# Meas. type 		Hysteresis
# angle (deg)		 0.000
# Hmin (kA/m)		-30.000
# Hmax (kA/m)		20.000
# pts./branch		50
# time/pt. (s)		 0.010
# dt (s)		 0.010
# nCycles		1
# Hstop (kA/m)		 0.000
# wait (s)		60.000
# nSched		5
# nMinorLoops		5
# nX			16
# nY			20
# dx (mm)		 8.000
# dy (mm)		10.000
# avg. raster		no average raster
# Cycle			1/1
# ID			DB connction not available
# -----------------------------------------------
# H (kA/m) 	 I (arb.u.)
1.936559636525472072e+01 3.514379062741213477e+00
1.830931007894557894e+01 3.513811291866781428e+00
1.743832253270805666e+01 3.514081911629360455e+00
1.635031844404432277e+01 3.514161505677178443e+00
1.545449919727918520e+01 3.514262324804414028e+00
1.434458478462049413e+01 3.514156199407323378e+00
1.344521815206569926e+01 3.513949254882998030e+00
1.233196502336968159e+01 3.514012930121252154e+00
1.144365788768853065e+01 3.514076605359505834e+00
1.034709833917914246e+01 3.514028848930815574e+00
9.441054274549694370e+00 3.514002317581543355e+00
8.300465408298070003e+00 3.513859048295471688e+00
7.392334646145291899e+00 3.513774147977799522e+00
6.254249816921658045e+00 3.513365565199003004e+00
5.337980934427896784e+00 3.513609653612311146e+00
4.194679361395942330e+00 3.513800679327071741e+00
3.052421137125650663e+00 3.513551284643910755e+00
2.139490970669216452e+00 3.513423934167402951e+00
1.008918252529568127e+00 3.512750037895879807e+00
1.201937773437499885e-01 3.512681056387771505e+00
-1.072771196743435462e+00 3.513609653612310701e+00
-2.008029026699489794e+00 3.513991705041834557e+00
-3.164894133633083584e+00 3.512983513769478261e+00
-4.116636874023437365e+00 3.513174539484241077e+00
-5.262025144578720948e+00 3.513285971151185461e+00
-6.179128706081814748e+00 3.512500643212718821e+00
-7.341419226576062940e+00 3.512192879561157444e+00
-8.272294991733128100e+00 3.511858584560323848e+00
-9.405789086405434318e+00 3.510388747810625265e+00
-1.058352116857231984e+01 3.508839317013110026e+00
-1.153025583490668637e+01 3.505660861370261117e+00
-1.269713708995225510e+01 3.401848997936717023e+00
-1.363990703099229407e+01 3.401366127379956694e+00
-1.480866631380886567e+01 3.401440415157919617e+00
-1.574538483203124706e+01 3.401944510794097098e+00
-1.689953723218451387e+01 3.402883720558345093e+00
-1.784293318248155202e+01 3.402655550954600816e+00
-1.897580126789685906e+01 3.402130230239004849e+00
-1.991961455769856570e+01 3.401604909523408882e+00
-2.107606232512749500e+01 3.401854304206570756e+00
-2.203114378155517272e+01 3.402167374127986310e+00
-2.319593833907742564e+01 3.401854304206570756e+00
-2.415289782327609558e+01 3.401769403888899035e+00
-2.533647265850829911e+01 3.402029411111770152e+00
-2.628237264583333754e+01 3.401955123333806341e+00
-2.745154926815456520e+01 3.401721647460208331e+00
-2.834361245937770946e+01 3.401769403888899035e+00
-2.950778100764295786e+01 3.402979233415726057e+00
-3.044241282834201456e+01 3.402634325875182775e+00
-3.159739990750460592e+01 3.401811854047735117e+00
-3.164330725301784142e+01 3.401573071904282486e+00
-3.060267119813367742e+01 3.401599603253554260e+00
-2.971624209022352758e+01 3.401780016428607833e+00
-2.860799703558349449e+01 3.401620828332972746e+00
-2.777143999848090417e+01 3.401684503571226870e+00
-2.666361228334553601e+01 3.401695116110935668e+00
-2.574024862927245749e+01 3.401541234285154758e+00
-2.461948338949245496e+01 3.401376739919665493e+00
-2.369549372616237548e+01 3.402231049366240878e+00
-2.258161458820936218e+01 3.401971042143370205e+00
-2.167390116556125079e+01 3.401971042143370205e+00
-2.053372963881428603e+01 3.402071861270605790e+00
-1.961558272854953344e+01 3.401769403888898591e+00
-1.847541120180257224e+01 3.402040023651478506e+00
-1.756268970509846739e+01 3.401339596030683587e+00
-1.640624193766954519e+01 3.402729838732563739e+00
-1.546242864786783677e+01 3.402867801748781673e+00
-1.432935189270019194e+01 3.402894333098053448e+00
-1.340035415531412788e+01 3.402692694843582721e+00
-1.225621790327283911e+01 3.402231049366240878e+00
-1.130990057644314106e+01 3.401859610476425821e+00
-1.013425519179958734e+01 3.402109005159586808e+00
-8.972799350314669908e+00 3.401971042143370205e+00
-8.070720010979547610e+00 3.401949817063951720e+00
-6.914689583055283251e+00 3.402692694843581833e+00
-5.982561799384223278e+00 3.402422075081003250e+00
-4.804412377712672821e+00 3.404995615960438204e+00
-3.871867254536946135e+00 3.511540208369052785e+00
-2.699560585930718126e+00 3.512065529084649640e+00
-1.775153583095974152e+00 3.512596156070099784e+00
-6.093156768120659983e-01 3.512155735672175982e+00
3.570339462415906273e-01 3.512532480831845216e+00
1.463400973110622560e+00 3.513211683373222538e+00
2.404084216627332626e+00 3.513599041072601015e+00
3.583276987060546315e+00 3.512787181784861268e+00
4.709676310153536605e+00 3.513004738848896746e+00
5.651402902431911457e+00 3.513699860199836600e+00
6.802633926052516600e+00 3.513933336073435498e+00
7.744569188083223032e+00 3.513885579644744350e+00
8.899764936998154852e+00 3.514368450201503791e+00
9.849629649617513749e+00 3.513291277421039638e+00
1.096455213633219117e+01 3.513105557976131887e+00
1.189501056198459317e+01 3.513408015357839531e+00
1.304165085105387512e+01 3.513721085279254641e+00
1.397336129522026482e+01 3.513110864245986953e+00
1.513815585274251418e+01 3.513572509723327908e+00
1.608071712403021536e+01 3.513805985596926806e+00
1.723466085443114792e+01 3.513572509723329240e+00
1.817179671215820491e+01 3.513965173692561894e+00
1.932073236850314402e+01 3.513614959882164435e+00
