Hysterese	V-MOKE
Charge	2020_0446
Sample	1
Sample State	bFC
User	Meike Reginka
Sample Angle	50.0
Magnetic Field Angle	0.0
Detektor Averages	300
Hysteresus Points	150
Magnetic Field [kA/m]	80
Hysteresis Averages	100
Polarization	p-polarization
Measurement Method	Scan Both Angles
Max Voltage Correction	No
Training Effect Elimination	No
Magnetic field [kA/m]	Magnetic field transversal [kA/m]	Magnetic field longitudinal [kA/m]	Magnetic field transversal [V]	Magnetic field longitudinal [V]	Detector diff transversal [V]	Detector diff longitudinal [V]	Detector raw transversal [V]	Detector raw longitudinal [V]
80.0	0.0	80.0	0.0	4.381030188287403	-10.564406957477331	-0.8456543835851673	0.08785653805494267	1.056225876326508
78.93333333333334	0.0	78.93333333333334	0.0	4.319818714176459	-10.564406957477331	-0.8463546316269709	0.08785158012882072	1.0561845710069324
77.86666666666666	0.0	77.86666666666666	0.0	4.258793669369702	-10.564406957477331	-0.8463504570961016	0.08784436859991597	1.0560418964879024
76.8	0.0	76.8	0.0	4.197942654193435	-10.564406957477331	-0.8463553613650149	0.08788544855921256	1.0561973950799113
75.73333333333333	0.0	75.73333333333333	0.0	4.137253993604595	-10.564406957477331	-0.8463594178500234	0.08787649853673254	1.0563615324825875
74.66666666666667	0.0	74.66666666666667	0.0	4.0767167056162315	-10.564406957477331	-0.8463606626972751	0.08785251376425923	1.0560751854204362
73.6	0.0	73.6	0.0	4.0163204706037074	-10.564406957477331	-0.8463538053059502	0.08787834434472608	1.0563507688464377
72.53333333333333	0.0	72.53333333333333	0.0	3.9560556014798554	-10.564406957477331	-0.8463539984719028	0.08788231497820037	1.0563305400786032
71.46666666666667	0.0	71.46666666666667	0.0	3.89591301472721	-10.564406957477331	-0.8463551252732948	0.08787333276139493	1.0562981955129502
70.4	0.0	70.4	0.0	3.8358842022755653	-10.564406957477331	-0.8463580978826795	0.08786608903816476	1.0561725839864164
69.33333333333333	0.0	69.33333333333333	0.0	3.775961204212982	-10.564406957477331	-0.846347623995461	0.08787100403851943	1.0560593028865386
68.26666666666667	0.0	68.26666666666667	0.0	3.716136582318465	-10.564406957477331	-0.8463463469538841	0.08785042113310382	1.0561118225628183
67.2	0.0	67.2	0.0	3.6564033944044745	-10.564406957477331	-0.8463434923903589	0.08789577220624578	1.0563983842538045
66.13333333333333	0.0	66.13333333333333	0.0	3.596755169457454	-10.564406957477331	-0.846354792598598	0.08786724803388156	1.056197062405214
65.06666666666666	0.0	65.06666666666666	0.0	3.5371858835645753	-10.564406957477331	-0.8463544706553431	0.08786089502032265	1.056294364388218
64.0	0.0	64.0	0.0	3.4776899366148504	-10.564406957477331	-0.8463727784950927	0.08785444542378736	1.0560575751244061
62.93333333333334	0.0	62.93333333333334	0.0	3.4182621297628257	-10.564406957477331	-0.8463553184392475	0.08787315032688403	1.0560766770908492
61.86666666666667	0.0	61.86666666666667	0.0	3.3588976436430196	-10.564406957477331	-0.846362347533641	0.08788305544768617	1.0563965921030196
60.8	0.0	60.8	0.0	3.2995920173232944	-10.564406957477331	-0.8463577866708664	0.08786066966004442	1.0562136639457145
59.733333333333334	0.0	59.733333333333334	0.0	3.2403411279853396	-10.564406957477331	-0.8463517556005624	0.087845634910051	1.0558918065425729
58.66666666666667	0.0	58.66666666666667	0.0	3.181141171320454	-10.564406957477331	-0.8463470766919277	0.08787411615664797	1.0561036559355912
57.6	0.0	57.6	0.0	3.121988642628807	-10.564406957477331	-0.8463671659510194	0.08785673122089552	1.0563090557320747
56.53333333333333	0.0	56.53333333333333	0.0	3.062880318610361	-10.564406957477331	-0.8463684537240382	0.08783272498553853	1.0560140269334888
55.46666666666667	0.0	55.46666666666667	0.0	3.003813239835633	-10.564406957477331	-0.8463660069553027	0.08786518759705167	1.056205593901463
54.4	0.0	54.4	0.0	2.9447846938844906	-10.564406957477331	-0.8463596217474182	0.08783864874142458	1.0558451033077618
53.33333333333333	0.0	53.33333333333333	0.0	2.885792199141142	-10.564406957477331	-0.8463518951093059	0.0878671192565797	1.0562040378423994
52.266666666666666	0.0	52.266666666666666	0.0	2.8268334892335334	-10.564406957477331	-0.846362605088245	0.08786050868841705	1.055910951434784
51.2	0.0	51.2	0.0	2.7679064981053	-10.564406957477331	-0.846346765480115	0.08788849628869018	1.0563731868284052
50.13333333333333	0.0	50.13333333333333	0.0	2.7090093457084867	-10.564406957477331	-0.8463599114963474	0.0879013954817608	1.0563752472652348
49.06666666666666	0.0	49.06666666666666	0.0	2.6501403243051973	-10.564406957477331	-0.8463663932872081	0.08786705486792873	1.0562516747126487
48.0	0.0	48.0	0.0	2.591297885366365	-10.564406957477331	-0.8463590315181182	0.08787698145161466	1.0562749404785199
46.93333333333334	0.0	46.93333333333334	0.0	2.532480627055822	-10.564406957477331	-0.8463634850664741	0.08787992186667395	1.0563455533657113
45.86666666666667	0.0	45.86666666666667	0.0	2.4736872822878553	-10.564406957477331	-0.8463458211132341	0.08784540954977273	1.056113754222346
44.8	0.0	44.8	0.0	2.4149167073464275	-10.564406957477331	-0.8463506287991709	0.08784475493182159	1.0559622155323696
43.733333333333334	0.0	43.733333333333334	0.0	2.356167871054244	-10.564406957477331	-0.846356853035428	0.08784767388399733	1.05600708369063
42.666666666666664	0.0	42.666666666666664	0.0	2.2974398444798476	-10.564406957477331	-0.8463518629149811	0.08783784388328782	1.0559697704674138
41.6	0.0	41.6	0.0	2.2387317911709355	-10.564398876701638	-0.8463581300770048	0.08785358690844149	1.0561349595513876
40.53333333333333	0.0	40.53333333333333	0.0	2.1800429579020566	-10.564406957477331	-0.8463594071185813	0.087841825248204	1.0559815535905341
39.46666666666667	0.0	39.46666666666667	0.0	2.1213726659248966	-10.564406957477331	-0.846360587577182	0.08785430591504363	1.0560624579304339
38.4	0.0	38.4	0.0	2.0627203027093186	-10.564406957477331	-0.8463462825652327	0.08787282838362925	1.0562619876282402
37.333333333333336	0.0	37.333333333333336	0.0	2.0040853141633432	-10.564406957477331	-0.8463582051970978	0.08784638611097853	1.0561717254710707
36.266666666666666	0.0	36.266666666666666	0.0	1.9454671973202513	-10.564406957477331	-0.8463468942574172	0.08783776876319507	1.0560163449249231
35.2	0.0	35.2	0.0	1.8868654934810003	-10.564406957477331	-0.8463666937675792	0.08784752364381182	1.0560415208874394
34.13333333333333	0.0	34.13333333333333	0.0	1.8282797818001153	-10.564406957477331	-0.8463675737458086	0.08786724803388153	1.056093890323532
33.06666666666667	0.0	33.06666666666667	0.0	1.7697096733032631	-10.564406957477331	-0.8463601797823924	0.08787190547963254	1.0563152263111213
32.0	0.0	32.0	0.0	1.7111548053246695	-10.564406957477331	-0.8463619182759685	0.0878348820053448	1.0562086416309409
30.933333333333337	0.0	30.933333333333337	0.0	1.652614836352576	-10.564406957477331	-0.8463665113330685	0.08784986309812914	1.0561377282633773
29.866666666666667	0.0	29.866666666666667	0.0	1.5940894412709112	-10.564406957477331	-0.8463628197170817	0.08788230424675865	1.056506396215748
28.799999999999997	0.0	28.799999999999997	0.0	1.5355783069853621	-10.564406957477331	-0.8463441899340767	0.08785834093716888	1.056376556501138
27.733333333333334	0.0	27.733333333333334	0.0	1.4770811284220267	-10.564406957477331	-0.8463462503709073	0.08786819240076194	1.0562358887617276
26.666666666666664	0.0	26.666666666666664	0.0	1.4185976048868278	-10.564406957477331	-0.8463613817038771	0.08784677244288419	1.0561829827535427
25.6	0.0	25.6	0.0	1.360127436773878	-10.564406957477331	-0.8463713941390971	0.08784687975730245	1.056327900143914
24.53333333333333	0.0	24.53333333333333	0.0	1.3016703226109647	-10.564406957477331	-0.8463567671838939	0.08782448323821884	1.0562456543737868
23.46666666666667	0.0	23.46666666666667	0.0	1.243225956430354	-10.564406957477331	-0.8463660284181864	0.08782603929728311	1.0561239812864038
22.4	0.0	22.4	0.0	1.1847940254530787	-10.564406957477331	-0.8463593105356054	0.08786379250961474	1.0563519278421551
21.333333333333336	0.0	21.333333333333336	0.0	1.1263742080749082	-10.564406957477331	-0.8463528502076284	0.08787310740111662	1.056527408378838
20.266666666666666	0.0	20.266666666666666	0.0	1.0679661721421683	-10.564406957477331	-0.8463649230796787	0.08784361739898838	1.0563427524593962
19.200000000000003	0.0	19.200000000000003	0.0	1.0095695735056076	-10.564406957477331	-0.8463500600327544	0.08785046405887112	1.056523298236619
18.133333333333333	0.0	18.133333333333333	0.0	0.9511840548404781	-10.564406957477331	-0.8463609631776459	0.08785826581707613	1.056333555613756
17.06666666666667	0.0	17.06666666666667	0.0	0.8928092447210244	-10.564406957477331	-0.8463634957979167	0.08785638781475717	1.0565225899614592
16.0	0.0	16.0	0.0	0.8344447569375557	-10.564406957477331	-0.8463523458298624	0.08784786704995007	1.0567635322932574
14.933333333333337	0.0	14.933333333333337	0.0	0.7760901900442883	-10.564406957477331	-0.8463715014535161	0.08784334911294281	1.0565672864166495
13.866666666666674	0.0	13.866666666666674	0.0	0.7177451271261349	-10.564406957477331	-0.8463708575670065	0.08785417713774173	1.0566243776871453
12.799999999999997	0.0	12.799999999999997	0.0	0.6594091357726295	-10.564406957477331	-0.8463578081337504	0.08785345813113966	1.056995546065461
11.733333333333334	0.0	11.733333333333334	0.0	0.6010817682471681	-10.564406957477331	-0.8463483537335044	0.08784423982261416	1.0568458746463627
10.666666666666671	0.0	10.666666666666671	0.0	0.5427625618397398	-10.564406957477331	-0.84635927834128	0.08784756656957905	1.0568621757064902
9.599999999999994	0.0	9.599999999999994	0.0	0.4844510393913435	-10.564406957477331	-0.8463577222822157	0.08783935701658482	1.0570970333107765
8.533333333333331	0.0	8.533333333333331	0.0	0.4261467099782665	-10.564406957477331	-0.8463741843139715	0.08781204549714655	1.0570507700650797
7.466666666666669	0.0	7.466666666666669	0.0	0.36784906974439924	-10.564406957477331	-0.8463431489842204	0.08780987774589835	1.057018350379334
6.400000000000006	0.0	6.400000000000006	0.0	0.30955760286978407	-10.564406957477331	-0.8463584627517016	0.08777032165134054	1.0570088423218795
5.333333333333329	0.0	5.333333333333329	0.0	0.25127178266356687	-10.564363098074603	-0.846346658165697	0.08778461593184811	1.0569852009555438
4.266666666666666	0.0	4.266666666666666	0.0	0.19299107276954444	-10.564406957477331	-0.8463484717793647	0.08777325133495807	1.057173623611064
3.200000000000003	0.0	3.200000000000003	0.0	0.13471492847247593	-10.564406957477331	-0.8463544169981343	0.08774636907319264	1.0571783561769077
2.13333333333334	0.0	2.13333333333334	0.0	0.07644279809335723	-10.564406957477331	-0.8463563271947785	0.08773338402858735	1.0573443930447857
1.0666666666666629	0.0	1.0666666666666629	0.0	0.018174124461827576	-10.564406957477331	-0.8463600402736495	0.08769482595811909	1.0571224560964538
0.0	0.0	0.0	0.0	-0.0400916535461	-10.564406957477331	-0.8463557798912459	0.0877214828596062	1.0574351273853957
-1.0666666666666629	0.0	-1.0666666666666629	0.0	-0.09835509941681445	-10.564406957477331	-0.8463585056774684	0.0876807785007734	1.0575906259774042
-2.1333333333333258	0.0	-2.1333333333333258	0.0	-0.156616777366191	-10.564406957477331	-0.8463664254815338	0.08766580813943095	1.0574321118502437
-3.200000000000003	0.0	-3.200000000000003	0.0	-0.21487725067681432	-10.564406957477331	-0.846342590949246	0.0876025140955617	1.0572437535833743
-4.266666666666666	0.0	-4.266666666666666	0.0	-0.27313708001714876	-10.564406957477331	-0.8463657386692569	0.08758949685663098	1.0573845286372012
-5.333333333333329	0.0	-5.333333333333329	0.0	-0.331396821754486	-10.564406957477331	-0.8463516268232604	0.08756442820853358	1.0571604454005061
-6.400000000000006	0.0	-6.400000000000006	0.0	-0.3896570262734731	-10.564406957477331	-0.8463649123482365	0.08748808473140816	1.0570089389048554
-7.466666666666669	0.0	-7.466666666666669	0.0	-0.4479182363120456	-10.564406957477331	-0.8463544706553431	0.08749378312701596	1.0572911436304624
-8.533333333333331	0.0	-8.533333333333331	0.0	-0.506180985326591	-10.564329122329791	-0.8463581622713302	0.08747220219751077	1.0572782659002762
-9.599999999999994	0.0	-9.599999999999994	0.0	-0.564445795898144	-10.564395217279978	-0.8463491907859665	0.08745125442307326	1.0574023106363024
-10.666666666666671	0.0	-10.666666666666671	0.0	-0.6227131781914472	-10.564406957477331	-0.8463616070641551	0.08737866695058577	1.0570592049783527
-11.733333333333334	0.0	-11.733333333333334	0.0	-0.6809836284786798	-10.564406957477331	-0.8463511224454947	0.08738670480051076	1.0574529201159364
-12.799999999999997	0.0	-12.799999999999997	0.0	-0.7392576277396917	-10.564406957477331	-0.8463618216929916	0.0873315881153103	1.0572852628003433
-13.86666666666666	0.0	-13.86666666666666	0.0	-0.7975356403505398	-10.564406957477331	-0.8463688722502689	0.0872769114192245	1.0572443223497912
-14.933333333333337	0.0	-14.933333333333337	0.0	-0.8558181128721578	-10.564406957477331	-0.8463723277745363	0.0872863443565866	1.0573046974414841
-16.0	0.0	-16.0	0.0	-0.9141054729509707	-10.564406957477331	-0.8463615641383879	0.0872025317959526	1.0571351084663638
-17.066666666666663	0.0	-17.066666666666663	0.0	-0.9723981283432802	-10.564406957477331	-0.8463572822931009	0.0871792660300814	1.0571063911280463
-18.133333333333326	0.0	-18.133333333333326	0.0	-1.0306964660752267	-10.564406957477331	-0.8463583125115162	0.08714956139911668	1.0570642809503341
-19.200000000000003	0.0	-19.200000000000003	0.0	-1.0890008517501555	-10.564406957477331	-0.8463631953175446	0.0871169163530926	1.056902933722533
-20.266666666666666	0.0	-20.266666666666666	0.0	-1.147311629015197	-10.564406957477331	-0.8463654596517697	0.08707968898141015	1.0569292472178808
-21.33333333333333	0.0	-21.33333333333333	0.0	-1.2056291191988913	-10.564358891349409	-0.8463618646187592	0.08706285134919067	1.0568667258378237
-22.400000000000006	0.0	-22.400000000000006	0.0	-1.263953621131659	-10.564406957477331	-0.8463670049793919	0.08702271575677441	1.056860254778405
-23.46666666666667	0.0	-23.46666666666667	0.0	-1.322285411160945	-10.56440100152712	-0.846356938886963	0.08700006168308713	1.0569251263442216
-24.53333333333333	0.0	-24.53333333333333	0.0	-1.3806247433728562	-10.564394036821376	-0.846359675404627	0.08696428305605075	1.0566075293234836
-25.599999999999994	0.0	-25.599999999999994	0.0	-1.438971850032102	-10.564397374299785	-0.8463521526639094	0.08694770297843496	1.0566354203407808
-26.66666666666667	0.0	-26.66666666666667	0.0	-1.497326942252062	-10.564356680672393	-0.846365803057908	0.08691250384925707	1.056868904320514
-27.733333333333334	0.0	-27.733333333333334	0.0	-1.555690210906793	-10.564350960813902	-0.8463488473798282	0.08689216776700345	1.056610759487473
-28.799999999999997	0.0	-28.799999999999997	0.0	-1.614061827796803	-10.564362636622604	-0.8463489117684793	0.08688994635854609	1.056864622475226
-29.86666666666666	0.0	-29.86666666666666	0.0	-1.6724419470803977	-10.564406957477331	-0.8463423119317585	0.08685251508946921	1.0567187714494164
-30.933333333333337	0.0	-30.933333333333337	0.0	-1.7308307069824265	-10.564380386427379	-0.8463558550113387	0.08679150684270816	1.056491071716826
-32.0	0.0	-32.0	0.0	-1.7892282317922377	-10.56437566459298	-0.8463484395850395	0.08675969884914611	1.0563150224137279
-33.06666666666666	0.0	-33.06666666666666	0.0	-1.8476346341626735	-10.564330174011094	-0.8463534297054867	0.08673590724262562	1.0564831733756446
-34.133333333333326	0.0	-34.133333333333326	0.0	-1.9060500177219062	-10.564402943918088	-0.8463598685705799	0.08672781573549143	1.056488603485207
-35.2	0.0	-35.2	0.0	-1.9644744800099465	-10.564395034845468	-0.8463593856556977	0.08667415852637884	1.0561425896065233
-36.266666666666666	0.0	-36.266666666666666	0.0	-2.0229081157516333	-10.564396558710202	-0.8463655025775371	0.0866684815936547	1.056378252068946
-37.33333333333333	0.0	-37.33333333333333	0.0	-2.0813510204779293	-10.564379002071387	-0.8463472269321134	0.08663196249713268	1.0563347575352382
-38.39999999999999	0.0	-38.39999999999999	0.0	-2.139803294507338	-10.564358226000016	-0.8463558550113386	0.08660710847787172	1.05647295704303
-39.46666666666667	0.0	-39.46666666666667	0.0	-2.1982650472992535	-10.56433535729749	-0.8463474093666243	0.08655883845255398	1.0563378911162513
-40.53333333333333	0.0	-40.53333333333333	0.0	-2.256736402191068	-10.564347204809264	-0.846361628527039	0.08654493050395201	1.0564534258189116
-41.599999999999994	0.0	-41.599999999999994	0.0	-2.315217501530861	-10.564393607563701	-0.8463563808519878	0.08651540830749821	1.0564956755053683
-42.66666666666667	0.0	-42.66666666666667	0.0	-2.37370851221747	-10.564372348577454	-0.8463474630238335	0.08651651364600597	1.0565668893533027
-43.733333333333334	0.0	-43.733333333333334	0.0	-2.432209631659771	-10.564377853807114	-0.8463557584283622	0.08649682145026169	1.0566761568939405
-44.8	0.0	-44.8	0.0	-2.4907210941669966	-10.564406957477331	-0.846357271561659	0.08646391884963382	1.0565191344371918
-45.86666666666666	0.0	-45.86666666666666	0.0	-2.549243177781886	-10.564406957477331	-0.8463726282549068	0.08642854801738675	1.0564093410559063
-46.93333333333334	0.0	-46.93333333333334	0.0	-2.6077762115685053	-10.564357925519644	-0.8463470874233695	0.08640692416211435	1.0562330985868542
-48.0	0.0	-48.0	0.0	-2.666320583366545	-10.564393940238398	-0.8463479030129484	0.08639442203239107	1.0563128331995952
-49.06666666666666	0.0	-49.06666666666666	0.0	-2.724876748023921	-10.564376930903116	-0.846351830720655	0.08639394984895091	1.0561982750581405
-50.133333333333326	0.0	-50.133333333333326	0.0	-2.7834452361194826	-10.564394251450217	-0.8463323638851888	0.08638626613660598	1.0564539087337943
-51.19999999999999	0.0	-51.19999999999999	0.0	-2.842026663187659	-10.564397395762668	-0.8463641933416344	0.08637200405042388	1.0563406383653575
-52.26666666666665	0.0	-52.26666666666665	0.0	-2.9006217394568647	-10.564337095791066	-0.8463545994326458	0.08636117602562488	1.056174987829385
-53.33333333333334	0.0	-53.33333333333334	0.0	-2.9592312801134577	-10.564352033958084	-0.8463593856556983	0.08636238867855088	1.0562246851364647
-54.400000000000006	0.0	-54.400000000000006	0.0	-3.0178562161030937	-10.564394283644543	-0.8463550716160853	0.08636715343872009	1.0562698752379795
-55.46666666666667	0.0	-55.46666666666667	0.0	-3.076497605481298	-10.564379087922921	-0.8463456923359328	0.08638094334146201	1.0565797885463721
-56.53333333333333	0.0	-56.53333333333333	0.0	-3.135156645325031	-10.56438086934226	-0.8463417324339002	0.08638473154042535	1.056452739006636
-57.599999999999994	0.0	-57.599999999999994	0.0	-3.193834684217122	-10.564371275433276	-0.8463497810152671	0.08638193063410972	1.0566205894881813
-58.66666666666666	0.0	-58.66666666666666	0.0	-3.25253323531534	-10.564363838544091	-0.8463539984719032	0.086401322349483	1.0567298999545864
-59.73333333333332	0.0	-59.73333333333332	0.0	-3.311253990017958	-10.564393017334405	-0.8463671444881353	0.08636830170299509	1.0564989378636824
-60.80000000000001	0.0	-60.80000000000001	0.0	-3.3699988322376004	-10.56439316757459	-0.8463489117684793	0.08635669028294314	1.056376899907276
-61.866666666666674	0.0	-61.866666666666674	0.0	-3.4287698532951953	-10.564361520552655	-0.8463441255454264	0.08634886706185449	1.0563163638439554
-62.93333333333334	0.0	-62.93333333333334	0.0	-3.4875693674458788	-10.564326890189891	-0.8463539555461363	0.08634487496549648	1.0563247880257864
-64.0	0.0	-64.0	0.0	-3.546399928048623	-10.564290800351044	-0.846352549727257	0.08640582955504841	1.0567233752379588
-65.06666666666666	0.0	-65.06666666666666	0.0	-3.605264344391439	-10.56438310148216	-0.8463400154032087	0.08635806390749641	1.0566472463896688
-66.13333333333333	0.0	-66.13333333333333	0.0	-3.6641656991839646	-10.564359824984846	-0.8463578081337502	0.08638145845066945	1.0567772148815813
-67.19999999999999	0.0	-67.19999999999999	0.0	-3.723107366729244	-10.56435541436226	-0.8463481069103429	0.08639188941212099	1.0567451386019748
-68.26666666666665	0.0	-68.26666666666665	0.0	-3.782093031786535	-10.564355360705044	-0.8463603729483455	0.08637171430149464	1.0567879785177299
-69.33333333333334	0.0	-69.33333333333334	0.0	-3.8411267091369456	-10.564288364313745	-0.846358623723329	0.08635745221531252	1.0566962139587053
-70.4	0.0	-70.4	0.0	-3.9002127638637214	-10.564361155683635	-0.8463490083514563	0.08637626443282738	1.0566422991949902
-71.46666666666667	0.0	-71.46666666666667	0.0	-3.959355932359017	-10.5643474194381	-0.8463347677281575	0.08635307378704889	1.0564861567164718
-72.53333333333333	0.0	-72.53333333333333	0.0	-4.018561344068946	-10.56430756286317	-0.8463654918460949	0.08636266769603827	1.056729223873752
-73.6	0.0	-73.6	0.0	-4.077834543988736	-10.564304600985226	-0.846360362216904	0.08633313476814264	1.0563639255941122
-74.66666666666666	0.0	-74.66666666666666	0.0	-4.137181515919814	-10.564342590289277	-0.8463457889189085	0.08638468861465812	1.0567395689836678
-75.73333333333332	0.0	-75.73333333333332	0.0	-4.19660870650064	-10.56432616045185	-0.8463521526639097	0.08634262136271381	1.056542303620087
-76.80000000000001	0.0	-76.80000000000001	0.0	-4.256123050023082	-10.564318777219867	-0.8463513478057731	0.08635427570853306	1.056760334323595
-77.86666666666667	0.0	-77.86666666666667	0.0	-4.315731994046186	-10.564340411806588	-0.8463510902511692	0.08638733928078826	1.0567686082652403
-78.93333333333334	0.0	-78.93333333333334	0.0	-4.375443525819141	-10.564304568790897	-0.8463696878398475	0.08635170016249565	1.0568628195929992
-80.0	0.0	-80.0	0.0	-4.435266199525242	-10.564357163587276	-0.8463554794108749	0.08639519469620231	1.0569723768825663
-80.0	0.0	-80.0	0.0	-4.380060909566294	-10.564395045576907	-0.8456770591217385	0.08638134040480948	1.056943992218946
-78.93333333333334	0.0	-78.93333333333334	0.0	-4.318197730509417	-10.564386406766241	-0.8463458103817928	0.0863542327827658	1.0566570120017278
-77.86666666666666	0.0	-77.86666666666666	0.0	-4.256627645195748	-10.564353772451657	-0.846347924475832	0.08638898119138708	1.0566423421207556
-76.8	0.0	-76.8	0.0	-4.195328882143961	-10.564366854079239	-0.8463469586460676	0.08636111163697395	1.0564728389971692
-75.73333333333333	0.0	-75.73333333333333	0.0	-4.1342809326230165	-10.564371683228064	-0.8463531184936738	0.08636018873297722	1.056564657213403
-74.66666666666667	0.0	-74.66666666666667	0.0	-4.073464498932334	-10.564371082267321	-0.8463475381439258	0.08633623615482935	1.0563948106836774
-73.6	0.0	-73.6	0.0	-4.012861444010001	-10.564337385539995	-0.8463508219651236	0.08634408083880164	1.0565157540330177
-72.53333333333333	0.0	-72.53333333333333	0.0	-3.9524547423527756	-10.564354341218072	-0.8463527750875357	0.0863676470850439	1.0564266723344486
-71.46666666666667	0.0	-71.46666666666667	0.0	-3.8922284322315646	-10.564384496569598	-0.8463465723141621	0.08637956971690874	1.056625880089001
-70.4	0.0	-70.4	0.0	-3.832167569186148	-10.56436406390436	-0.8463380300864717	0.08635786001010173	1.0566464844572996
-69.33333333333333	0.0	-69.33333333333333	0.0	-3.7722581807828357	-10.564348299416332	-0.8463458747704437	0.0863768546621276	1.0567061083480658
-68.26666666666667	0.0	-68.26666666666667	0.0	-3.712487222618799	-10.564385258501964	-0.8463427411894314	0.08636771147369482	1.056459971998425
-67.2	0.0	-67.2	0.0	-3.652842535556789	-10.56436798088063	-0.8463420543771548	0.08634026044551284	1.0563156019115862
-66.13333333333333	0.0	-66.13333333333333	0.0	-3.5933128041739804	-10.564288010176167	-0.8463441577397519	0.0863777668346825	1.0565056020890533
-65.06666666666666	0.0	-65.06666666666666	0.0	-3.533887516408651	-10.564315214381185	-0.8463688937131526	0.08635541324136624	1.0565190807799831
-64.0	0.0	-64.0	0.0	-3.474556924388418	-10.564253809071085	-0.8463702673377063	0.08634313647192124	1.056457664738432
-62.93333333333334	0.0	-62.93333333333334	0.0	-3.4153120064237723	-10.564312048605856	-0.8463460786678384	0.08636920314410818	1.056586860566534
-61.86666666666667	0.0	-61.86666666666667	0.0	-3.356144430150613	-10.564362057124747	-0.84636122073225	0.08631895853349514	1.0563724463589201
-60.8	0.0	-60.8	0.0	-3.2970465168055205	-10.564293794423314	-0.846359450044349	0.08636330085110579	1.0564945272410917
-59.733333333333334	0.0	-59.733333333333334	0.0	-3.2380112066174873	-10.5642858638878	-0.846350135152847	0.08637978434574517	1.0567663439310162
-58.66666666666667	0.0	-58.66666666666667	0.0	-3.179032025299821	-10.564302787371558	-0.8463414534164129	0.08634856658148349	1.0566432435618691
-57.6	0.0	-57.6	0.0	-3.1201030516259602	-10.564337750409017	-0.8463434816589168	0.08631598592411026	1.0560949527362735
-56.53333333333333	0.0	-56.53333333333333	0.0	-3.061218886072913	-10.564286421922784	-0.8463630128830338	0.08636626272904877	1.0565014919468356
-55.46666666666667	0.0	-55.46666666666667	0.0	-3.002374620516045	-10.564383348305324	-0.8463569603498462	0.08636982556773386	1.0564765306131565
-54.4	0.0	-54.4	0.0	-2.943565808958942	-10.564316427034122	-0.8463624763109431	0.0863343688839522	1.056452459989149
-53.33333333333333	0.0	-53.33333333333333	0.0	-2.884788439282071	-10.564287012152086	-0.8463632167804289	0.08633785660254464	1.0564174969516908
-52.266666666666666	0.0	-52.266666666666666	0.0	-2.826038905993961	-10.564324228792321	-0.8463421724230146	0.08636696027276727	1.0563443085184612
-51.2	0.0	-51.2	0.0	-2.7673139839686236	-10.564369708642767	-0.8463566491380335	0.08633672980115317	1.0563309264105085
-50.13333333333333	0.0	-50.13333333333333	0.0	-2.7086108031529483	-10.564387351133123	-0.8463561340288257	0.08633476594729972	1.0562650353577183
-49.06666666666666	0.0	-49.06666666666666	0.0	-2.649926824227785	-10.564379130848687	-0.8463601475880673	0.08637407521869561	1.0564567203715527
-48.0	0.0	-48.0	0.0	-2.591259815206436	-10.564309623299996	-0.8463566384065914	0.08635317037002527	1.0562553985229621
-46.93333333333334	0.0	-46.93333333333334	0.0	-2.532607828954294	-10.564311479839434	-0.8463546530898545	0.08634651687609535	1.0562828924769112
-45.86666666666667	0.0	-45.86666666666667	0.0	-2.473969181613334	-10.564289898909928	-0.8463473986351825	0.08636398766338241	1.0564707463660152
-44.8	0.0	-44.8	0.0	-2.415342431915193	-10.564372788566565	-0.8463491156658742	0.08635245136342323	1.0563752472652355
-43.733333333333334	0.0	-43.733333333333334	0.0	-2.356726361366558	-10.564343888793744	-0.846364805033819	0.08633644005222398	1.0560750888374597
-42.666666666666664	0.0	-42.666666666666664	0.0	-2.29811995529058	-10.56432946573593	-0.8463630987345687	0.08633644005222395	1.0561920722847669
-41.6	0.0	-41.6	0.0	-2.2395223847080508	-10.564218996273812	-0.8463532472709758	0.08632816611057884	1.0562736527055014
-40.53333333333333	0.0	-40.53333333333333	0.0	-2.180932989042046	-10.56433053888011	-0.8463518199892129	0.08639824242567996	1.0563310337249268
-39.46666666666667	0.0	-39.46666666666667	0.0	-2.122351259629783	-10.564352935399198	-0.8463536228714393	0.08633494838181072	1.0562290528332872
-38.4	0.0	-38.4	0.0	-2.0637768240253935	-10.564378723053897	-0.8463405305124156	0.08632449595747556	1.0563151619224729
-37.333333333333336	0.0	-37.333333333333336	0.0	-2.0052094310773465	-10.56427102230377	-0.8463564988978477	0.08637583517515449	1.0563281469670776
-36.266666666666666	0.0	-36.266666666666666	0.0	-1.946648936764245	-10.564312585177943	-0.846347838624297	0.08640211647617795	1.0565249616101018
-35.2	0.0	-35.2	0.0	-1.8880952907727155	-10.564319946947034	-0.8463532472709758	0.08636026385307005	1.056260131088804
-34.13333333333333	0.0	-34.13333333333333	0.0	-1.8295485238011158	-10.564392888557103	-0.84635539355934	0.08636631638625789	1.05647508186851
-33.06666666666667	0.0	-33.06666666666667	0.0	-1.771008735572786	-10.564293279314104	-0.8463533009281846	0.08638430228275244	1.0563247236371354
-32.0	0.0	-32.0	0.0	-1.7124760835425616	-10.564336795310695	-0.8463473127836479	0.08639194306933015	1.056616586660382
-30.933333333333337	0.0	-30.933333333333337	0.0	-1.6539507722802793	-10.564392545150966	-0.8463589456665833	0.08638549347279477	1.056507898617604
-29.866666666666667	0.0	-29.866666666666667	0.0	-1.5954330435149888	-10.564384249746434	-0.8463413353705527	0.08637920484788675	1.0562758955768432
-28.799999999999997	0.0	-28.799999999999997	0.0	-1.536923166823607	-10.564366381895802	-0.8463592246840709	0.08636832316587874	1.0561393165167674
-27.733333333333334	0.0	-27.733333333333334	0.0	-1.478421430947724	-10.564347172614939	-0.8463550930789694	0.08638629833093148	1.0561121337746315
-26.666666666666664	0.0	-26.666666666666664	0.0	-1.4199281357222944	-10.56431550413012	-0.846356788646777	0.08637807804649542	1.0562501615793514
-25.6	0.0	-25.6	0.0	-1.3614435845999364	-10.56432397123772	-0.846357239367334	0.08639496933592404	1.0563923639149424
-24.53333333333333	0.0	-24.53333333333333	0.0	-1.302968077754553	-10.564343749284996	-0.8463696878398477	0.08640523932574819	1.0564761228183677
-23.46666666666667	0.0	-23.46666666666667	0.0	-1.2445019057480127	-10.564271794967578	-0.8463493195632688	0.08639709416140497	1.0563241977964857
-22.4	0.0	-22.4	0.0	-1.1860453437435996	-10.564309236968095	-0.8463417217024584	0.08638224184592254	1.0561706952526564
-21.333333333333336	0.0	-21.333333333333336	0.0	-1.1275986462499692	-10.564289244291981	-0.8463403588093472	0.08642682025525326	1.0565133716529334
-20.266666666666666	0.0	-20.266666666666666	0.0	-1.0691620423793182	-10.564313733442216	-0.8463522921726537	0.08643313034304499	1.0566649532686763
-19.200000000000003	0.0	-19.200000000000003	0.0	-1.010735731603509	-10.564322297132794	-0.846352871670512	0.08644961383768435	1.0565132428756308
-18.133333333333333	0.0	-18.133333333333333	0.0	-0.9523198799918556	-10.564325473639572	-0.8463421187658061	0.08641035822349752	1.0564811344016989
-17.06666666666667	0.0	-17.06666666666667	0.0	-0.8939146169143085	-10.564345584361547	-0.8463420114513874	0.0864374765769831	1.0564470298795858
-16.0	0.0	-16.0	0.0	-0.8355200321937496	-10.564315332427052	-0.8463367101191268	0.08646353251772815	1.0566012836243428
-14.933333333333337	0.0	-14.933333333333337	0.0	-0.7771361736911329	-10.564348589165261	-0.8463449196721214	0.08647255766030092	1.0566054474237705
-13.866666666666674	0.0	-13.866666666666674	0.0	-0.7187630453071814	-10.564362679548367	-0.8463552647820387	0.08653294348343628	1.0568319774292014
-12.799999999999997	0.0	-12.799999999999997	0.0	-0.6604006053843748	-10.56437436608852	-0.8463477956985295	0.08654711971808378	1.056899971844589
-11.733333333333334	0.0	-11.733333333333334	0.0	-0.6020487654929477	-10.564406957477331	-0.8463530970307902	0.08653797652965099	1.0568096023730025
-10.666666666666671	0.0	-10.666666666666671	0.0	-0.5437073895846136	-10.564406957477331	-0.846349909792569	0.08663116837043783	1.0571576230313067
-9.599999999999994	0.0	-9.599999999999994	0.0	-0.4853762934977529	-10.564406957477331	-0.8463624655795011	0.08660732310670818	1.0569801142521205
-8.533333333333331	0.0	-8.533333333333331	0.0	-0.4270552447977797	-10.564406957477331	-0.84633955395121	0.08665340391789406	1.0569236775995763
-7.466666666666669	0.0	-7.466666666666669	0.0	-0.36874396293640566	-10.564406957477331	-0.8463551574676201	0.08669060982669274	1.0570986752213758
-6.400000000000006	0.0	-6.400000000000006	0.0	-0.31044211971353775	-10.564406957477331	-0.8463446835804017	0.08675405411074757	1.057064506310612
-5.333333333333329	0.0	-5.333333333333329	0.0	-0.2521493400255208	-10.56437621189651	-0.8463494161462453	0.08678450994263982	1.057256770822304
-4.266666666666666	0.0	-4.266666666666666	0.0	-0.1938652028834597	-10.564398619147036	-0.846353515557021	0.08683815642031063	1.0571645984684914
-3.200000000000003	0.0	-3.200000000000003	0.0	-0.1355892426853284	-10.5643989947475	-0.8463657601321405	0.08690042024576491	1.0573774888113674
-2.13333333333334	0.0	-2.13333333333334	0.0	-0.07732095072560852	-10.564379120117241	-0.8463495234606633	0.08692150752894619	1.0574794053143557
-1.0666666666666629	0.0	-1.0666666666666629	0.0	-0.01905977692616606	-10.564400207400425	-0.8463577652079833	0.08693529743168808	1.0571099754296152
0.0	0.0	0.0	0.0	0.0391948682279	-10.564406957477331	-0.8463540306662286	0.08698381428016776	1.0571492847010109
1.0666666666666629	0.0	1.0666666666666629	0.0	0.0974436115637267	-10.564406957477331	-0.8463656850120483	0.08700998826677289	1.0569352460938601
2.1333333333333258	0.0	2.1333333333333258	0.0	0.1556871149237345	-10.564406957477331	-0.8463472054692296	0.0870574319710703	1.0570308310461736
3.200000000000003	0.0	3.200000000000003	0.0	0.2139260727125422	-10.564399499125267	-0.8463689151760373	0.0870802684792686	1.05686876481177
4.266666666666666	0.0	4.266666666666666	0.0	0.27216120930401666	-10.564360898129028	-0.8463561447602673	0.08709655880795523	1.056496791575317
5.333333333333329	0.0	5.333333333333329	0.0	0.33039327632474647	-10.564406957477331	-0.8463594715072332	0.08711778559988018	1.056432488775917
6.400000000000006	0.0	6.400000000000006	0.0	0.38862304983020113	-10.564406957477331	-0.8463607807431351	0.08713520272995813	1.0565952310911564
7.466666666666669	0.0	7.466666666666669	0.0	0.44685132738985966	-10.564406957477331	-0.8463508219651237	0.08721498026846676	1.0566608431264581
8.533333333333331	0.0	8.533333333333331	0.0	0.5050789250975919	-10.564406957477331	-0.8463613173152263	0.08719901188303482	1.0564588881228
9.599999999999994	0.0	9.599999999999994	0.0	0.5633066745235548	-10.564406957477331	-0.8463498990611269	0.08727320907179577	1.0567464800322026
10.666666666666671	0.0	10.666666666666671	0.0	0.621535419623892	-10.564406957477331	-0.8463409383072051	0.08722984331539095	1.0563161062893525
11.733333333333334	0.0	11.733333333333334	0.0	0.6797660136245051	-10.564406957477331	-0.8463536872600896	0.08725252958340372	1.0563704610421834
12.799999999999997	0.0	12.799999999999997	0.0	0.7379993158951843	-10.564406957477331	-0.8463685395755728	0.08729651776343425	1.0562694567117494
13.86666666666666	0.0	13.86666666666666	0.0	0.7962361888303604	-10.564406957477331	-0.8463663503614407	0.08729378124576953	1.0563627344040707
14.933333333333337	0.0	14.933333333333337	0.0	0.8544774947527677	-10.564406957477331	-0.8463605339199729	0.08734792136976421	1.0563952506727927
16.0	0.0	16.0	0.0	0.9127240928562825	-10.564406957477331	-0.8463692156564074	0.08735586263671286	1.05631232882183
17.066666666666663	0.0	17.066666666666663	0.0	0.9709768362042303	-10.564406957477331	-0.8463534940941376	0.08735913572646871	1.0563638719369028
18.133333333333326	0.0	18.133333333333326	0.0	1.0292365687994187	-10.564406957477331	-0.8463609524462039	0.08737013545433679	1.056181748637734
19.200000000000003	0.0	19.200000000000003	0.0	1.0875041227421884	-10.564406957477331	-0.8463388027502826	0.08740802817541214	1.0561833905483327
20.266666666666666	0.0	20.266666666666666	0.0	1.1457803154927464	-10.564406957477331	-0.8463446299231921	0.08743654161633455	1.0561332532521384
21.33333333333333	0.0	21.33333333333333	0.0	1.2040659472540736	-10.564406957477331	-0.8463537194544161	0.08743881668200094	1.0561002218742082
22.400000000000006	0.0	22.400000000000006	0.0	1.2623617984916657	-10.564406957477331	-0.8463611563435991	0.0874694227540788	1.0562393442859948
23.46666666666667	0.0	23.46666666666667	0.0	1.3206686276063948	-10.564406957477331	-0.8463523565613044	0.08750067271266601	1.0561573453390298
24.53333333333333	0.0	24.53333333333333	0.0	1.3789871687767694	-10.564406957477331	-0.8463574325332864	0.08752026832543396	1.055995064475789
25.599999999999994	0.0	25.599999999999994	0.0	1.4373181299868607	-10.564406957477331	-0.8463493195632685	0.08754707546710654	1.0562584247895555
26.66666666666667	0.0	26.66666666666667	0.0	1.4956621912561816	-10.564406957477331	-0.8463650518569809	0.08754959735593486	1.0560605906595577
27.733333333333334	0.0	27.733333333333334	0.0	1.5540200030877847	-10.564406957477331	-0.8463550823475277	0.08757395772887204	1.055953297704216
28.799999999999997	0.0	28.799999999999997	0.0	1.6123921851508696	-10.564406957477331	-0.8463528931333956	0.08768621934177745	1.0565813875312042
29.86666666666666	0.0	29.86666666666666	0.0	1.670779325214162	-10.564406957477331	-0.8463441899340771	0.08765523766923573	1.0562340107594088
30.933333333333337	0.0	30.933333333333337	0.0	1.7291819783463485	-10.564406957477331	-0.8463566169437078	0.08768598325005734	1.0561735176218559
32.0	0.0	32.0	0.0	1.7876006663998416	-10.564406957477331	-0.8463676274030183	0.0877630242709013	1.0565761398561528
33.06666666666666	0.0	33.06666666666666	0.0	1.8460358777941588	-10.564406957477331	-0.8463594715072326	0.08772851195400001	1.0561710279273526
34.133333333333326	0.0	34.133333333333326	0.0	1.9044880676151767	-10.564406957477331	-0.8463586344547701	0.08775228209763687	1.056182478375778
35.2	0.0	35.2	0.0	1.9629576580465535	-10.564406957477331	-0.8463515838974935	0.08776337840848138	1.055872071421061
36.266666666666666	0.0	36.266666666666666	0.0	2.021445039149582	-10.564406957477331	-0.8463436748248698	0.08780188282174063	1.0562638334362342
37.33333333333333	0.0	37.33333333333333	0.0	2.079950570007767	-10.564406957477331	-0.8463674556999485	0.08780628271288783	1.0561158253906178
38.39999999999999	0.0	38.39999999999999	0.0	2.1384745802523812	-10.564406957477331	-0.8463563271947788	0.08784110624160191	1.0563673811183802
39.46666666666667	0.0	39.46666666666667	0.0	2.1970173719853	-10.564406957477331	-0.846358505677469	0.08780282718862098	1.0560770741541972
40.53333333333333	0.0	40.53333333333333	0.0	2.2555792221153697	-10.564406957477331	-0.8463499849126616	0.08782526663347187	1.0561883592058963
41.599999999999994	0.0	41.599999999999994	0.0	2.3141603851246044	-10.564406957477331	-0.8463522707097699	0.0878651124769589	1.0564630411907863
42.66666666666667	0.0	42.66666666666667	0.0	2.3727610962804784	-10.564406957477331	-0.8463511653712622	0.08789834775228325	1.05654462161152
43.733333333333334	0.0	43.733333333333334	0.0	2.4313815753105863	-10.564406957477331	-0.8463610704920643	0.08783835899249533	1.0562363502137273
44.8	0.0	44.8	0.0	2.490022030555963	-10.564406957477331	-0.8463464971940695	0.08785178402621531	1.0562275933571985
45.86666666666666	0.0	45.86666666666666	0.0	2.548682663619322	-10.564406957477331	-0.8463512297599131	0.08784079502978909	1.0560795638486993
46.93333333333334	0.0	46.93333333333334	0.0	2.607363674524507	-10.564402579049068	-0.84635851640891	0.08786026186525513	1.056209060157172
48.0	0.0	48.0	0.0	2.6660652674034075	-10.564406957477331	-0.8463601797823928	0.08784975578371088	1.0563337595111504
49.06666666666666	0.0	49.06666666666666	0.0	2.724787656726653	-10.564406957477331	-0.8463678098375286	0.08785183768342446	1.0560213243139287
50.133333333333326	0.0	50.133333333333326	0.0	2.783531074094322	-10.564406957477331	-0.8463633348262886	0.08782900117522609	1.0561053729662833
51.19999999999999	0.0	51.19999999999999	0.0	2.8422957756029708	-10.564406957477331	-0.846364912348237	0.08783249962526027	1.0559908040933852
52.26666666666665	0.0	52.26666666666665	0.0	2.901082049805243	-10.564406957477331	-0.8463560267144071	0.08784723389488251	1.056039149238796
53.33333333333334	0.0	53.33333333333334	0.0	2.9598902262783517	-10.564406957477331	-0.8463769208316358	0.08787237766307272	1.056175299041198
54.400000000000006	0.0	54.400000000000006	0.0	3.0187206848176857	-10.564406957477331	-0.84634391091659	0.08782421495217324	1.0559354620479062
55.46666666666667	0.0	55.46666666666667	0.0	3.0775738652718507	-10.564406957477331	-0.8463480425216923	0.08786950163666432	1.0561168985347995
56.53333333333333	0.0	56.53333333333333	0.0	3.13645027803539	-10.564406957477331	-0.8463450377179815	0.08783106161205602	1.0558557918238158
57.599999999999994	0.0	57.599999999999994	0.0	3.195350515215478	-10.564406957477331	-0.8463511009826109	0.08784693341451152	1.055937415170319
58.66666666666666	0.0	58.66666666666666	0.0	3.2542752624888656	-10.564406957477331	-0.8463606626972751	0.08786649683295401	1.0562418339804978
59.73333333333332	0.0	59.73333333333332	0.0	3.3132253116653385	-10.564406957477331	-0.8463733794558347	0.08784960554352535	1.0561367302392886
60.80000000000001	0.0	60.80000000000001	0.0	3.372201573973985	-10.564406957477331	-0.8463459498905366	0.08787341861292954	1.0561565190180089
61.866666666666674	0.0	61.866666666666674	0.0	3.431205094088528	-10.564406957477331	-0.8463507790393564	0.08785369422285973	1.056067984622974
62.93333333333334	0.0	62.93333333333334	0.0	3.490237064908026	-10.564372230531589	-0.8463623368021996	0.0878369102478493	1.0560086934069042
64.0	0.0	64.0	0.0	3.549298843109189	-10.564406957477331	-0.8463499205240104	0.08788755192180986	1.0561356034378955
65.06666666666666	0.0	65.06666666666666	0.0	3.6083919654866037	-10.564406957477331	-0.8463546423584123	0.08785163378602986	1.0561101269950097
66.13333333333333	0.0	66.13333333333333	0.0	3.667518166097146	-10.564406957477331	-0.8463584520202595	0.08782637197197958	1.055870397316137
67.19999999999999	0.0	67.19999999999999	0.0	3.7266793942248477	-10.564406957477331	-0.8463627553284302	0.08786227937631773	1.055973934266841
68.26666666666665	0.0	68.26666666666665	0.0	3.7858778331825	-10.564406957477331	-0.8463485576308986	0.08786308423445444	1.055941439461001
69.33333333333334	0.0	69.33333333333334	0.0	3.845115919966272	-10.564406957477331	-0.8463654167260024	0.08784955188631621	1.056135313688967
70.4	0.0	70.4	0.0	3.9043963657796077	-10.564406957477331	-0.8463534618998121	0.08782474079282265	1.0558082622679845
71.46666666666667	0.0	71.46666666666667	0.0	3.9637221774427083	-10.564406957477331	-0.846346615239929	0.08787100403851948	1.05625734091393
72.53333333333333	0.0	72.53333333333333	0.0	4.023096679703835	-10.564406957477331	-0.8463526892360008	0.08784751291236997	1.056027537818744
73.6	0.0	73.6	0.0	4.082523538468745	-10.564406957477331	-0.8463689688332459	0.08785057137328935	1.0562296859883549
74.66666666666666	0.0	74.66666666666666	0.0	4.142006784964515	-10.564406957477331	-0.8463635816494507	0.0878549927273202	1.0559334874626116
75.73333333333332	0.0	75.73333333333332	0.0	4.201550840854042	-10.564344532680252	-0.8463486112881082	0.08787256009758378	1.0559655744736611
76.80000000000001	0.0	76.80000000000001	0.0	4.261160544317486	-10.564406957477331	-0.8463552218562707	0.08786104526050814	1.056058862897424
77.86666666666667	0.0	77.86666666666667	0.0	4.320841177116942	-10.564406957477331	-0.8463536979915324	0.08784187890541312	1.0559829057522037
78.93333333333334	0.0	78.93333333333334	0.0	4.380598492660622	-10.564406957477331	-0.8463552003933876	0.08785107575105501	1.056041756979158
80.0	0.0	80.0	0.0	4.440438745082791	-10.564406957477331	-0.8463556618453861	0.08784785631850828	1.0560304567709193
