Hysterese	V-MOKE
Charge	2020_0446
Sample	1
Sample State	bFC
User	Meike Reginka
Sample Angle	100.0
Magnetic Field Angle	0.0
Detektor Averages	300
Hysteresus Points	150
Magnetic Field [kA/m]	80
Hysteresis Averages	100
Polarization	p-polarization
Measurement Method	Scan Both Angles
Max Voltage Correction	No
Training Effect Elimination	No
Magnetic field [kA/m]	Magnetic field transversal [kA/m]	Magnetic field longitudinal [kA/m]	Magnetic field transversal [V]	Magnetic field longitudinal [V]	Detector diff transversal [V]	Detector diff longitudinal [V]	Detector raw transversal [V]	Detector raw longitudinal [V]
80.0	0.0	80.0	0.0	4.381030188287403	-8.926076152994336	-0.8454628488115187	0.12145079083970436	1.6344020825622596
78.93333333333334	0.0	78.93333333333334	0.0	4.319818714176459	-8.927001857897386	-0.8465654615330159	0.12143425368785586	1.6343534047421542
77.86666666666666	0.0	77.86666666666666	0.0	4.258793669369702	-8.930464604424595	-0.8465549232571462	0.1214097323432914	1.634064750420011
76.8	0.0	76.8	0.0	4.197942654193435	-8.928043698463846	-0.8465460483547591	0.12143468294552875	1.6342080473626672
75.73333333333333	0.0	75.73333333333333	0.0	4.137253993604595	-8.932096781605699	-0.846557048082627	0.12140306811791957	1.6341282483612753
74.66666666666667	0.0	74.66666666666667	0.0	4.0767167056162315	-8.93146238169092	-0.8465666956488258	0.12140535391502782	1.63399926716201
73.6	0.0	73.6	0.0	4.0163204706037074	-8.929058109465	-0.8465602889780574	0.1214277826284369	1.633918491599413
72.53333333333333	0.0	72.53333333333333	0.0	3.9560556014798554	-8.935104826211434	-0.8465331276988048	0.12138650950318743	1.633577864904524
71.46666666666667	0.0	71.46666666666667	0.0	3.89591301472721	-8.93578368648969	-0.8465591943709916	0.12136038917379144	1.6335219540926278
70.4	0.0	70.4	0.0	3.8358842022755653	-8.931876271939128	-0.8465574988031835	0.12140321835810514	1.6337724796019748
69.33333333333333	0.0	69.33333333333333	0.0	3.775961204212982	-8.931144033469254	-0.8465429576995142	0.12142722459346209	1.6341052938072167
68.26666666666667	0.0	68.26666666666667	0.0	3.716136582318465	-8.930746079412154	-0.8465579817180651	0.12141921893786244	1.6340227046309508
67.2	0.0	67.2	0.0	3.6564033944044745	-8.932282317503374	-0.8465578422093222	0.1214070602142776	1.6339072128540568
66.13333333333333	0.0	66.13333333333333	0.0	3.596755169457454	-8.928827920037907	-0.8465604177553595	0.12141999160167369	1.6339120098085507
65.06666666666666	0.0	65.06666666666666	0.0	3.5371858835645753	-8.929544007687849	-0.846556865648116	0.12141068744161354	1.6337967433919358
64.0	0.0	64.0	0.0	3.4776899366148504	-8.92769503391904	-0.8465540325474753	0.12142512123086491	1.6343340988783155
62.93333333333334	0.0	62.93333333333334	0.0	3.4182621297628257	-8.93139754231942	-0.8465487741409818	0.12140895967948012	1.6340519800042426
61.86666666666667	0.0	61.86666666666667	0.0	3.3588976436430196	-8.932254812817986	-0.8465495038790263	0.12141198594607419	1.633933665858149
60.8	0.0	60.8	0.0	3.2995920173232944	-8.933565594047954	-0.8465409723827768	0.12138658462328021	1.6338142678364316
59.733333333333334	0.0	59.733333333333334	0.0	3.2403411279853396	-8.933571936330072	-0.846557423683091	0.12138572610793442	1.633796893632121
58.66666666666667	0.0	58.66666666666667	0.0	3.181141171320454	-8.938737387074037	-0.8465546335082172	0.12134335837561908	1.6335895299817849
57.6	0.0	57.6	0.0	3.121988642628807	-8.932875336978487	-0.8465561895672815	0.12140394809614914	1.633766351948694
56.53333333333333	0.0	56.53333333333333	0.0	3.062880318610361	-8.93456574296293	-0.8465676936729152	0.12136583001479546	1.6336367268629204
55.46666666666667	0.0	55.46666666666667	0.0	3.003813239835633	-8.940620132690265	-0.8465686916970045	0.1213363614755508	1.633573593790678
54.4	0.0	54.4	0.0	2.9447846938844906	-8.935978708981933	-0.8465627572096767	0.12135801752514866	1.633714304455855
53.33333333333333	0.0	53.33333333333333	0.0	2.885792199141142	-8.932489176775942	-0.8465606001898702	0.12138862359722648	1.63377222204737
52.266666666666666	0.0	52.266666666666666	0.0	2.8268334892335334	-8.944419513815992	-0.8465570480826274	0.1213079768119302	1.6332890174164272
51.2	0.0	51.2	0.0	2.7679064981053	-8.9420102943954	-0.8465593124168518	0.12132921433529699	1.6333553269954493
50.13333333333333	0.0	50.13333333333333	0.0	2.7090093457084867	-8.937685802358404	-0.8465575631918344	0.12136630219823566	1.6336159400601094
49.06666666666666	0.0	49.06666666666666	0.0	2.6501403243051973	-8.942832086747282	-0.8465651073954361	0.12130760121146643	1.633101174258767
48.0	0.0	48.0	0.0	2.591297885366365	-8.940516788905507	-0.8465521974709234	0.12133738096252396	1.6334239760287883
46.93333333333334	0.0	46.93333333333334	0.0	2.532480627055822	-8.938497356914787	-0.8465633796333027	0.12134057893218707	1.6334846945266202
45.86666666666667	0.0	45.86666666666667	0.0	2.4736872822878553	-8.939638881844337	-0.84655205796218	0.12133794972894053	1.633346334047203
44.8	0.0	44.8	0.0	2.4149167073464275	-8.942427371881829	-0.8465516501673904	0.12132647781763223	1.6333187005845085
43.733333333333334	0.0	43.733333333333334	0.0	2.356167871054244	-8.940645147681153	-0.8465629933013966	0.12134556905263455	1.6333083018173837
42.666666666666664	0.0	42.666666666666664	0.0	2.2974398444798476	-8.93464696924609	-0.8465522082023651	0.12137936236293365	1.633618268782985
41.6	0.0	41.6	0.0	2.2387317911709355	-8.943010915493812	-0.846574207658101	0.12130433885315244	1.6332975381812351
40.53333333333333	0.0	40.53333333333333	0.0	2.1800429579020566	-8.943784974392472	-0.8465558890869103	0.12130623831835503	1.6333658974656446
39.46666666666667	0.0	39.46666666666667	0.0	2.1213726659248966	-8.934172811220584	-0.846556693945047	0.12140917430831666	1.6335343274450491
38.4	0.0	38.4	0.0	2.0627203027093186	-8.941545204438249	-0.8465618665000056	0.12132024284993338	1.6334658930405466
37.333333333333336	0.0	37.333333333333336	0.0	2.0040853141633432	-8.942448094295983	-0.8465630791529317	0.12132800168237105	1.6333655969852734
36.266666666666666	0.0	36.266666666666666	0.0	1.9454671973202513	-8.941905018951116	-0.8465605465326616	0.12131782827552334	1.6333290456944263
35.2	0.0	35.2	0.0	1.8868654934810003	-8.94228505150037	-0.8465530452548273	0.12133313131156219	1.6332063209257444
34.13333333333333	0.0	34.13333333333333	0.0	1.8282797818001153	-8.938469938080937	-0.8465630684214902	0.12135583904245875	1.6339828695189056
33.06666666666667	0.0	33.06666666666667	0.0	1.7697096733032631	-8.944863688193026	-0.8465603640981505	0.12130124819790748	1.6332837590099356
32.0	0.0	32.0	0.0	1.7111548053246695	-8.938498032995627	-0.8465596343601065	0.12134272522055156	1.6335191317234279
30.933333333333337	0.0	30.933333333333337	0.0	1.652614836352576	-8.941805280930817	-0.8465600743492209	0.12133367861509516	1.6334803375612401
29.866666666666667	0.0	29.866666666666667	0.0	1.5940894412709112	-8.943097689932394	-0.8465649678866921	0.12131546735832241	1.6333599307839908
28.799999999999997	0.0	28.799999999999997	0.0	1.5355783069853621	-8.942957097313075	-0.8465621025917258	0.12131438348269824	1.6333799663858743
27.733333333333334	0.0	27.733333333333334	0.0	1.4770811284220267	-8.942992521802525	-0.846560192395081	0.12132105843951191	1.633347020859479
26.666666666666664	0.0	26.666666666666664	0.0	1.4185976048868278	-8.939253279676764	-0.8465721042955042	0.12133622196680711	1.633857612129953
25.6	0.0	25.6	0.0	1.360127436773878	-8.942887911707647	-0.8465605250697774	0.12131575710725151	1.6335211599659325
24.53333333333333	0.0	24.53333333333333	0.0	1.3016703226109647	-8.943366254995436	-0.8465563398074668	0.12129658002071471	1.6333508090584419
23.46666666666667	0.0	23.46666666666667	0.0	1.243225956430354	-8.949545204568013	-0.8465566080935125	0.12125330011584447	1.633145098050147
22.4	0.0	22.4	0.0	1.1847940254530787	-8.947800851625523	-0.8465530774491522	0.12127103918917712	1.633141384971276
21.333333333333336	0.0	21.333333333333336	0.0	1.1263742080749082	-8.943781347165137	-0.8465612655392637	0.12131143233619707	1.6335756971532749
20.266666666666666	0.0	20.266666666666666	0.0	1.0679661721421683	-8.947214485644343	-0.8465628108668857	0.12127483811958233	1.6336539293641619
19.200000000000003	0.0	19.200000000000003	0.0	1.0095695735056076	-8.944136128631794	-0.8465600743492212	0.12129133234566356	1.6336730527934875
18.133333333333333	0.0	18.133333333333333	0.0	0.9511840548404781	-8.945930854962178	-0.8465614908995417	0.12128797340437301	1.6337494499278242
17.06666666666667	0.0	17.06666666666667	0.0	0.8928092447210244	-8.945244922663772	-0.8465526696543637	0.12129178306622	1.6338593398920855
16.0	0.0	16.0	0.0	0.8344447569375557	-8.94757534110707	-0.8465368837034426	0.12128594516186852	1.6336565049101985
14.933333333333337	0.0	14.933333333333337	0.0	0.7760901900442883	-8.949953879335498	-0.8465586470674586	0.12125974971237975	1.634060028585609
13.866666666666674	0.0	13.866666666666674	0.0	0.7177451271261349	-8.951586485774286	-0.846568112199146	0.12124295500592758	1.6341166584041065
12.799999999999997	0.0	12.799999999999997	0.0	0.6594091357726295	-8.94929344494285	-0.8465619845458654	0.12125495275788513	1.6341691136917362
11.733333333333334	0.0	11.733333333333334	0.0	0.6010817682471681	-8.949648612741411	-0.8465570588140692	0.12126479349003642	1.6344634771409263
10.666666666666671	0.0	10.666666666666671	0.0	0.5427625618397398	-8.956722092378538	-0.8465499224052567	0.12120960168474314	1.634477320700878
9.599999999999994	0.0	9.599999999999994	0.0	0.4844510393913435	-8.963686615686857	-0.84656678150036	0.1211324748123646	1.6340679483896747
8.533333333333331	0.0	8.533333333333331	0.0	0.4261467099782665	-8.962198615426626	-0.8465642381486486	0.12116002242352313	1.6342202490120192
7.466666666666669	0.0	7.466666666666669	0.0	0.36784906974439924	-8.961057079765627	-0.8465427859964452	0.12116271601542059	1.6350114996804779
6.400000000000006	0.0	6.400000000000006	0.0	0.30955760286978407	-8.969296487631025	-0.8465572197856965	0.12111525084823958	1.635180627203601
5.333333333333329	0.0	5.333333333333329	0.0	0.25127178266356687	-8.977735199833926	-0.8465516823617155	0.12102783252315318	1.6346965747887534
4.266666666666666	0.0	4.266666666666666	0.0	0.19299107276954444	-8.983174237955717	-0.8465591407137829	0.12098299655921879	1.6345287457700914
3.200000000000003	0.0	3.200000000000003	0.0	0.13471492847247593	-8.989553489889916	-0.8465598167946172	0.12094038200374146	1.6347681857000347
2.13333333333334	0.0	2.13333333333334	0.0	0.07644279809335723	-8.997569211581947	-0.8465531633006875	0.12088199222878511	1.6348913504578335
1.0666666666666629	0.0	1.0666666666666629	0.0	0.018174124461827576	-9.004929628510524	-0.8465641522971141	0.1208173889490135	1.634791494391675
0.0	0.0	0.0	0.0	-0.0400916535461	-9.009000611697346	-0.8465578636722059	0.12077204860731343	1.6350168117441803
-1.0666666666666629	0.0	-1.0666666666666629	0.0	-0.09835509941681445	-9.01297887522681	-0.8465658585963632	0.12074969501399709	1.635393227797547
-2.1333333333333258	0.0	-2.1333333333333258	0.0	-0.156616777366191	-9.0266840103098	-0.8465575095346256	0.1206400304100127	1.6349820204097918
-3.200000000000003	0.0	-3.200000000000003	0.0	-0.21487725067681432	-9.026716505115637	-0.8465656332360855	0.12063584514770191	1.6349072007974044
-4.266666666666666	0.0	-4.266666666666666	0.0	-0.27313708001714876	-9.035937120901174	-0.8465778670797626	0.1205647600770695	1.635194685392388
-5.333333333333329	0.0	-5.333333333333329	0.0	-0.331396821754486	-9.043398112902516	-0.8465694858236996	0.12049502716810673	1.634814352362757
-6.400000000000006	0.0	-6.400000000000006	0.0	-0.3896570262734731	-9.044680316302916	-0.8465629825699552	0.12047681591133394	1.6350270173453523
-7.466666666666669	0.0	-7.466666666666669	0.0	-0.4479182363120456	-9.053639986349104	-0.8465540218160329	0.12041402624523034	1.6347620043895452
-8.533333333333331	0.0	-8.533333333333331	0.0	-0.506180985326591	-9.064990149449894	-0.8465725872103864	0.12031752912036225	1.634439245545292
-9.599999999999994	0.0	-9.599999999999994	0.0	-0.564445795898144	-9.066864921604846	-0.8465637123079992	0.1202997900470296	1.6346834180410794
-10.666666666666671	0.0	-10.666666666666671	0.0	-0.6227131781914472	-9.07177720690479	-0.8465592480282008	0.12025100491250437	1.6346469526017668
-11.733333333333334	0.0	-11.733333333333334	0.0	-0.6809836284786798	-9.07822826291621	-0.8465740252235905	0.1202143141129132	1.6345240561300147
-12.799999999999997	0.0	-12.799999999999997	0.0	-0.7392576277396917	-9.086169572790647	-0.8465608899387992	0.12016215930565571	1.6346373801556608
-13.86666666666666	0.0	-13.86666666666666	0.0	-0.7975356403505398	-9.090112154276056	-0.8465756671341892	0.1201232685604909	1.6341500546510574
-14.933333333333337	0.0	-14.933333333333337	0.0	-0.8558181128721578	-9.095078719208733	-0.8465709023740199	0.12006972939723834	1.634329226803727
-16.0	0.0	-16.0	0.0	-0.9141054729509707	-9.095609753875879	-0.8465795948418964	0.12007480536922036	1.6345399279324706
-17.066666666666663	0.0	-17.066666666666663	0.0	-0.9723981283432802	-9.100496906139066	-0.846571599917739	0.12001856188262856	1.6345017025366984
-18.133333333333326	0.0	-18.133333333333326	0.0	-1.0306964660752267	-9.109372409487024	-0.8465784358461796	0.11994166037052832	1.6338132912752261
-19.200000000000003	0.0	-19.200000000000003	0.0	-1.0890008517501555	-9.10668227311385	-0.8465780280513904	0.11997045282893815	1.6346527261174666
-20.266666666666666	0.0	-20.266666666666666	0.0	-1.147311629015197	-9.114637544594096	-0.8465784573090631	0.11992700122099872	1.6340560257578094
-21.33333333333333	0.0	-21.33333333333333	0.0	-1.2056291191988913	-9.1210798974062	-0.8465817518617028	0.11986436179508075	1.6339644114389698
-22.400000000000006	0.0	-22.400000000000006	0.0	-1.263953621131659	-9.12495034213967	-0.8465823206281189	0.11982426912843179	1.6339245119382741
-23.46666666666667	0.0	-23.46666666666667	0.0	-1.322285411160945	-9.129975264652986	-0.8465698399612798	0.11978944559971769	1.6337984496911846
-24.53333333333333	0.0	-24.53333333333333	0.0	-1.3806247433728562	-9.126987856609865	-0.8465743578982868	0.11981039337415524	1.6342063410634171
-25.599999999999994	0.0	-25.599999999999994	0.0	-1.438971850032102	-9.135233842849091	-0.8465675541641715	0.11974048876212319	1.6338828954068867
-26.66666666666667	0.0	-26.66666666666667	0.0	-1.497326942252062	-9.13456940562865	-0.8465657083561773	0.11975992340326386	1.6340234343689952
-27.733333333333334	0.0	-27.733333333333334	0.0	-1.555690210906793	-9.143091790883442	-0.8465728984221991	0.11967767763313608	1.633867517250755
-28.799999999999997	0.0	-28.799999999999997	0.0	-1.614061827796803	-9.146388929800441	-0.8465757422542822	0.11966345847272121	1.6335201190160766
-29.86666666666666	0.0	-29.86666666666666	0.0	-1.6724419470803977	-9.145592442188367	-0.8465717072321565	0.11965931613617768	1.633871820558925
-30.933333333333337	0.0	-30.933333333333337	0.0	-1.7308307069824265	-9.1518307044399	-0.846550061914001	0.11962667109015357	1.6339178155185754
-32.0	0.0	-32.0	0.0	-1.7892282317922377	-9.156247551265208	-0.8465771373417187	0.11956917202486844	1.6337077046191333
-33.06666666666666	0.0	-33.06666666666666	0.0	-1.8476346341626735	-9.156342953783014	-0.8465694965551416	0.11956995542012154	1.6339447729004346
-34.133333333333326	0.0	-34.133333333333326	0.0	-1.9060500177219062	-9.161443339795222	-0.8465696467953265	0.11953722452256287	1.6340012417473062
-35.2	0.0	-35.2	0.0	-1.9644744800099465	-9.165751090782969	-0.8465713423631347	0.119505287751699	1.6339986662012675
-36.266666666666666	0.0	-36.266666666666666	0.0	-2.0229081157516333	-9.17042894773628	-0.8465555778750975	0.1194643687640297	1.6338180345725115
-37.33333333333333	0.0	-37.33333333333333	0.0	-2.0813510204779293	-9.174030988378341	-0.846573885714847	0.119425714110585	1.6339166672543015
-38.39999999999999	0.0	-38.39999999999999	0.0	-2.139803294507338	-9.171239482805692	-0.8465794660645949	0.11945262856667589	1.6343478995124985
-39.46666666666667	0.0	-39.46666666666667	0.0	-2.1982650472992535	-9.173597041065374	-0.8465836942526722	0.1194344173099031	1.6341787934522591
-40.53333333333333	0.0	-40.53333333333333	0.0	-2.256736402191068	-9.174787254546448	-0.846585625912201	0.11941785869517096	1.634412116460364
-41.599999999999994	0.0	-41.599999999999994	0.0	-2.315217501530861	-9.180158652390439	-0.84656448497181	0.11937182080975235	1.6340403685841904
-42.66666666666667	0.0	-42.66666666666667	0.0	-2.37370851221747	-9.178299376437481	-0.8465890921679096	0.11939554802762192	1.6338760165526782
-43.733333333333334	0.0	-43.733333333333334	0.0	-2.432209631659771	-9.17883549780805	-0.8465837908356488	0.11939077253601087	1.6342696136444024
-44.8	0.0	-44.8	0.0	-2.4907210941669966	-9.18078030335234	-0.8465869566109872	0.11938993548354875	1.634160346103766
-45.86666666666666	0.0	-45.86666666666666	0.0	-2.549243177781886	-9.18502218475017	-0.8465627464782349	0.11935613144180778	1.6339744131427494
-46.93333333333334	0.0	-46.93333333333334	0.0	-2.6077762115685053	-9.179476143421965	-0.8465762573634893	0.11937422465272052	1.6340955389266003
-48.0	0.0	-48.0	0.0	-2.666320583366545	-9.185976231391075	-0.846581494307099	0.11932939942022786	1.6340183798598966
-49.06666666666666	0.0	-49.06666666666666	0.0	-2.724876748023921	-9.179735457982169	-0.8465734457257318	0.11938930232848122	1.6343094165621226
-50.133333333333326	0.0	-50.133333333333326	0.0	-2.7834452361194826	-9.18360304815212	-0.8465799167851512	0.1193554338980893	1.6341343223573463
-51.19999999999999	0.0	-51.19999999999999	0.0	-2.842026663187659	-9.180378303541666	-0.8465898326373947	0.11937580217466844	1.634266802006646
-52.26666666666665	0.0	-52.26666666666665	0.0	-2.9006217394568647	-9.186468504090364	-0.8465802172655217	0.11932314298964544	1.6338470094654323
-53.33333333333334	0.0	-53.33333333333334	0.0	-2.9592312801134577	-9.184450714010245	-0.8465643669259503	0.11933757677889668	1.6339137483021267
-54.400000000000006	0.0	-54.400000000000006	0.0	-3.0178562161030937	-9.184124199161344	-0.8465703658019283	0.11936008061239844	1.6341343867459976
-55.46666666666667	0.0	-55.46666666666667	0.0	-3.076497605481298	-9.18360680415676	-0.8465634118276278	0.11935224665986802	1.6343859210108767
-56.53333333333333	0.0	-56.53333333333333	0.0	-3.135156645325031	-9.18524158907824	-0.8465795304532453	0.11933501196430109	1.634148369814693
-57.599999999999994	0.0	-57.599999999999994	0.0	-3.193834684217122	-9.17946932895641	-0.8465643240001823	0.11937321589718923	1.6343111013984888
-58.66666666666666	0.0	-58.66666666666666	0.0	-3.25253323531534	-9.18206969681876	-0.8465618986943311	0.11936703458669946	1.634319933375109
-59.73333333333332	0.0	-59.73333333333332	0.0	-3.311253990017958	-9.18797857892642	-0.846585743958061	0.11932279958350701	1.6341504946401728
-60.80000000000001	0.0	-60.80000000000001	0.0	-3.3699988322376004	-9.180137114386701	-0.8465621991747017	0.11937893575568066	1.6344096482287458
-61.866666666666674	0.0	-61.866666666666674	0.0	-3.4287698532951953	-9.1815819205936	-0.8465591407137822	0.11938080302655768	1.6344917544901287
-62.93333333333334	0.0	-62.93333333333334	0.0	-3.4875693674458788	-9.183884211927868	-0.8465710418827638	0.11934404783831568	1.6344357578267
-64.0	0.0	-64.0	0.0	-3.546399928048623	-9.179818175935731	-0.8465764076036753	0.11938611509025987	1.6346102725336167
-65.06666666666666	0.0	-65.06666666666666	0.0	-3.605264344391439	-9.181297676894046	-0.8465666849173834	0.1193810498497197	1.6345986825764482
-66.13333333333333	0.0	-66.13333333333333	0.0	-3.6641656991839646	-9.182993920782838	-0.8465694858236994	0.11934627997821473	1.6345973948034302
-67.19999999999999	0.0	-67.19999999999999	0.0	-3.723107366729244	-9.182721599715142	-0.8465851966545279	0.11935634607064417	1.6345958494758073
-68.26666666666665	0.0	-68.26666666666665	0.0	-3.782093031786535	-9.181145977232447	-0.8465808826149148	0.11936043474997864	1.6346674711185312
-69.33333333333334	0.0	-69.33333333333334	0.0	-3.8411267091369456	-9.179104620906067	-0.8465801958026384	0.11939037547266343	1.63465303732928
-70.4	0.0	-70.4	0.0	-3.9002127638637214	-9.18560373231398	-0.846568294633657	0.119331266691105	1.6342006104734839
-71.46666666666667	0.0	-71.46666666666667	0.0	-3.959355932359017	-9.17906195269339	-0.8465785431605979	0.11939183494875132	1.6347380196170729
-72.53333333333333	0.0	-72.53333333333333	0.0	-4.018561344068946	-9.179049783238366	-0.8465807109118463	0.11939276858418985	1.6348809946164726
-73.6	0.0	-73.6	0.0	-4.077834543988736	-9.176450595834615	-0.8465786397435744	0.11940468048461286	1.6352580867506759
-74.66666666666666	0.0	-74.66666666666666	0.0	-4.137181515919814	-9.172075569438089	-0.8465525945342707	0.11944988131756933	1.6353835587684658
-75.73333333333332	0.0	-75.73333333333332	0.0	-4.19660870650064	-9.173945190500968	-0.8465814621127733	0.11942281662129291	1.6351060436829354
-76.80000000000001	0.0	-76.80000000000001	0.0	-4.256123050023082	-9.181022522725712	-0.8465645278975775	0.1193813717929743	1.635000660924237
-77.86666666666667	0.0	-77.86666666666667	0.0	-4.315731994046186	-9.178010421634966	-0.8465732096340121	0.1193980913793339	1.634972276260616
-78.93333333333334	0.0	-78.93333333333334	0.0	-4.375443525819141	-9.171817853862716	-0.8465720506382947	0.11945277880686143	1.6351878494639465
-80.0	0.0	-80.0	0.0	-4.435266199525242	-9.172193636761016	-0.8465824279425376	0.11944993497477847	1.6354450070043398
-80.0	0.0	-80.0	0.0	-4.380060909566294	-9.173215141245224	-0.8455251770256247	0.11943569435147998	1.6352999393737842
-78.93333333333334	0.0	-78.93333333333334	0.0	-4.318197730509417	-9.180293074430711	-0.84658203087919	0.11938224103976199	1.6349879548971191
-77.86666666666666	0.0	-77.86666666666666	0.0	-4.256627645195748	-9.177548078926925	-0.8465626606267002	0.11941110861826452	1.63491347869087
-76.8	0.0	-76.8	0.0	-4.195328882143961	-9.179789877123657	-0.8465704623849051	0.1193872526230931	1.6349403394897533
-75.73333333333333	0.0	-75.73333333333333	0.0	-4.1342809326230165	-9.178769327737772	-0.8465823742853287	0.11937259347356356	1.6348671403250818
-74.66666666666667	0.0	-74.66666666666667	0.0	-4.073464498932334	-9.17440754394045	-0.846583458160953	0.11941991913200083	1.6349420350575596
-73.6	0.0	-73.6	0.0	-4.012861444010001	-9.178353881430498	-0.8465748086188434	0.11939682506919887	1.6349854652026163
-72.53333333333333	0.0	-72.53333333333333	0.0	-3.9524547423527756	-9.182162910122422	-0.8465704838477889	0.1193652746302405	1.6349736606166119
-71.46666666666667	0.0	-71.46666666666667	0.0	-3.8922284322315646	-9.176568856323508	-0.8465831684120236	0.11939523681580906	1.635059072162077
-70.4	0.0	-70.4	0.0	-3.832167569186148	-9.179985017661755	-0.8465644849718104	0.11939279004707347	1.6349752596014426
-69.33333333333333	0.0	-69.33333333333333	0.0	-3.7722581807828357	-9.175559972014884	-0.8465745403327978	0.11942719504955657	1.6348482529874733
-68.26666666666667	0.0	-68.26666666666667	0.0	-3.712487222618799	-9.179367476842074	-0.8465630684214895	0.11937754066824363	1.634972898684242
-67.2	0.0	-67.2	0.0	-3.652842535556789	-9.183849978628462	-0.8465697111839781	0.11934373662650273	1.6346113778721252
-66.13333333333333	0.0	-66.13333333333333	0.0	-3.5933128041739804	-9.183978723736006	-0.8465738535205213	0.11935338419270114	1.6343126681889948
-65.06666666666666	0.0	-65.06666666666666	0.0	-3.533887516408651	-9.177383533729461	-0.8465683053650987	0.1194096491421767	1.6346858970041405
-64.0	0.0	-64.0	0.0	-3.474556924388418	-9.181715172906706	-0.846583769372765	0.11936193715183377	1.634679061075699
-62.93333333333334	0.0	-62.93333333333334	0.0	-3.4153120064237723	-9.179066266733003	-0.8465788972981777	0.1193831746752005	1.6347983303201152
-61.86666666666667	0.0	-61.86666666666667	0.0	-3.356144430150613	-9.188036324814872	-0.846580238728406	0.1193130125085648	1.6341578027520538
-60.8	0.0	-60.8	0.0	-3.2970465168055205	-9.179507629472273	-0.8465639913254863	0.11938336784115328	1.6343997001821757
-59.733333333333334	0.0	-59.733333333333334	0.0	-3.2380112066174873	-9.179971936034168	-0.8465661805396177	0.11937017889915348	1.6345472682386768
-58.66666666666667	0.0	-58.66666666666667	0.0	-3.179032025299821	-9.184325875147518	-0.846574078880799	0.11934311420287712	1.6341935491847657
-57.6	0.0	-57.6	0.0	-3.1201030516259602	-9.180356765537928	-0.8465775665993921	0.11937586656331936	1.6344847468586192
-56.53333333333333	0.0	-56.53333333333333	0.0	-3.061218886072913	-9.185309046921535	-0.8465733169484305	0.11933814554531325	1.6341884946756673
-55.46666666666667	0.0	-55.46666666666667	0.0	-3.002374620516045	-9.18275027412769	-0.8465645708233448	0.1193591147826344	1.6344314330556446
-54.4	0.0	-54.4	0.0	-2.943565808958942	-9.183835137044417	-0.8465771373417189	0.11935037938899093	1.6342098180505673
-53.33333333333333	0.0	-53.33333333333333	0.0	-2.884788439282071	-9.181639870379435	-0.8465693463149561	0.11935191398517145	1.634390664308161
-52.266666666666666	0.0	-52.266666666666666	0.0	-2.826038905993961	-9.186303132571883	-0.846566888814778	0.11931992355709856	1.6340575603539902
-51.2	0.0	-51.2	0.0	-2.7673139839686236	-9.184448524796114	-0.8465788114466432	0.11934287811115694	1.633958562803178
-50.13333333333333	0.0	-50.13333333333333	0.0	-2.7086108031529483	-9.18227877749978	-0.8465825889141648	0.11936723848409408	1.6342406924086914
-49.06666666666666	0.0	-49.06666666666666	0.0	-2.649926824227785	-9.185462849945734	-0.8465748193502854	0.11931835676659246	1.633912374677573
-48.0	0.0	-48.0	0.0	-2.591259815206436	-9.186597839427211	-0.8465656117732017	0.11933764116754754	1.6341858762038624
-46.93333333333334	0.0	-46.93333333333334	0.0	-2.532607828954294	-9.188398199764567	-0.8465652576356214	0.1193134203033541	1.6339952857970936
-45.86666666666667	0.0	-45.86666666666667	0.0	-2.473969181613334	-9.184886185187963	-0.8465768690556734	0.11932576146145006	1.6341153384367622
-44.8	0.0	-44.8	0.0	-2.415342431915193	-9.188982762863523	-0.8465624674607476	0.11931900065310179	1.6338424593341003
-43.733333333333334	0.0	-43.733333333333334	0.0	-2.356726361366558	-9.187102066952683	-0.8465886951045617	0.11931974112258759	1.6338358702288207
-42.666666666666664	0.0	-42.666666666666664	0.0	-2.29811995529058	-9.184214386198427	-0.8465723403872242	0.11935259006600635	1.6339016217728664
-41.6	0.0	-41.6	0.0	-2.2395223847080508	-9.191953912772272	-0.8465885770587019	0.11926999015829835	1.63358503350766
-40.53333333333333	0.0	-40.53333333333333	0.0	-2.180932989042046	-9.18322461458769	-0.8465657298190615	0.11934978915969065	1.6342205280295068
-39.46666666666667	0.0	-39.46666666666667	0.0	-2.122351259629783	-9.181934942103789	-0.8465884375499583	0.11936988915022415	1.6341390763860735
-38.4	0.0	-38.4	0.0	-2.0637768240253935	-9.186230555830843	-0.846575001784796	0.11932983940934258	1.633876188255748
-37.333333333333336	0.0	-37.333333333333336	0.0	-2.0052094310773465	-9.188319044649685	-0.8465732740226629	0.11932892723678767	1.6337050968787705
-36.266666666666666	0.0	-36.266666666666666	0.0	-1.946648936764245	-9.185810677438084	-0.8465724691645261	0.11932976428924982	1.633594144501768
-35.2	0.0	-35.2	0.0	-1.8880952907727155	-9.187824357375987	-0.8465715677234126	0.11932132937597725	1.633666442225327
-34.13333333333333	0.0	-34.13333333333333	0.0	-1.8295485238011158	-9.185129703065789	-0.8465690887603519	0.11934704191058412	1.633900355462732
-33.06666666666667	0.0	-33.06666666666667	0.0	-1.771008735572786	-9.18482447939748	-0.8465766973526044	0.11935207495679885	1.6339559979885818
-32.0	0.0	-32.0	0.0	-1.7124760835425616	-9.184033024831622	-0.846574508138472	0.11935665728245709	1.6339420041884452
-30.933333333333337	0.0	-30.933333333333337	0.0	-1.6539507722802793	-9.183084429763168	-0.846581161632402	0.11934860870109018	1.6340165233204609
-29.866666666666667	0.0	-29.866666666666667	0.0	-1.5954330435149888	-9.18623609325481	-0.8465746691100996	0.11933614949713425	1.6337242739653084
-28.799999999999997	0.0	-28.799999999999997	0.0	-1.536923166823607	-9.185070605015676	-0.8465721901470381	0.1193521608083334	1.633567981246604
-27.733333333333334	0.0	-27.733333333333334	0.0	-1.478421430947724	-9.184183329405796	-0.8465729842737333	0.11934507805673053	1.6338278001845696
-26.666666666666664	0.0	-26.666666666666664	0.0	-1.4199281357222944	-9.182935906608348	-0.8465778563483206	0.11936966378994594	1.634080429056514
-25.6	0.0	-25.6	0.0	-1.3614435845999364	-9.180854672244166	-0.8465831898749068	0.11937827040628765	1.6340595993279363
-24.53333333333333	0.0	-24.53333333333333	0.0	-1.302968077754553	-9.184305581991035	-0.8465922686746885	0.1193490057644376	1.6337466812158328
-23.46666666666667	0.0	-23.46666666666667	0.0	-1.2445019057480127	-9.18171693286316	-0.8465781031714827	0.11938150057027626	1.6340746770036967
-22.4	0.0	-22.4	0.0	-1.1860453437435996	-9.179141182928367	-0.8465779529312976	0.11939896062612142	1.634294875458453
-21.333333333333336	0.0	-21.333333333333336	0.0	-1.1275986462499692	-9.178497747139568	-0.8465688097428645	0.1194019761612736	1.6338617866608205
-20.266666666666666	0.0	-20.266666666666666	0.0	-1.0691620423793182	-9.179961236786664	-0.8465807001804038	0.11938129667288155	1.6339015037270073
-19.200000000000003	0.0	-19.200000000000003	0.0	-1.010735731603509	-9.177442309836321	-0.8465794338702688	0.11939554802762191	1.6340486103315097
-18.133333333333333	0.0	-18.133333333333333	0.0	-0.9523198799918556	-9.175376035102056	-0.8465681765877973	0.11941845965591293	1.6341485415177612
-17.06666666666667	0.0	-17.06666666666667	0.0	-0.8939146169143085	-9.172622411519042	-0.8465762680949309	0.11944653310772071	1.6343421796540067
-16.0	0.0	-16.0	0.0	-0.8355200321937496	-9.16945989853971	-0.8465719433238773	0.11947456363376112	1.6343469766085008
-14.933333333333337	0.0	-14.933333333333337	0.0	-0.7771361736911329	-9.165096107962766	-0.8465764076036751	0.11950813158378205	1.6344070726827074
-13.866666666666674	0.0	-13.866666666666674	0.0	-0.7187630453071814	-9.1641885928536	-0.8465693033891882	0.11951272464088204	1.6345810293546512
-12.799999999999997	0.0	-12.799999999999997	0.0	-0.6604006053843748	-9.160961938046498	-0.8465829752460702	0.11952927252417231	1.6348103388035153
-11.733333333333334	0.0	-11.733333333333334	0.0	-0.6020487654929477	-9.155785294408702	-0.8465799704423601	0.11957801473293031	1.6348948167135418
-10.666666666666671	0.0	-10.666666666666671	0.0	-0.5437073895846136	-9.153208106460703	-0.8465654078758069	0.11959888738727507	1.6345459590027749
-9.599999999999994	0.0	-9.599999999999994	0.0	-0.4853762934977529	-9.145153365246209	-0.8465645922862279	0.11966639888778056	1.635127978750019
-8.533333333333331	0.0	-8.533333333333331	0.0	-0.4270552447977797	-9.143198472146596	-0.8465714496775532	0.1196828072623272	1.634964485233854
-7.466666666666669	0.0	-7.466666666666669	0.0	-0.36874396293640566	-9.133892423352712	-0.8465656868932941	0.11974822613167733	1.635164991492865
-6.400000000000006	0.0	-6.400000000000006	0.0	-0.31044211971353775	-9.128163732884687	-0.8465600421548956	0.11981491131116245	1.6353380896494634
-5.333333333333329	0.0	-5.333333333333329	0.0	-0.2521493400255208	-9.11944450079253	-0.8465625425808401	0.11987804438340444	1.6352515727654893
-4.266666666666666	0.0	-4.266666666666666	0.0	-0.1938652028834597	-9.117283370843994	-0.8465637766966501	0.11990435787875325	1.6353119478571834
-3.200000000000003	0.0	-3.200000000000003	0.0	-0.1355892426853284	-9.106510731016316	-0.8465779958570648	0.11997230936837344	1.6354708483162497
-2.13333333333334	0.0	-2.13333333333334	0.0	-0.07732095072560852	-9.104299066708222	-0.846566727843151	0.12000346274398428	1.6354961315931829
-1.0666666666666629	0.0	-1.0666666666666629	0.0	-0.01905977692616606	-9.096615966055479	-0.8465592265653171	0.12007157520523176	1.6353399461888984
0.0	0.0	0.0	0.0	0.0391948682279	-9.089544664901043	-0.8465554920235628	0.12012792600624188	1.6353072367542227
1.0666666666666629	0.0	1.0666666666666629	0.0	0.0974436115637267	-9.087357951195191	-0.8465767617412554	0.1201430466077698	1.6351776116684489
2.1333333333333258	0.0	2.1333333333333258	0.0	0.1556871149237345	-9.076267016803051	-0.8465553954405869	0.12023885692036128	1.63548156902663
3.200000000000003	0.0	3.200000000000003	0.0	0.2139260727125422	-9.067802838888698	-0.846550094108326	0.12030106708860641	1.635493277029658
4.266666666666666	0.0	4.266666666666666	0.0	0.27216120930401666	-9.066140323921553	-0.8465677473301247	0.1203189671335664	1.635558288104219
5.333333333333329	0.0	5.333333333333329	0.0	0.33039327632474647	-9.06721712752546	-0.8465649571552505	0.12031733595440942	1.6352207735274593
6.400000000000006	0.0	6.400000000000006	0.0	0.38862304983020113	-9.058368281078984	-0.846572876959315	0.12037413747597606	1.6351823120399658
7.466666666666669	0.0	7.466666666666669	0.0	0.44685132738985966	-9.05289974222362	-0.8465670390549637	0.12043351454358005	1.6349278373600296
8.533333333333331	0.0	8.533333333333331	0.0	0.5050789250975919	-9.050086280121022	-0.8465638732796263	0.12044824881320233	1.63506345059034
9.599999999999994	0.0	9.599999999999994	0.0	0.5633066745235548	-9.050004152396747	-0.846552465756969	0.12044701469739275	1.6345434478453884
10.666666666666671	0.0	10.666666666666671	0.0	0.621535419623892	-9.040674333459222	-0.8465644313146011	0.1204966154214965	1.6345765758062951
11.733333333333334	0.0	11.733333333333334	0.0	0.6797660136245051	-9.034977129041504	-0.8465603962924759	0.12056966434598239	1.6348329606828764
12.799999999999997	0.0	12.799999999999997	0.0	0.7379993158951843	-9.034912761853452	-0.8465725442846187	0.12056146552443002	1.6344532715397528
13.86666666666666	0.0	13.86666666666666	0.0	0.7962361888303604	-9.027578948169145	-0.8465599777662441	0.12061881434952954	1.6341995695236275
14.933333333333337	0.0	14.933333333333337	0.0	0.8544774947527677	-9.021532456782982	-0.8465726837933629	0.12066726680935823	1.634474197851308
16.0	0.0	16.0	0.0	0.9127240928562825	-9.021307182356255	-0.8465628645240945	0.12067696803276587	1.6346265521308623
17.066666666666663	0.0	17.066666666666663	0.0	0.9709768362042303	-9.017328682735071	-0.846556747602256	0.12071652412732357	1.6342758593435436
18.133333333333326	0.0	18.133333333333326	0.0	1.0292365687994187	-9.01243079903005	-0.8465655688474344	0.12076100595367806	1.63439524663382
19.200000000000003	0.0	19.200000000000003	0.0	1.0875041227421884	-9.014875657568945	-0.8465682624393314	0.12072116011019098	1.6342904219100973
20.266666666666666	0.0	20.266666666666666	0.0	1.1457803154927464	-9.01684786048421	-0.8465580461067164	0.12071022477097385	1.6336493577699445
21.33333333333333	0.0	21.33333333333333	0.0	1.2040659472540736	-9.00411373845164	-0.8465715462605291	0.1208094691449485	1.6340264391727046
22.400000000000006	0.0	22.400000000000006	0.0	1.2623617984916657	-9.007198384089111	-0.8465605250697776	0.12079370465691128	1.6339415856622137
23.46666666666667	0.0	23.46666666666667	0.0	1.3206686276063948	-9.007157293398375	-0.8465641201027881	0.1207784016208723	1.633475926938651
24.53333333333333	0.0	24.53333333333333	0.0	1.3789871687767694	-9.002038202483073	-0.8465675863584967	0.12082947255250573	1.633442841903511
25.599999999999994	0.0	25.599999999999994	0.0	1.4373181299868607	-8.995125222289838	-0.8465484092719602	0.12090030006853437	1.6336334001159543
26.66666666666667	0.0	26.66666666666667	0.0	1.4956621912561816	-8.995326458286904	-0.8465509633551135	0.12088260392096904	1.63352703006461
27.733333333333334	0.0	27.733333333333334	0.0	1.5540200030877847	-8.98821670637641	-0.846559902646152	0.12094180928550385	1.6338722605480411
28.799999999999997	0.0	28.799999999999997	0.0	1.6123921851508696	-8.982769040175398	-0.8465501048397681	0.1209833936225661	1.6338665514209907
29.86666666666666	0.0	29.86666666666666	0.0	1.670779325214162	-8.989545645205936	-0.8465683912166334	0.12094523261544524	1.6333641267777441
30.933333333333337	0.0	30.933333333333337	0.0	1.7291819783463485	-8.982967164054303	-0.8465573700258823	0.12098732133027318	1.6333503905322113
32.0	0.0	32.0	0.0	1.7876006663998416	-8.978298632723941	-0.8465580031809493	0.12103100902993275	1.6334245233323212
33.06666666666666	0.0	33.06666666666666	0.0	1.8460358777941588	-8.979720516571101	-0.8465533886609659	0.12102194096159266	1.6330987382214728
34.133333333333326	0.0	34.133333333333326	0.0	1.9044880676151767	-8.973202303196746	-0.8465562002987234	0.12106899833398442	1.6333083018173835
35.2	0.0	35.2	0.0	1.9629576580465535	-8.968655799091337	-0.8465530237919434	0.12111349089178054	1.6334568357036487
36.266666666666666	0.0	36.266666666666666	0.0	2.021445039149582	-8.964920591987697	-0.8465526267285961	0.12115149092727422	1.6332680374476647
37.33333333333333	0.0	37.33333333333333	0.0	2.079950570007767	-8.966734978319524	-0.846561662602611	0.12112290236625894	1.6333753840602159
38.39999999999999	0.0	38.39999999999999	0.0	2.1384745802523812	-8.963172794252388	-0.8465507379948356	0.12115506449740103	1.633221162509784
39.46666666666667	0.0	39.46666666666667	0.0	2.1970173719853	-8.955996303505207	-0.8465625533122821	0.1212190775478724	1.633327382320943
40.53333333333333	0.0	40.53333333333333	0.0	2.2555792221153697	-8.95417116426868	-0.8465577241634615	0.12122386377092526	1.633193818796021
41.599999999999994	0.0	41.599999999999994	0.0	2.3141603851246044	-8.95198746609798	-0.8465662663911526	0.12125648735406572	1.6332053765588637
42.66666666666667	0.0	42.66666666666667	0.0	2.3727610962804784	-8.950700648177602	-0.8465407792168241	0.12126889290081254	1.6331966626281043
43.733333333333334	0.0	43.733333333333334	0.0	2.4313815753105863	-8.949633932128997	-0.8465406933652901	0.12126193892651163	1.6332739290092257
44.8	0.0	44.8	0.0	2.490022030555963	-8.948636648508993	-0.8465477009967998	0.12128383106782957	1.6330030566861842
45.86666666666666	0.0	45.86666666666666	0.0	2.548682663619322	-8.946628634772374	-0.8465573914887655	0.12128250036904353	1.6333238087508164
46.93333333333334	0.0	46.93333333333334	0.0	2.607363674524507	-8.947521844869582	-0.8465467351670357	0.12127068505159702	1.6328929091673172
48.0	0.0	48.0	0.0	2.6660652674034075	-8.942094675722455	-0.8465587329189935	0.12133307765435314	1.633341848304519
49.06666666666666	0.0	49.06666666666666	0.0	2.724787656726653	-8.944698102045699	-0.8465341471857779	0.1213106918667113	1.6331637707589168
50.133333333333326	0.0	50.133333333333326	0.0	2.783531074094322	-8.943075872911159	-0.8465562110301653	0.12131692683441017	1.6332852292174644
51.19999999999999	0.0	51.19999999999999	0.0	2.8422957756029708	-8.944334574453961	-0.8465566510192797	0.12131472688883659	1.6335177366359916
52.26666666666665	0.0	52.26666666666665	0.0	2.901082049805243	-8.943504025245565	-0.8465564256590014	0.12131182939954449	1.6333672174329887
53.33333333333334	0.0	53.33333333333334	0.0	2.9598902262783517	-8.938978576228997	-0.8465451361822044	0.12134298277515526	1.6334515880285974
54.400000000000006	0.0	54.400000000000006	0.0	3.0187206848176857	-8.942338966264103	-0.8465626391638165	0.12132245352694887	1.633082276189717
55.46666666666667	0.0	55.46666666666667	0.0	3.0775738652718507	-8.94506505296739	-0.8465585290215988	0.12130254670236804	1.633225970195721
56.53333333333333	0.0	56.53333333333333	0.0	3.13645027803539	-8.94466391167206	-0.8465618450371218	0.12131469469451113	1.6329723969568972
57.599999999999994	0.0	57.599999999999994	0.0	3.195350515215478	-8.940457261597722	-0.8465500082567914	0.1213423066943205	1.633256908942495
58.66666666666666	0.0	58.66666666666666	0.0	3.2542752624888656	-8.937739888825195	-0.8465571553970455	0.12135128891112588	1.6335195824439857
59.73333333333332	0.0	59.73333333333332	0.0	3.3132253116653385	-8.942227037325885	-0.8465529486718508	0.12134087941255813	1.6334492915000478
60.80000000000001	0.0	60.80000000000001	0.0	3.372201573973985	-8.93971067519013	-0.8465580890324841	0.12134583733868011	1.633497110804809
61.866666666666674	0.0	61.866666666666674	0.0	3.431205094088528	-8.938726473197708	-0.8465607396986146	0.12135160012293877	1.633389710535048
62.93333333333334	0.0	62.93333333333334	0.0	3.490237064908026	-8.940174960289136	-0.8465552881261683	0.12134375543896656	1.6336075588040466
64.0	0.0	64.0	0.0	3.549298843109189	-8.94426076359711	-0.8465388153629708	0.1213010764948383	1.6330613176838378
65.06666666666666	0.0	65.06666666666666	0.0	3.6083919654866037	-8.937130815113115	-0.8465621133231673	0.12137058404352288	1.633530539246086
66.13333333333333	0.0	66.13333333333333	0.0	3.667518166097146	-8.936651151857971	-0.8465492999816314	0.12137679754833808	1.633815137083219
67.19999999999999	0.0	67.19999999999999	0.0	3.7266793942248477	-8.940575929881398	-0.8465562002987234	0.12133250888793651	1.633336450389284
68.26666666666665	0.0	68.26666666666665	0.0	3.7858778331825	-8.937482645433265	-0.846537420275533	0.12136998308278078	1.633256672850774
69.33333333333334	0.0	69.33333333333334	0.0	3.845115919966272	-8.93461439932015	-0.846553968158824	0.12137956626032828	1.6339002052225473
70.4	0.0	70.4	0.0	3.9043963657796077	-8.935825131318005	-0.846565654698969	0.12137583171857401	1.6340435021652018
71.46666666666667	0.0	71.46666666666667	0.0	3.9637221774427083	-8.931724121556977	-0.8465445888786712	0.12142549683132868	1.6338823266404707
72.53333333333333	0.0	72.53333333333333	0.0	4.023096679703835	-8.932121914642439	-0.8465584109757391	0.12140012770286024	1.6339892869211154
73.6	0.0	73.6	0.0	4.082523538468745	-8.933400909341746	-0.84655506276589	0.12138704607527862	1.6337719537613247
74.66666666666666	0.0	74.66666666666666	0.0	4.142006784964515	-8.937765096982035	-0.8465633259760935	0.12135546344199494	1.6335820930926017
75.73333333333332	0.0	75.73333333333332	0.0	4.201550840854042	-8.930818999559328	-0.846554461805148	0.1214147868523898	1.6341515999786815
76.80000000000001	0.0	76.80000000000001	0.0	4.261160544317486	-8.92699893894521	-0.8465558568925848	0.12146040621157737	1.6342477966231774
77.86666666666667	0.0	77.86666666666667	0.0	4.320841177116942	-8.935973375455346	-0.8465531847635712	0.12136138719788093	1.6337820520480806
78.93333333333334	0.0	78.93333333333334	0.0	4.380598492660622	-8.927850875917175	-0.8465569944254179	0.12143304103492994	1.6341716677748892
80.0	0.0	80.0	0.0	4.440438745082791	-8.928211774305666	-0.8465369695549768	0.12144994305580034	1.6341905121867293
