Hysterese	V-MOKE
Charge	2020_0446
Sample	1
Sample State	bFC
User	Meike Reginka
Sample Angle	30.0
Magnetic Field Angle	0.0
Detektor Averages	300
Hysteresus Points	150
Magnetic Field [kA/m]	80
Hysteresis Averages	100
Polarization	p-polarization
Measurement Method	Scan Both Angles
Max Voltage Correction	No
Training Effect Elimination	No
Magnetic field [kA/m]	Magnetic field transversal [kA/m]	Magnetic field longitudinal [kA/m]	Magnetic field transversal [V]	Magnetic field longitudinal [V]	Detector diff transversal [V]	Detector diff longitudinal [V]	Detector raw transversal [V]	Detector raw longitudinal [V]
80.0	0.0	80.0	0.0	4.381030188287403	-10.564406259933614	-0.8454593718243687	0.08026184301993347	0.9594840101961691
78.93333333333334	0.0	78.93333333333334	0.0	4.319818714176459	-10.564406957477331	-0.8461461626381265	0.08026041573817107	0.9597533693859143
77.86666666666666	0.0	77.86666666666666	0.0	4.258793669369702	-10.564406957477331	-0.8461447997450151	0.08024350298585867	0.9596545864639378
76.8	0.0	76.8	0.0	4.197942654193435	-10.564406109693431	-0.8461514103131775	0.08025837676422476	0.9597588316898018
75.73333333333333	0.0	75.73333333333333	0.0	4.137253993604595	-10.564406560413982	-0.8461521078568965	0.08025931039966337	0.9596799448609645
74.66666666666667	0.0	74.66666666666667	0.0	4.0767167056162315	-10.564406957477331	-0.846135806796768	0.0802731324967307	0.9597818935582788
73.6	0.0	73.6	0.0	4.0163204706037074	-10.564406957477331	-0.8461445207275275	0.08026052305258932	0.95968804709954
72.53333333333333	0.0	72.53333333333333	0.0	3.9560556014798554	-10.564406957477331	-0.8461551341234899	0.08026733751814658	0.9596855359421539
71.46666666666667	0.0	71.46666666666667	0.0	3.89591301472721	-10.564406957477331	-0.846146645553008	0.08025059646890342	0.9597005921550306
70.4	0.0	70.4	0.0	3.8358842022755653	-10.564406957477331	-0.8461384681943399	0.08023251398943247	0.9595101841827745
69.33333333333333	0.0	69.33333333333333	0.0	3.775961204212982	-10.564406957477331	-0.8461385540458742	0.0802367529089524	0.9594151036082263
68.26666666666667	0.0	68.26666666666667	0.0	3.716136582318465	-10.564406957477331	-0.8461384574628975	0.08026308786718482	0.9596812540968669
67.2	0.0	67.2	0.0	3.6564033944044745	-10.564406957477331	-0.846143587092089	0.08026431125155263	0.9596922752876182
66.13333333333333	0.0	66.13333333333333	0.0	3.596755169457454	-10.564406957477331	-0.8461602530212394	0.08025495343428339	0.9595975273877673
65.06666666666666	0.0	65.06666666666666	0.0	3.5371858835645753	-10.564406957477331	-0.8461392837839182	0.080225162951784	0.9594094696012699
64.0	0.0	64.0	0.0	3.4776899366148504	-10.564406957477331	-0.8461449070594333	0.0802695374637202	0.9596291636782598
62.93333333333334	0.0	62.93333333333334	0.0	3.4182621297628257	-10.564406957477331	-0.8461352380303514	0.08027032085897325	0.9596989180501064
61.86666666666667	0.0	61.86666666666667	0.0	3.3588976436430196	-10.564406957477331	-0.8461526766233122	0.08023630218839585	0.9595216882884078
60.8	0.0	60.8	0.0	3.2995920173232944	-10.564406957477331	-0.8461477508915165	0.08026946234362742	0.9595541938256883
59.733333333333334	0.0	59.733333333333334	0.0	3.2403411279853396	-10.564406957477331	-0.8461468387189612	0.08023047501548616	0.9593003844951433
58.66666666666667	0.0	58.66666666666667	0.0	3.181141171320454	-10.564406957477331	-0.8461492962191383	0.08022683705670836	0.9596777663782744
57.6	0.0	57.6	0.0	3.121988642628807	-10.564406957477331	-0.8461416447011193	0.08023570122765372	0.959551661205418
56.53333333333333	0.0	56.53333333333333	0.0	3.062880318610361	-10.564406957477331	-0.8461469567648211	0.08024422199246085	0.9593549753396945
55.46666666666667	0.0	55.46666666666667	0.0	3.003813239835633	-10.564406635534077	-0.8461402925394497	0.08027528951653709	0.9599203398892306
54.4	0.0	54.4	0.0	2.9447846938844906	-10.5643987908501	-0.8461442417100403	0.08027637339216115	0.9598804618514183
53.33333333333333	0.0	53.33333333333333	0.0	2.885792199141142	-10.564406957477331	-0.8461479977146779	0.08023188083436496	0.9595341904181308
52.266666666666666	0.0	52.266666666666666	0.0	2.8268334892335334	-10.564406957477331	-0.8461469567648209	0.08027783286824895	0.959645089137925
51.2	0.0	51.2	0.0	2.7679064981053	-10.564406957477331	-0.8461464523870561	0.08023378029956753	0.9594369742866609
50.13333333333333	0.0	50.13333333333333	0.0	2.7090093457084867	-10.564406957477331	-0.8461391657380579	0.08024322396837133	0.959507522785202
49.06666666666666	0.0	49.06666666666666	0.0	2.6501403243051973	-10.564406957477331	-0.8461484162409092	0.08026020110933459	0.9596110704673478
48.0	0.0	48.0	0.0	2.591297885366365	-10.564406957477331	-0.8461490386645351	0.08025163741876025	0.959619698546573
46.93333333333334	0.0	46.93333333333334	0.0	2.532480627055822	-10.564403641461809	-0.8461495001165331	0.08024713021319473	0.959669621213931
45.86666666666667	0.0	45.86666666666667	0.0	2.4736872822878553	-10.564406957477331	-0.8461387257489436	0.08024501611915578	0.9596809643479375
44.8	0.0	44.8	0.0	2.4149167073464275	-10.564406957477331	-0.8461262665449876	0.08023969332401176	0.9594284213275281
43.733333333333334	0.0	43.733333333333334	0.0	2.356167871054244	-10.564406957477331	-0.8461519146909433	0.08025032818285789	0.9595613624288255
42.666666666666664	0.0	42.666666666666664	0.0	2.2974398444798476	-10.564406957477331	-0.8461448534022243	0.08022398249318353	0.959423463401406
41.6	0.0	41.6	0.0	2.2387317911709355	-10.564406957477331	-0.8461421276160014	0.08025821579259736	0.9595730704318539
40.53333333333333	0.0	40.53333333333333	0.0	2.1800429579020566	-10.564406957477331	-0.8461396486529406	0.08023804068197117	0.9594607766246226
39.46666666666667	0.0	39.46666666666667	0.0	2.1213726659248966	-10.564406957477331	-0.8461615300628162	0.08023696753778876	0.9597152834988861
38.4	0.0	38.4	0.0	2.0627203027093186	-10.564406957477331	-0.8461305591217161	0.08024482295320295	0.9595046145644679
37.333333333333336	0.0	37.333333333333336	0.0	2.0040853141633432	-10.564406957477331	-0.8461439841554365	0.0802413781603779	0.9595040887238183
36.266666666666666	0.0	36.266666666666666	0.0	1.9454671973202513	-10.564406957477331	-0.8461409042316338	0.08024877212379357	0.9596785175792022
35.2	0.0	35.2	0.0	1.8868654934810003	-10.564406957477331	-0.8461340683031925	0.08024564927422326	0.9596837223284858
34.13333333333333	0.0	34.13333333333333	0.0	1.8282797818001153	-10.564406957477331	-0.846141816404188	0.08027140473459732	0.9595781142095106
33.06666666666667	0.0	33.06666666666667	0.0	1.7697096733032631	-10.564406957477331	-0.846138693554618	0.08023732167536901	0.959603300903468
32.0	0.0	32.0	0.0	1.7111548053246695	-10.564406957477331	-0.846142116884559	0.08025904211361778	0.9597531332941945
30.933333333333337	0.0	30.933333333333337	0.0	1.652614836352576	-10.564406957477331	-0.8461406037512624	0.08022845750442358	0.9595842525942327
29.866666666666667	0.0	29.866666666666667	0.0	1.5940894412709112	-10.564406957477331	-0.8461510776384816	0.08024837506044617	0.9596668632333828
28.799999999999997	0.0	28.799999999999997	0.0	1.5355783069853621	-10.564406957477331	-0.8461317288488748	0.08026364590215966	0.9595262276882985
27.733333333333334	0.0	27.733333333333334	0.0	1.4770811284220267	-10.564406957477331	-0.8461437158693909	0.08025926747389606	0.9596977590543897
26.666666666666664	0.0	26.666666666666664	0.0	1.4185976048868278	-10.564406957477331	-0.8461508522782029	0.08024910479849008	0.9597399765465197
25.6	0.0	25.6	0.0	1.360127436773878	-10.564406957477331	-0.8461246246343884	0.08024604633757075	0.9597431745161827
24.53333333333333	0.0	24.53333333333333	0.0	1.3016703226109647	-10.564406957477331	-0.8461305376588328	0.08024410394660077	0.9595758928010532
23.46666666666667	0.0	23.46666666666667	0.0	1.243225956430354	-10.564406957477331	-0.8461346692639347	0.08024604633757068	0.959536562066773
22.4	0.0	22.4	0.0	1.1847940254530787	-10.564406957477331	-0.8461281874730738	0.08024130304028515	0.9598028520641576
21.333333333333336	0.0	21.333333333333336	0.0	1.1263742080749082	-10.564406957477331	-0.8461411081290283	0.08025807628385376	0.959866189033794
20.266666666666666	0.0	20.266666666666666	0.0	1.0679661721421683	-10.564406957477331	-0.8461505196035062	0.08026330249602136	0.9597617184476515
19.200000000000003	0.0	19.200000000000003	0.0	1.0095695735056076	-10.564406957477331	-0.8461427178453015	0.08025799043231913	0.9598761156174804
18.133333333333333	0.0	18.133333333333333	0.0	0.9511840548404781	-10.564406957477331	-0.8461491781732788	0.08027608364323192	0.9598787126264012
17.06666666666667	0.0	17.06666666666667	0.0	0.8928092447210244	-10.564405165326546	-0.8461481050290961	0.08024045525638114	0.9599422856877574
16.0	0.0	16.0	0.0	0.8344447569375557	-10.564406957477331	-0.8461332097878462	0.08024875066090992	0.9599946551238517
14.933333333333337	0.0	14.933333333333337	0.0	0.7760901900442883	-10.56440520825231	-0.8461466992102179	0.08025615535576748	0.9599202540376954
13.866666666666674	0.0	13.866666666666674	0.0	0.7177451271261349	-10.564406957477331	-0.846136557997695	0.08025502855437613	0.9600112352014675
12.799999999999997	0.0	12.799999999999997	0.0	0.6594091357726295	-10.564406957477331	-0.8461312888597603	0.08025279641447701	0.9597235681719727
11.733333333333334	0.0	11.733333333333334	0.0	0.6010817682471681	-10.564406957477331	-0.8461463128783119	0.08023845920820218	0.9599837949047273
10.666666666666671	0.0	10.666666666666671	0.0	0.5427625618397398	-10.564406957477331	-0.846148062103329	0.0802411742629833	0.9600854109273449
9.599999999999994	0.0	9.599999999999994	0.0	0.4844510393913435	-10.564406957477331	-0.8461320507921302	0.08022183620481915	0.9599717005697935
8.533333333333331	0.0	8.533333333333331	0.0	0.4261467099782665	-10.564406957477331	-0.8461421598103265	0.08022066647766042	0.9601918239044569
7.466666666666669	0.0	7.466666666666669	0.0	0.36784906974439924	-10.564406957477331	-0.846139659384382	0.08022003332259285	0.9601828846134185
6.400000000000006	0.0	6.400000000000006	0.0	0.30955760286978407	-10.564406957477331	-0.8461451109568278	0.08019215303673798	0.9601073889201978
5.333333333333329	0.0	5.333333333333329	0.0	0.25127178266356687	-10.564406957477331	-0.8461321903008736	0.08020492345250677	0.960164136784555
4.266666666666666	0.0	4.266666666666666	0.0	0.19299107276954444	-10.564406957477331	-0.8461378028449472	0.08022133182705343	0.9604929266991131
3.200000000000003	0.0	3.200000000000003	0.0	0.13471492847247593	-10.564406957477331	-0.8461457977691047	0.08017381300266326	0.9605918276669497
2.13333333333334	0.0	2.13333333333334	0.0	0.07644279809335723	-10.564406957477331	-0.8461370087182513	0.08018305277407248	0.9604826781721728
1.0666666666666629	0.0	1.0666666666666629	0.0	0.018174124461827576	-10.564406957477331	-0.8461410115460517	0.08012425520432684	0.9602642396738753
0.0	0.0	0.0	0.0	-0.0400916535461	-10.564406957477331	-0.8461557458156739	0.08009965873966964	0.9600331488056689
-1.0666666666666629	0.0	-1.0666666666666629	0.0	-0.09835509941681445	-10.564406957477331	-0.8461383072227122	0.08011494031282484	0.9602751428187668
-2.1333333333333258	0.0	-2.1333333333333258	0.0	-0.156616777366191	-10.564406957477331	-0.8461465704329157	0.08009577395772992	0.9602323458287788
-3.200000000000003	0.0	-3.200000000000003	0.0	-0.21487725067681432	-10.564406957477331	-0.8461344439036563	0.08006307525449664	0.9602711399909671
-4.266666666666666	0.0	-4.266666666666666	0.0	-0.27313708001714876	-10.564406957477331	-0.8461472143194253	0.08006896681605723	0.9605813967054979
-5.333333333333329	0.0	-5.333333333333329	0.0	-0.331396821754486	-10.564406957477331	-0.8461398740132183	0.08001807831893482	0.9603405187623498
-6.400000000000006	0.0	-6.400000000000006	0.0	-0.3896570262734731	-10.564406957477331	-0.8461424710221395	0.0800164793341033	0.9604113140840522
-7.466666666666669	0.0	-7.466666666666669	0.0	-0.4479182363120456	-10.564406957477331	-0.8461332419821719	0.07998780492155343	0.9604628250048012
-8.533333333333331	0.0	-8.533333333333331	0.0	-0.506180985326591	-10.564406957477331	-0.8461313854427364	0.07995564279041138	0.9604357388456414
-9.599999999999994	0.0	-9.599999999999994	0.0	-0.564445795898144	-10.564406957477331	-0.8461447997450153	0.07994812004969382	0.9603748701076236
-10.666666666666671	0.0	-10.666666666666671	0.0	-0.6227131781914472	-10.564406957477331	-0.8461514854332703	0.07991571109538975	0.9605743354167793
-11.733333333333334	0.0	-11.733333333333334	0.0	-0.6809836284786798	-10.564406957477331	-0.8461389189148959	0.07989297117016782	0.9604168622394753
-12.799999999999997	0.0	-12.799999999999997	0.0	-0.7392576277396917	-10.564406957477331	-0.8461483733151421	0.07987418041553661	0.9604523189232569
-13.86666666666666	0.0	-13.86666666666666	0.0	-0.7975356403505398	-10.564406957477331	-0.846140303270891	0.07982379629617985	0.9604368119898229
-14.933333333333337	0.0	-14.933333333333337	0.0	-0.8558181128721578	-10.564406957477331	-0.8461516356734557	0.07979898520268612	0.9604533706045557
-16.0	0.0	-16.0	0.0	-0.9141054729509707	-10.564406957477331	-0.8461373521243901	0.0797839933784601	0.9604524262376748
-17.066666666666663	0.0	-17.066666666666663	0.0	-0.9723981283432802	-10.564406957477331	-0.8461449821795258	0.07973641016541903	0.9604491316850355
-18.133333333333326	0.0	-18.133333333333326	0.0	-1.0306964660752267	-10.564406957477331	-0.8461556063069302	0.07969232540241214	0.9603414738606719
-19.200000000000003	0.0	-19.200000000000003	0.0	-1.0890008517501555	-10.564404703874551	-0.8461461626381268	0.0796539497664548	0.9602223655878841
-20.266666666666666	0.0	-20.266666666666666	0.0	-1.147311629015197	-10.564406957477331	-0.8461350877901654	0.07963304491778453	0.9600797339946203
-21.33333333333333	0.0	-21.33333333333333	0.0	-1.2056291191988913	-10.564406957477331	-0.8461375667532265	0.07961026206679525	0.9602020938942811
-22.400000000000006	0.0	-22.400000000000006	0.0	-1.263953621131659	-10.564406957477331	-0.8461401315678225	0.07958313298186787	0.9602069123116594
-23.46666666666667	0.0	-23.46666666666667	0.0	-1.322285411160945	-10.564406957477331	-0.8461502405860187	0.07956305445421794	0.9602398793009382
-24.53333333333333	0.0	-24.53333333333333	0.0	-1.3806247433728562	-10.564406957477331	-0.8461306986304603	0.0795428686121498	0.9602165813407414
-25.599999999999994	0.0	-25.599999999999994	0.0	-1.438971850032102	-10.564406957477331	-0.8461590189054299	0.07949879458058472	0.9601136131564545
-26.66666666666667	0.0	-26.66666666666667	0.0	-1.497326942252062	-10.564406957477331	-0.8461319112833856	0.07947087136896246	0.959955453166874
-27.733333333333334	0.0	-27.733333333333334	0.0	-1.555690210906793	-10.564406957477331	-0.8461377813820627	0.07944930117089923	0.9599822066513376
-28.799999999999997	0.0	-28.799999999999997	0.0	-1.614061827796803	-10.564406957477331	-0.8461520649311289	0.07943144405170652	0.9600368618845395
-29.86666666666666	0.0	-29.86666666666666	0.0	-1.6724419470803977	-10.564406957477331	-0.8461441773213894	0.07941447764218512	0.9601366213677222
-30.933333333333337	0.0	-30.933333333333337	0.0	-1.7308307069824265	-10.564406957477331	-0.8461413549521901	0.07935062556334112	0.9599335932198818
-32.0	0.0	-32.0	0.0	-1.7892282317922377	-10.564406957477331	-0.8461384252685726	0.07934447644717682	0.9597569751503664
-33.06666666666666	0.0	-33.06666666666666	0.0	-1.8476346341626735	-10.564406957477331	-0.8461421920046525	0.07930039168416986	0.9598995101606528
-34.133333333333326	0.0	-34.133333333333326	0.0	-1.9060500177219062	-10.564406957477331	-0.8461421812732106	0.07930087459905195	0.960088544508357
-35.2	0.0	-35.2	0.0	-1.9644744800099465	-10.564406957477331	-0.846132501512686	0.0792853354712929	0.9598029593785761
-36.266666666666666	0.0	-36.266666666666666	0.0	-2.0229081157516333	-10.564406957477331	-0.8461516142105726	0.07925387088386922	0.9599778711488411
-37.33333333333333	0.0	-37.33333333333333	0.0	-2.0813510204779293	-10.564406957477331	-0.8461359999627207	0.07919964490834004	0.9600857757963667
-38.39999999999999	0.0	-38.39999999999999	0.0	-2.139803294507338	-10.564406957477331	-0.8461442631729232	0.07917685132590899	0.9599962648401252
-39.46666666666667	0.0	-39.46666666666667	0.0	-2.1982650472992535	-10.564406957477331	-0.8461442631729241	0.07917256948062182	0.9601374691516262
-40.53333333333333	0.0	-40.53333333333333	0.0	-2.256736402191068	-10.564406957477331	-0.8461546297457241	0.07913651183609811	0.9601050816602048
-41.599999999999994	0.0	-41.599999999999994	0.0	-2.315217501530861	-10.564406957477331	-0.8461512922673178	0.0791020853707314	0.9601225095217252
-42.66666666666667	0.0	-42.66666666666667	0.0	-2.37370851221747	-10.564406957477331	-0.8461484913610018	0.07908458238911893	0.9600455221580902
-43.733333333333334	0.0	-43.733333333333334	0.0	-2.432209631659771	-10.564406957477331	-0.8461345619495161	0.07905007007221772	0.960053860488386
-44.8	0.0	-44.8	0.0	-2.4907210941669966	-10.564406957477331	-0.8461525156516856	0.07902303757026675	0.9601164462570952
-45.86666666666666	0.0	-45.86666666666666	0.0	-2.549243177781886	-10.564406957477331	-0.8461354955849548	0.07898141030743715	0.9599809081468771
-46.93333333333334	0.0	-46.93333333333334	0.0	-2.6077762115685053	-10.564406957477331	-0.8461408076486576	0.07899013496963893	0.9602927960405645
-48.0	0.0	-48.0	0.0	-2.666320583366545	-10.564406957477331	-0.8461504874091808	0.07900703699050939	0.9601817041548181
-49.06666666666666	0.0	-49.06666666666666	0.0	-2.724876748023921	-10.564406957477331	-0.8461408291115403	0.07895493584046104	0.959957009225938
-50.133333333333326	0.0	-50.133333333333326	0.0	-2.7834452361194826	-10.564406957477331	-0.8461522473656395	0.0789409313088826	0.9600441485335368
-51.19999999999999	0.0	-51.19999999999999	0.0	-2.842026663187659	-10.564406957477331	-0.8461565184794853	0.07895466755441544	0.9601480825475881
-52.26666666666665	0.0	-52.26666666666665	0.0	-2.9006217394568647	-10.564406957477331	-0.8461434153890202	0.07894351758636187	0.9602100888184385
-53.33333333333334	0.0	-53.33333333333334	0.0	-2.9592312801134577	-10.564406957477331	-0.846159115488406	0.0789162060669235	0.9601071850228022
-54.400000000000006	0.0	-54.400000000000006	0.0	-3.0178562161030937	-10.564406957477331	-0.846147042616356	0.07894230493343592	0.9602989451567291
-55.46666666666667	0.0	-55.46666666666667	0.0	-3.076497605481298	-10.564406957477331	-0.8461554667981867	0.07894823942076375	0.9603315687398702
-56.53333333333333	0.0	-56.53333333333333	0.0	-3.135156645325031	-10.564406957477331	-0.8461539858592153	0.07890971354462092	0.9600815476082889
-57.599999999999994	0.0	-57.599999999999994	0.0	-3.193834684217122	-10.564406957477331	-0.8461471928565415	0.07891290078284217	0.9601077752521028
-58.66666666666666	0.0	-58.66666666666666	0.0	-3.25253323531534	-10.564406957477331	-0.8461485772125366	0.0789335158825833	0.9603852044860994
-59.73333333333332	0.0	-59.73333333333332	0.0	-3.311253990017958	-10.564406957477331	-0.8461418164041885	0.07891865283565912	0.9601684078983997
-60.80000000000001	0.0	-60.80000000000001	0.0	-3.3699988322376004	-10.564406957477331	-0.8461474289482617	0.07891638850143452	0.9601883469173067
-61.866666666666674	0.0	-61.866666666666674	0.0	-3.4287698532951953	-10.564406957477331	-0.8461470533477978	0.07891636703855091	0.9601575798736015
-62.93333333333334	0.0	-62.93333333333334	0.0	-3.4875693674458788	-10.564406957477331	-0.8461401637621474	0.07891959720253941	0.9603113399720345
-64.0	0.0	-64.0	0.0	-3.546399928048623	-10.564406957477331	-0.846145658260361	0.07893339783672318	0.9602783085941045
-65.06666666666666	0.0	-65.06666666666666	0.0	-3.605264344391439	-10.564406957477331	-0.846138886720571	0.07889827382763812	0.9601552940764927
-66.13333333333333	0.0	-66.13333333333333	0.0	-3.6641656991839646	-10.564406957477331	-0.8461501332716007	0.07890943452713349	0.9602966164338538
-67.19999999999999	0.0	-67.19999999999999	0.0	-3.723107366729244	-10.564406957477331	-0.8461440056183197	0.07892472683173066	0.9601976940031339
-68.26666666666665	0.0	-68.26666666666665	0.0	-3.782093031786535	-10.564406957477331	-0.8461529341779165	0.07889041841222397	0.9602891473503452
-69.33333333333334	0.0	-69.33333333333334	0.0	-3.8411267091369456	-10.564406957477331	-0.8461479655203523	0.07890189032353229	0.9603008124276065
-70.4	0.0	-70.4	0.0	-3.9002127638637214	-10.564406957477331	-0.8461401208363807	0.07890249128427436	0.9603885956217146
-71.46666666666667	0.0	-71.46666666666667	0.0	-3.959355932359017	-10.564406957477331	-0.8461435441663215	0.07890193324929952	0.9603083995569751
-72.53333333333333	0.0	-72.53333333333333	0.0	-4.018561344068946	-10.564406957477331	-0.846144971448084	0.07885997331177355	0.9600771584485831
-73.6	0.0	-73.6	0.0	-4.077834543988736	-10.564406957477331	-0.8461378886964813	0.07887952599877415	0.9602196290702187
-74.66666666666666	0.0	-74.66666666666666	0.0	-4.137181515919814	-10.564406957477331	-0.8461342614691455	0.07892220494290231	0.9603054162161483
-75.73333333333332	0.0	-75.73333333333332	0.0	-4.19660870650064	-10.564406957477331	-0.8461315464143639	0.07892813943023018	0.9605376231543038
-76.80000000000001	0.0	-76.80000000000001	0.0	-4.256123050023082	-10.564406957477331	-0.8461496074309516	0.07890652630639963	0.9604334315856492
-77.86666666666667	0.0	-77.86666666666667	0.0	-4.315731994046186	-10.564406957477331	-0.84614447780176	0.07893855966023984	0.9607172460275296
-78.93333333333334	0.0	-78.93333333333334	0.0	-4.375443525819141	-10.564406957477331	-0.8461399062075436	0.07894979547982801	0.9606339163817779
-80.0	0.0	-80.0	0.0	-4.435266199525242	-10.564406957477331	-0.84613411122896	0.07891653874162001	0.9606014859645898
-80.0	0.0	-80.0	0.0	-4.380060909566294	-10.564406957477331	-0.8454618722503133	0.07891454269344102	0.9603988763429809
-78.93333333333334	0.0	-78.93333333333334	0.0	-4.318197730509417	-10.564406957477331	-0.8461413871465154	0.07892394343647753	0.960417227108497
-77.86666666666666	0.0	-77.86666666666666	0.0	-4.256627645195748	-10.564406957477331	-0.846162131023558	0.07891310468023675	0.9605397157854598
-76.8	0.0	-76.8	0.0	-4.195328882143961	-10.564406957477331	-0.8461385755087578	0.07891304029158588	0.9604553773841761
-75.73333333333333	0.0	-75.73333333333333	0.0	-4.1342809326230165	-10.564406957477331	-0.8461481157605383	0.07891813772645155	0.9605651385711371
-74.66666666666667	0.0	-74.66666666666667	0.0	-4.073464498932334	-10.564406957477331	-0.8461446387733875	0.07890209422092688	0.9602495161356939
-73.6	0.0	-73.6	0.0	-4.012861444010001	-10.564406957477331	-0.8461394662184293	0.07888808968934855	0.9604577812271442
-72.53333333333333	0.0	-72.53333333333333	0.0	-3.9524547423527756	-10.564406957477331	-0.8461330917419858	0.07891060425429215	0.9603454015683791
-71.46666666666667	0.0	-71.46666666666667	0.0	-3.8922284322315646	-10.564406957477331	-0.8461641485346212	0.07891961866542306	0.9605408855126178
-70.4	0.0	-70.4	0.0	-3.832167569186148	-10.564406957477331	-0.8461452611970135	0.07893940744414385	0.9605503721071892
-69.33333333333333	0.0	-69.33333333333333	0.0	-3.7722581807828357	-10.564406957477331	-0.8461339073315649	0.07891997280300324	0.960472697931278
-68.26666666666667	0.0	-68.26666666666667	0.0	-3.712487222618799	-10.564406957477331	-0.8461431685658579	0.07889938989758769	0.9604014304261342
-67.2	0.0	-67.2	0.0	-3.652842535556789	-10.564406957477331	-0.8461546404771664	0.07888728483121187	0.9602267976733562
-66.13333333333333	0.0	-66.13333333333333	0.0	-3.5933128041739804	-10.564406957477331	-0.8461486630640711	0.07888787506051205	0.9601908795375759
-65.06666666666666	0.0	-65.06666666666666	0.0	-3.533887516408651	-10.564406957477331	-0.8461307844819953	0.07890942379569169	0.9600845309491155
-64.0	0.0	-64.0	0.0	-3.474556924388418	-10.564406957477331	-0.8461409364259588	0.07888189764741688	0.9601218227094485
-62.93333333333334	0.0	-62.93333333333334	0.0	-3.4153120064237723	-10.564406957477331	-0.8461390476921983	0.07892004792309593	0.9602913580273609
-61.86666666666667	0.0	-61.86666666666667	0.0	-3.356144430150613	-10.564406957477331	-0.8461274040778206	0.07888340004927205	0.9600805925099665
-60.8	0.0	-60.8	0.0	-3.2970465168055205	-10.564406957477331	-0.846128477222003	0.07889016085762024	0.9601812748971453
-59.733333333333334	0.0	-59.733333333333334	0.0	-3.2380112066174873	-10.564406957477331	-0.8461395628014055	0.07891062571717586	0.9601517848950175
-58.66666666666667	0.0	-58.66666666666667	0.0	-3.179032025299821	-10.564406957477331	-0.8461523976058254	0.0789143280646046	0.9604111316495421
-57.6	0.0	-57.6	0.0	-3.1201030516259602	-10.564406957477331	-0.8461306127789255	0.07889507585797499	0.9601837753230904
-56.53333333333333	0.0	-56.53333333333333	0.0	-3.061218886072913	-10.564406957477331	-0.8461495001165333	0.07887789481961711	0.9601209963884278
-55.46666666666667	0.0	-55.46666666666667	0.0	-3.002374620516045	-10.564406957477331	-0.8461282089359575	0.07890150399162665	0.960129849827932
-54.4	0.0	-54.4	0.0	-2.943565808958942	-10.564406957477331	-0.84615925499715	0.07885980160870439	0.959994730243944
-53.33333333333333	0.0	-53.33333333333333	0.0	-2.884788439282071	-10.564406957477331	-0.8461369979868099	0.07890595753998299	0.9601984559355036
-52.266666666666666	0.0	-52.266666666666666	0.0	-2.826038905993961	-10.564406957477331	-0.8461439734239946	0.07890097815097731	0.9601537165545452
-51.2	0.0	-51.2	0.0	-2.7673139839686236	-10.564406957477331	-0.8461451753454787	0.07889407783388545	0.9600677362426628
-50.13333333333333	0.0	-50.13333333333333	0.0	-2.7086108031529483	-10.564406957477331	-0.8461532024639618	0.07887248617293854	0.9599283133505048
-49.06666666666666	0.0	-49.06666666666666	0.0	-2.649926824227785	-10.564406957477331	-0.8461417090897706	0.0788887121129742	0.9601139887569178
-48.0	0.0	-48.0	0.0	-2.591259815206436	-10.564406957477331	-0.8461598988836591	0.07889060084673492	0.9602250269854556
-46.93333333333334	0.0	-46.93333333333334	0.0	-2.532607828954294	-10.564406957477331	-0.8461284342962359	0.07890727750732716	0.9600930409824806
-45.86666666666667	0.0	-45.86666666666667	0.0	-2.473969181613334	-10.564406957477331	-0.8461355277792806	0.07889035402357304	0.9600679508714992
-44.8	0.0	-44.8	0.0	-2.415342431915193	-10.564406957477331	-0.8461300869382766	0.07890191178641598	0.9601034290181645
-43.733333333333334	0.0	-43.733333333333334	0.0	-2.356726361366558	-10.564406957477331	-0.8461660587312653	0.07890810382834751	0.9601349687256809
-42.666666666666664	0.0	-42.666666666666664	0.0	-2.29811995529058	-10.564406957477331	-0.8461415695810264	0.07888637265865692	0.9600955092140998
-41.6	0.0	-41.6	0.0	-2.2395223847080508	-10.564406957477331	-0.8461461733695687	0.07891889965882093	0.960238591527919
-40.53333333333333	0.0	-40.53333333333333	0.0	-2.180932989042046	-10.564406957477331	-0.8461487918413733	0.0788986065023346	0.9600617159038005
-39.46666666666667	0.0	-39.46666666666667	0.0	-2.122351259629783	-10.564406957477331	-0.8461399384018697	0.07889373442774715	0.9600380638060235
-38.4	0.0	-38.4	0.0	-2.0637768240253935	-10.564406957477331	-0.8461304840016234	0.07891947915667942	0.960218491537386
-37.333333333333336	0.0	-37.333333333333336	0.0	-2.0052094310773465	-10.564406957477331	-0.8461371053012285	0.0788769075269695	0.9599629759075916
-36.266666666666666	0.0	-36.266666666666666	0.0	-1.946648936764245	-10.564406957477331	-0.8461410866661445	0.07889753335815233	0.9599974131044006
-35.2	0.0	-35.2	0.0	-1.8880952907727155	-10.564406957477331	-0.8461451753454792	0.0788946680631857	0.960158416926063
-34.13333333333333	0.0	-34.13333333333333	0.0	-1.8295485238011158	-10.564406957477331	-0.8461509917869465	0.078892113980032	0.9599174853257055
-33.06666666666667	0.0	-33.06666666666667	0.0	-1.771008735572786	-10.564406957477331	-0.8461269533572638	0.07888769262600104	0.9598295840857375
-32.0	0.0	-32.0	0.0	-1.7124760835425616	-10.564406957477331	-0.8461473323652853	0.07892986719236361	0.9600430753893552
-30.933333333333337	0.0	-30.933333333333337	0.0	-1.6539507722802793	-10.564406957477331	-0.846140603751262	0.07890805017113844	0.960044352430932
-29.866666666666667	0.0	-29.866666666666667	0.0	-1.5954330435149888	-10.564406957477331	-0.8461416232382354	0.0788730764022389	0.9598419789010425
-28.799999999999997	0.0	-28.799999999999997	0.0	-1.536923166823607	-10.564406957477331	-0.8461434046575778	0.07890632240900494	0.9599786867384198
-27.733333333333334	0.0	-27.733333333333334	0.0	-1.478421430947724	-10.564406957477331	-0.8461453041227807	0.07891741871984947	0.9600686591466604
-26.666666666666664	0.0	-26.666666666666664	0.0	-1.4199281357222944	-10.564406957477331	-0.8461406037512625	0.07889523682960231	0.9597722137977541
-25.6	0.0	-25.6	0.0	-1.3614435845999364	-10.564406957477331	-0.8461312995912017	0.07890429416650056	0.960059934484458
-24.53333333333333	0.0	-24.53333333333333	0.0	-1.302968077754553	-10.564406957477331	-0.8461465382385894	0.07889331590151613	0.9599319513092824
-23.46666666666667	0.0	-23.46666666666667	0.0	-1.2445019057480127	-10.564406957477331	-0.8461362360544408	0.07893146617719517	0.9600949189847993
-22.4	0.0	-22.4	0.0	-1.1860453437435996	-10.564406957477331	-0.8461501976602516	0.07892141081620746	0.9601599407908025
-21.333333333333336	0.0	-21.333333333333336	0.0	-1.1275986462499692	-10.564406957477331	-0.8461497147453697	0.07890764237634915	0.9599147702709252
-20.266666666666666	0.0	-20.266666666666666	0.0	-1.0691620423793182	-10.564406957477331	-0.846150229854577	0.0789616751859255	0.960205248938177
-19.200000000000003	0.0	-19.200000000000003	0.0	-1.010735731603509	-10.564406957477331	-0.8461615193313738	0.07894263760813239	0.9602150682074446
-18.133333333333333	0.0	-18.133333333333333	0.0	-0.9523198799918556	-10.564406957477331	-0.8461490815903027	0.07895618068771243	0.9599660236370692
-17.06666666666667	0.0	-17.06666666666667	0.0	-0.8939146169143085	-10.564406957477331	-0.8461390691550815	0.07895404513078973	0.9602578544659903
-16.0	0.0	-16.0	0.0	-0.8355200321937496	-10.564406957477331	-0.8461463879984045	0.07900112396606508	0.9603015207027671
-14.933333333333337	0.0	-14.933333333333337	0.0	-0.7771361736911329	-10.564406957477331	-0.8461417090897705	0.07899907426067702	0.9603415919065321
-13.866666666666674	0.0	-13.866666666666674	0.0	-0.7187630453071814	-10.564406957477331	-0.8461390798865237	0.0790065862699528	0.9602179442338532
-12.799999999999997	0.0	-12.799999999999997	0.0	-0.6604006053843748	-10.564406957477331	-0.8461573769948315	0.07902502288700393	0.9604207684842985
-11.733333333333334	0.0	-11.733333333333334	0.0	-0.6020487654929477	-10.564406957477331	-0.8461474933369126	0.07902370291965972	0.9602632416497857
-10.666666666666671	0.0	-10.666666666666671	0.0	-0.5437073895846136	-10.564406957477331	-0.84614288954837	0.0790774245174233	0.9605654497829502
-9.599999999999994	0.0	-9.599999999999994	0.0	-0.4853762934977529	-10.564406957477331	-0.8461436836750649	0.0790907207738414	0.9605519603605791
-8.533333333333331	0.0	-8.533333333333331	0.0	-0.4270552447977797	-10.564406957477331	-0.8461480084461201	0.07915774935946489	0.9605080365691989
-7.466666666666669	0.0	-7.466666666666669	0.0	-0.36874396293640566	-10.564406957477331	-0.8461400993734968	0.07916148390121912	0.9602731467705881
-6.400000000000006	0.0	-6.400000000000006	0.0	-0.31044211971353775	-10.564406957477331	-0.8461519468852685	0.07920694228877934	0.9602564808414377
-5.333333333333329	0.0	-5.333333333333329	0.0	-0.2521493400255208	-10.564406764311379	-0.8461336819712869	0.07924736763012481	0.9604451610515606
-4.266666666666666	0.0	-4.266666666666666	0.0	-0.1938652028834597	-10.564406957477331	-0.8461491245160693	0.07925229336192129	0.960220659288634
-3.200000000000003	0.0	-3.200000000000003	0.0	-0.1355892426853284	-10.564406957477331	-0.846162892955928	0.07932790710100288	0.9605114813620246
-2.13333333333334	0.0	-2.13333333333334	0.0	-0.07732095072560852	-10.564406957477331	-0.8461459265464062	0.07933181334582619	0.9604308238452868
-1.0666666666666629	0.0	-1.0666666666666629	0.0	-0.01905977692616606	-10.564406957477331	-0.8461224354202568	0.07939023531510808	0.96025743593976
0.0	0.0	0.0	0.0	0.0391948682279	-10.564406957477331	-0.8461346370696092	0.0794404799257211	0.9603038494256427
1.0666666666666629	0.0	1.0666666666666629	0.0	0.0974436115637267	-10.564406957477331	-0.8461194628108725	0.0794688109321326	0.9602222690049074
2.1333333333333258	0.0	2.1333333333333258	0.0	0.1556871149237345	-10.564406957477331	-0.8461421383474429	0.07947969261414062	0.9601700390775569
3.200000000000003	0.0	3.200000000000003	0.0	0.2139260727125422	-10.564406957477331	-0.8461488991557918	0.07951771411251776	0.9600908839626742
4.266666666666666	0.0	4.266666666666666	0.0	0.27216120930401666	-10.564406957477331	-0.8461328663817084	0.07955033769565832	0.9601545428755657
5.333333333333329	0.0	5.333333333333329	0.0	0.33039327632474647	-10.564406957477331	-0.8461288528224672	0.0795708025552139	0.9600619519955204
6.400000000000006	0.0	6.400000000000006	0.0	0.38862304983020113	-10.564406957477331	-0.8461448426707822	0.07961707653235259	0.9602261430554054
7.466666666666669	0.0	7.466666666666669	0.0	0.44685132738985966	-10.564406957477331	-0.84614677433031	0.07960615192457725	0.9599740722184358
8.533333333333331	0.0	8.533333333333331	0.0	0.5050789250975919	-10.564406957477331	-0.8461519576167104	0.07961828918527852	0.9598977931299616
9.599999999999994	0.0	9.599999999999994	0.0	0.5633066745235548	-10.564406957477331	-0.8461470533477979	0.07965964816206249	0.9599565477739398
10.666666666666671	0.0	10.666666666666671	0.0	0.621535419623892	-10.564406957477331	-0.8461448104764563	0.07968550020541297	0.9599314254686334
11.733333333333334	0.0	11.733333333333334	0.0	0.6797660136245051	-10.564406957477331	-0.8461425890679992	0.07967504778107783	0.9597560629778115
12.799999999999997	0.0	12.799999999999997	0.0	0.7379993158951843	-10.564406957477331	-0.8461431041772073	0.07970787526161288	0.9597527684251719
13.86666666666666	0.0	13.86666666666666	0.0	0.7962361888303604	-10.564406957477331	-0.8461491030531859	0.07971121274001974	0.9594868325653682
14.933333333333337	0.0	14.933333333333337	0.0	0.8544774947527677	-10.564406957477331	-0.8461427929653944	0.07976383973071742	0.9596894314555354
16.0	0.0	16.0	0.0	0.9127240928562825	-10.564406957477331	-0.8461452075398044	0.0797881249835618	0.9598142595868154
17.066666666666663	0.0	17.066666666666663	0.0	0.9709768362042303	-10.564406957477331	-0.8461372233470883	0.079809394701254	0.9597652383605697
18.133333333333326	0.0	18.133333333333326	0.0	1.0292365687994187	-10.564406957477331	-0.8461560355646037	0.07982853959346542	0.9598827261856425
19.200000000000003	0.0	19.200000000000003	0.0	1.0875041227421884	-10.564406957477331	-0.846141151054795	0.07984323093732043	0.9597701318980407
20.266666666666666	0.0	20.266666666666666	0.0	1.1457803154927464	-10.564406957477331	-0.846153685378844	0.0798467830445637	0.9596363966700483
21.33333333333333	0.0	21.33333333333333	0.0	1.2040659472540736	-10.564406957477331	-0.8461379852794576	0.07989824030810268	0.9598033242475982
22.400000000000006	0.0	22.400000000000006	0.0	1.2623617984916657	-10.564406957477331	-0.8461616373772343	0.07991448771102194	0.9599343122264835
23.46666666666667	0.0	23.46666666666667	0.0	1.3206686276063948	-10.564406957477331	-0.8461614549427233	0.07993635838945623	0.9597235467090894
24.53333333333333	0.0	24.53333333333333	0.0	1.3789871687767694	-10.564406957477331	-0.8461363326374167	0.07993463062732288	0.959647900775682
25.599999999999994	0.0	25.599999999999994	0.0	1.4373181299868607	-10.564406957477331	-0.8461462377582194	0.07997607545564143	0.9595835550505147
26.66666666666667	0.0	26.66666666666667	0.0	1.4956621912561816	-10.564406957477331	-0.8461543936540039	0.07999735590477551	0.9596085056527518
27.733333333333334	0.0	27.733333333333334	0.0	1.5540200030877847	-10.564406957477331	-0.8461369872553685	0.08002739321043677	0.9595509851245833
28.799999999999997	0.0	28.799999999999997	0.0	1.6123921851508696	-10.564406957477331	-0.8461451002253857	0.08004086116992398	0.9595632189682607
29.86666666666666	0.0	29.86666666666666	0.0	1.670779325214162	-10.564406957477331	-0.8461223388372807	0.08010873753945152	0.9596336708838256
30.933333333333337	0.0	30.933333333333337	0.0	1.7291819783463485	-10.564406957477331	-0.8461509595926205	0.08012200160154416	0.95986704754914
32.0	0.0	32.0	0.0	1.7876006663998416	-10.564406957477331	-0.8461500688829497	0.08012149722377847	0.9597563527267404
33.06666666666666	0.0	33.06666666666666	0.0	1.8460358777941588	-10.564406957477331	-0.8461398096245674	0.0801796401755729	0.9598132830256094
34.133333333333326	0.0	34.133333333333326	0.0	1.9044880676151767	-10.564406957477331	-0.8461359355740694	0.08018953456493326	0.9597487441344879
35.2	0.0	35.2	0.0	1.9629576580465535	-10.564404950697712	-0.8461343151263543	0.0801831171627234	0.9598666182914667
36.266666666666666	0.0	36.266666666666666	0.0	2.021445039149582	-10.564406957477331	-0.8461416232382355	0.08018905165005126	0.9596983385522481
37.33333333333333	0.0	37.33333333333333	0.0	2.079950570007767	-10.564406957477331	-0.8461255046126182	0.08023988648996454	0.9596966215215559
38.39999999999999	0.0	38.39999999999999	0.0	2.1384745802523812	-10.564406957477331	-0.8461305698531588	0.08026054451547296	0.9598710933027071
39.46666666666667	0.0	39.46666666666667	0.0	2.1970173719853	-10.564406957477331	-0.8461418485985136	0.08024336347711498	0.9597197263158007
40.53333333333333	0.0	40.53333333333333	0.0	2.2555792221153697	-10.564406957477331	-0.8461437587951584	0.08023577634774648	0.9596905045997173
41.599999999999994	0.0	41.599999999999994	0.0	2.3141603851246044	-10.564406957477331	-0.8461427822339523	0.08023585146783926	0.9596642232986945
42.66666666666667	0.0	42.66666666666667	0.0	2.3727610962804784	-10.564406957477331	-0.8461528268634982	0.0802186167722724	0.959624613546928
43.733333333333334	0.0	43.733333333333334	0.0	2.4313815753105863	-10.564404918503387	-0.8461278333354934	0.08022701949121937	0.9595503090437484
44.8	0.0	44.8	0.0	2.490022030555963	-10.564406957477331	-0.8461350019386308	0.08024179668660901	0.9594653374873975
45.86666666666666	0.0	45.86666666666666	0.0	2.548682663619322	-10.564406957477331	-0.8461459587407323	0.08024425418678631	0.959526270614066
46.93333333333334	0.0	46.93333333333334	0.0	2.607363674524507	-10.564406957477331	-0.8461455402145006	0.0802380514134129	0.9596288953922146
48.0	0.0	48.0	0.0	2.6660652674034075	-10.564406957477331	-0.8461412476377717	0.08020939846374675	0.9592622986081151
49.06666666666666	0.0	49.06666666666666	0.0	2.724787656726653	-10.564406957477331	-0.8461458085005461	0.08023456369482058	0.9593427844217842
50.133333333333326	0.0	50.133333333333326	0.0	2.783531074094322	-10.564406957477331	-0.8461394447555457	0.08023257837808341	0.9593285437984855
51.19999999999999	0.0	51.19999999999999	0.0	2.8422957756029708	-10.564406957477331	-0.8461487811099309	0.08025164815020208	0.9595150455259192
52.26666666666665	0.0	52.26666666666665	0.0	2.901082049805243	-10.564406957477331	-0.8461338966001236	0.08026391418820517	0.9595051404051169
53.33333333333334	0.0	53.33333333333334	0.0	2.9598902262783517	-10.564406957477331	-0.8461676684475387	0.08024845018053889	0.9596060052268078
54.400000000000006	0.0	54.400000000000006	0.0	3.0187206848176857	-10.564406957477331	-0.846126953357264	0.08025723923139157	0.9595992122241331
55.46666666666667	0.0	55.46666666666667	0.0	3.0775738652718507	-10.56440250392898	-0.8461405500940531	0.08026360297639233	0.9594577503580284
56.53333333333333	0.0	56.53333333333333	0.0	3.13645027803539	-10.564406957477331	-0.8461378886964814	0.08026532000708392	0.9596645130476233
57.599999999999994	0.0	57.599999999999994	0.0	3.195350515215478	-10.564406957477331	-0.8461405178997273	0.08026421466857618	0.9596071320281985
58.66666666666666	0.0	58.66666666666666	0.0	3.2542752624888656	-10.564406957477331	-0.846140077910613	0.08025684216804421	0.9596215658174495
59.73333333333332	0.0	59.73333333333332	0.0	3.3132253116653385	-10.564406957477331	-0.8461386935546179	0.08025894553064133	0.9595813658363822
60.80000000000001	0.0	60.80000000000001	0.0	3.372201573973985	-10.564406957477331	-0.8461253114466654	0.08022866140181813	0.9594699627388229
61.866666666666674	0.0	61.866666666666674	0.0	3.431205094088528	-10.564406957477331	-0.8461337141656123	0.0802539554101939	0.9596176917669519
62.93333333333334	0.0	62.93333333333334	0.0	3.490237064908026	-10.564406957477331	-0.846141558849585	0.08026248690644273	0.9594903846726115
64.0	0.0	64.0	0.0	3.549298843109189	-10.564406957477331	-0.8461428466226031	0.08026549171015313	0.9595830506727486
65.06666666666666	0.0	65.06666666666666	0.0	3.6083919654866037	-10.564406957477331	-0.8461387364803855	0.08024089524549588	0.9594351284786669
66.13333333333333	0.0	66.13333333333333	0.0	3.667518166097146	-10.564406957477331	-0.8461370838383442	0.08025502855437615	0.959529339806427
67.19999999999999	0.0	67.19999999999999	0.0	3.7266793942248477	-10.564406957477331	-0.8461525156516853	0.08024069134810123	0.9595955098767049
68.26666666666665	0.0	68.26666666666665	0.0	3.7858778331825	-10.564406957477331	-0.8461444992646442	0.08025114377243639	0.9595975917764179
69.33333333333334	0.0	69.33333333333334	0.0	3.845115919966272	-10.564405862870267	-0.8461507771581097	0.08024556342268874	0.9596351518227972
70.4	0.0	70.4	0.0	3.9043963657796077	-10.564406957477331	-0.8461393052468017	0.08026252983221008	0.9596241306320453
71.46666666666667	0.0	71.46666666666667	0.0	3.9637221774427083	-10.564406957477331	-0.84613434732068	0.08025258178564068	0.9595302627104236
72.53333333333333	0.0	72.53333333333333	0.0	4.023096679703835	-10.564406957477331	-0.8461412047120044	0.08023811580206384	0.959261536675746
73.6	0.0	73.6	0.0	4.082523538468745	-10.564406957477331	-0.8461349912071892	0.0802361519482103	0.9595054194226047
74.66666666666666	0.0	74.66666666666666	0.0	4.142006784964515	-10.564406957477331	-0.846130838139204	0.08024910479849011	0.9596037086982568
75.73333333333332	0.0	75.73333333333332	0.0	4.201550840854042	-10.564406957477331	-0.8461497576711368	0.0802530325061972	0.9595575742298622
76.80000000000001	0.0	76.80000000000001	0.0	4.261160544317486	-10.564406957477331	-0.8461388652576868	0.08025764702618085	0.959470681745425
77.86666666666667	0.0	77.86666666666667	0.0	4.320841177116942	-10.564406957477331	-0.8461521078568961	0.08025946063984885	0.959613141635619
78.93333333333334	0.0	78.93333333333334	0.0	4.380598492660622	-10.564406957477331	-0.8461411188604699	0.08023839481955122	0.9595492251681245
80.0	0.0	80.0	0.0	4.440438745082791	-10.564406957477331	-0.8461407325285645	0.08023679583471967	0.959484106779145
