Hysterese	V-MOKE
Charge	2020_0446
Sample	1
Sample State	bFC
User	Meike Reginka
Sample Angle	100.0
Magnetic Field Angle	90.0
Detektor Averages	300
Hysteresus Points	150
Magnetic Field [kA/m]	80
Hysteresis Averages	100
Polarization	p-polarization
Measurement Method	Scan Both Angles
Max Voltage Correction	No
Training Effect Elimination	No
Magnetic field [kA/m]	Magnetic field transversal [kA/m]	Magnetic field longitudinal [kA/m]	Magnetic field transversal [V]	Magnetic field longitudinal [V]	Detector diff transversal [V]	Detector diff longitudinal [V]	Detector raw transversal [V]	Detector raw longitudinal [V]
80.0	80.0	0.0	-4.342489581062203	0.0	-8.889669801000077	-0.8455192640011794	0.12167220194738665	1.6484257268385405
78.93333333333334	78.93333333333334	0.0	-4.283945631442396	0.0	-8.889297656060549	-0.8466145256850287	0.12168481139152817	1.6484474150824624
77.86666666666666	77.86666666666666	0.0	-4.225481927972428	0.0	-8.892669689710027	-0.8466267595287065	0.12166118075663497	1.6483959363560408
76.8	76.8	0.0	-4.167093947216811	0.0	-8.889264334933692	-0.8466286697253506	0.12169530674163054	1.6485218054371762
75.73333333333333	75.73333333333333	0.0	-4.108777426500553	0.0	-8.887660038038442	-0.8466216513623988	0.12169425506033199	1.6483868682877005
74.66666666666667	74.66666666666667	0.0	-4.050528351430542	0.0	-8.891207616613237	-0.8466273604894483	0.12166223243793357	1.6483584406983125
73.6	73.6	0.0	-3.992342943813344	0.0	-8.891165377658226	-0.846624377148622	0.12167404775538014	1.6484057985510756
72.53333333333333	72.53333333333333	0.0	-3.934217649963252	0.0	-8.892417618873054	-0.8466152124973046	0.1216662245342915	1.6482848122759677
71.46666666666667	71.46666666666667	0.0	-3.876149129394453	0.0	-8.891357030477728	-0.846623937159507	0.12166570942508402	1.6482099819321405
70.4	70.4	0.0	-3.818134243891202	0.0	-8.894305655090115	-0.8466128945058715	0.12165144733890189	1.648057058886169
69.33333333333333	69.33333333333333	0.0	-3.760170046949834	0.0	-8.889485799698583	-0.8466139783814961	0.12169803252785354	1.6485087774668048
68.26666666666667	68.26666666666667	0.0	-3.7022537735865026	0.0	-8.893318448293963	-0.8466239478909487	0.12165941006873426	1.6481894741468168
67.2	67.2	0.0	-3.6443828305044987	0.0	-8.894612649446325	-0.8466344325096093	0.12165040638904516	1.648228558057935
66.13333333333333	66.13333333333333	0.0	-3.586554786615013	0.0	-8.892842219100213	-0.846609932627929	0.12166547333336394	1.64819137361202
65.06666666666666	65.06666666666666	0.0	-3.5287673639052177	0.0	-8.891361086962752	-0.8466139139928446	0.12167752474253068	1.648463522976639
64.0	64.0	0.0	-3.4710184286475108	0.0	-8.896382757849175	-0.846615609560653	0.12164075882284664	1.647913107325561
62.93333333333334	62.93333333333334	0.0	-3.4133059829438133	0.0	-8.895822480003067	-0.8466173158599024	0.12163510335300623	1.6479238602302675
61.86666666666667	61.86666666666667	0.0	-3.3556281565987605	0.0	-8.893937834921628	-0.8466206426068673	0.12164065150842848	1.6481155237812184
60.8	60.8	0.0	-3.2979831993156687	0.0	-8.890380759020818	-0.8466237010677873	0.12168622794184873	1.6484074726559994
59.733333333333334	59.733333333333334	0.0	-3.2403694732091295	0.0	-8.893905973270874	-0.8466248707949456	0.12164419288422984	1.6481006607342934
58.66666666666667	58.66666666666667	0.0	-3.1827854456281033	0.0	-8.893516003406475	-0.8466388538636406	0.12165144733890194	1.6480956706138459
57.6	57.6	0.0	-3.1252296822833725	0.0	-8.897232666578638	-0.8466344861668182	0.12162600309034076	1.648001180268599
56.53333333333333	56.53333333333333	0.0	-3.0677008406732234	0.0	-8.897398606863538	-0.8466333593654274	0.12163580089672471	1.6480719755903026
55.46666666666667	55.46666666666667	0.0	-3.0101976638012173	0.0	-8.900292361613857	-0.8466243986115057	0.12160771671347513	1.647702567168445
54.4	54.4	0.0	-2.9527189741799083	0.0	-8.89592333409331	-0.846633509605613	0.12162446849416007	1.6477275928907764
53.33333333333333	53.33333333333333	0.0	-2.895263668114395	0.0	-8.897738149682805	-0.8466251605438748	0.12162976982642044	1.6477816686261186
52.266666666666666	52.266666666666666	0.0	-2.837830710259539	0.0	-8.897932699991605	-0.8466189041132921	0.12161754671418455	1.6477289343210038
51.2	51.2	0.0	-2.7804191284447413	0.0	-8.897431015817846	-0.8466190328905943	0.12161895253306336	1.6478408632592128
50.13333333333333	50.13333333333333	0.0	-2.7230280087601257	0.0	-8.900228981718458	-0.8466127335342445	0.12159728575202364	1.6476469890312464
49.06666666666666	49.06666666666666	0.0	-2.665656490897999	0.0	-8.899802514220436	-0.8466321896382683	0.12159664186551432	1.647742466669142
48.0	48.0	0.0	-2.6083037637434527	0.0	-8.896815610555093	-0.8466189363076176	0.12162138857035704	1.6477715488764813
46.93333333333334	46.93333333333334	0.0	-2.5509690612079656	0.0	-8.89989968742614	-0.8466253859041528	0.12160056957322132	1.6477225061873517
45.86666666666667	45.86666666666667	0.0	-2.4936516582998802	0.0	-8.899834075390839	-0.8466238405765308	0.12159993641815375	1.647620997479153
44.8	44.8	0.0	-2.4363508674256087	0.0	-8.900870314144658	-0.846624226908436	0.1215940555880351	1.6476047715391169
43.733333333333334	43.733333333333334	0.0	-2.3790660349154367	0.0	-8.900054907000666	-0.8466299253040438	0.12159818719313677	1.6476346264102673
42.666666666666664	42.666666666666664	0.0	-2.3217965377677903	0.0	-8.902856435739961	-0.8466165324646494	0.12156963082644698	1.6472720002596417
41.6	41.6	0.0	-2.264541780605829	0.0	-8.900633009771637	-0.8466141930103324	0.12159520385231005	1.647578382923675
40.53333333333333	40.53333333333333	0.0	-2.207301192840227	0.0	-8.901289731085415	-0.8466246347032252	0.12158478362230038	1.6473559308661359
39.46666666666667	39.46666666666667	0.0	-2.1500742260320136	0.0	-8.90427776155216	-0.8466115960014109	0.12156816061891734	1.6472627068310237
38.4	38.4	0.0	-2.092860351449327	0.0	-8.906561712852357	-0.8466202562749617	0.12153885305130001	1.647096444602868
37.333333333333336	37.333333333333336	0.0	-2.0356590578119564	0.0	-8.904903597776356	-0.8466324257299881	0.12155106543209401	1.6471230693100287
36.266666666666666	36.266666666666666	0.0	-1.978469849217529	0.0	-8.90554011178517	-0.8466235508276011	0.12154804989694186	1.647272257814246
35.2	35.2	0.0	-1.9212922432432114	0.0	-8.901723453038112	-0.8466073570818916	0.12159396973650048	1.6475340513375067
34.13333333333333	34.13333333333333	0.0	-1.8641257692167834	0.0	-8.901828342150482	-0.8466286375310257	0.1215996788635501	1.647506224708861
33.06666666666667	33.06666666666667	0.0	-1.8069699666509589	0.0	-8.902718998164548	-0.8466226171921627	0.12157947155859826	1.6473630458120647
32.0	32.0	0.0	-1.7498243838348049	0.0	-8.903989375516051	-0.8466366968438338	0.12157011374132899	1.6473852706280787
30.933333333333337	30.933333333333337	0.0	-1.6926885765761346	0.0	-8.908347059902596	-0.8466136886325668	0.1215422441869159	1.6471968265096746
29.866666666666667	29.866666666666667	0.0	-1.6355621070887316	0.0	-8.9054310910677	-0.8466213830763535	0.12156777428701167	1.6470212815843417
28.799999999999997	28.799999999999997	0.0	-1.5784445430182759	0.0	-8.902792165134894	-0.8466381563199221	0.12158579237783165	1.6473405419785627
27.733333333333334	27.733333333333334	0.0	-1.5213354566008253	0.0	-8.90456341107058	-0.8466095248331391	0.12157351560838674	1.6474135372458392
26.666666666666664	26.666666666666664	0.0	-1.4642344239477312	0.0	-8.906477159822225	-0.8466157276065128	0.12155695699365458	1.6471572704151174
25.6	25.6	0.0	-1.4071410244508409	0.0	-8.907595311671491	-0.8466206962640765	0.12153793014730331	1.647278836188083
24.53333333333333	24.53333333333333	0.0	-1.3500548403018546	0.0	-8.907121207303211	-0.8466167578249275	0.12154226564979959	1.647161165928499
23.46666666666667	23.46666666666667	0.0	-1.292975456119707	0.0	-8.906077531660205	-0.8466227459694649	0.12154036618459699	1.647008951157689
22.4	22.4	0.0	-1.2359024586798253	0.0	-8.90925239652907	-0.8466193977596161	0.12152070618317813	1.646860513854399
21.333333333333336	21.333333333333336	0.0	-1.1788354367391438	0.0	-8.90820966525294	-0.846628358513538	0.12154917669833326	1.6469340242308836
20.266666666666666	20.266666666666666	0.0	-1.121773980950723	0.0	-8.907363931054357	-0.846616747093486	0.12155971497420301	1.6471487174559858
19.200000000000003	19.200000000000003	0.0	-1.0647176838618537	0.0	-8.91226244791443	-0.8466151910344218	0.1215176584537005	1.6468597519220307
18.133333333333333	18.133333333333333	0.0	-1.0076661399894944	0.0	-8.910940055264408	-0.8466216835567245	0.12150993181558829	1.6468964212587374
17.06666666666667	17.06666666666667	0.0	-0.9506189459669213	0.0	-8.911807982084694	-0.8466300218870204	0.12149646385610102	1.6467478444467043
16.0	16.0	0.0	-0.8935757007554419	0.0	-8.910022570645788	-0.8466124223224312	0.12151547997101055	1.6469140315547677
14.933333333333337	14.933333333333337	0.0	-0.8365360059150497	0.0	-8.909073986308766	-0.8466175948773896	0.12152270223135708	1.6467560432682566
13.866666666666674	13.866666666666674	0.0	-0.77949946592787	0.0	-8.906935875302937	-0.8466355807738843	0.12154324221100539	1.6470548173400386
12.799999999999997	12.799999999999997	0.0	-0.7224656885682738	0.0	-8.911539320438658	-0.8466177451175753	0.12150806454471119	1.6468658581124265
11.733333333333334	11.733333333333334	0.0	-0.6654342853135198	0.0	-8.914263904740094	-0.8466333700968691	0.12149135568979354	1.6466256347872301
10.666666666666671	10.666666666666671	0.0	-0.6084048717887804	0.0	-8.908791470371355	-0.8466173158599029	0.12152601824688025	1.646859097304079
9.599999999999994	9.599999999999994	0.0	-0.551377068240432	0.0	-8.910978248465858	-0.8466334130226363	0.12150211932594149	1.646979321646817
8.533333333333331	8.533333333333331	0.0	-0.49435050003146297	0.0	-8.916247214697641	-0.8466197089714291	0.12146464513109724	1.6467174422720219
7.466666666666669	7.466666666666669	0.0	-0.4373247981528619	0.0	-8.915547149090344	-0.846616253447162	0.12148686994711173	1.6464841729211244
6.400000000000006	6.400000000000006	0.0	-0.3802995997448602	0.0	-8.917368510859355	-0.8466313955115743	0.12147169568837465	1.6464622915112486
5.333333333333329	5.333333333333329	0.0	-0.3232745486218845	0.0	-8.915146673144418	-0.8466224454890938	0.12149017523119307	1.646640433445503
4.266666666666666	4.266666666666666	0.0	-0.2662492957950903	0.0	-8.91430189404415	-0.8466214260021203	0.12148066717373833	1.6463846709925465
3.200000000000003	3.200000000000003	0.0	-0.20922349998633066	0.0	-8.917140424794855	-0.8466103833484856	0.12146211251082714	1.6460969503058431
2.13333333333334	2.13333333333334	0.0	-0.15219682812743746	0.0	-8.921129655857875	-0.8466259224762441	0.1214252500081667	1.6460166576581272
1.0666666666666629	1.0666666666666629	0.0	-0.09516895583866962	0.0	-8.922651460159843	-0.8466244630001566	0.12141709411238169	1.6461286187906616
0.0	0.0	0.0	-0.0381395678802	0.0	-8.921409596249259	-0.8466330588850559	0.12143673265091684	1.6460077827557404
-1.0666666666666629	-1.0666666666666629	0.0	0.01889164142950607	0.0	-8.92075466708627	-0.8466233040044393	0.12142562560863057	1.6460203278112295
-2.1333333333333258	-2.1333333333333258	0.0	0.07592496783454125	0.0	-8.92333540714151	-0.8466272209807046	0.12141064451584635	1.6457577401612753
-3.200000000000003	-3.200000000000003	0.0	0.13296069680778344	0.0	-8.926172049158456	-0.8466257185788493	0.12138143353120535	1.645582914242544
-4.266666666666666	-4.266666666666666	0.0	0.1899991032686266	0.0	-8.927190119581287	-0.8466360100315575	0.12138861286578465	1.6453436674785524
-5.333333333333329	-5.333333333333329	0.0	0.2470404513583625	0.0	-8.929403940909177	-0.8466192904451973	0.12136978991682794	1.6452477713144276
-6.400000000000006	-6.400000000000006	0.0	0.3040849942793354	0.0	-8.931738705586405	-0.8466210182073306	0.12134472126873058	1.645052995645348
-7.466666666666669	-7.466666666666669	0.0	0.36113297420401097	0.0	-8.932548199705966	-0.8466348939616078	0.1213416306134857	1.6449779399412419
-8.533333333333331	-8.533333333333331	0.0	0.4181846222601038	0.0	-8.935212816710495	-0.84663031163595	0.12129688050108578	1.6446884378351951
-9.599999999999994	-9.599999999999994	0.0	0.4752401585978824	0.0	-8.938813108127539	-0.8466097609248596	0.12129080650501424	1.6441163446716367
-10.666666666666671	-10.666666666666671	0.0	0.5322997925458017	0.0	-8.940159496281474	-0.8466267166029389	0.12126795926537401	1.6440897521587998
-11.733333333333334	-11.733333333333334	0.0	0.5893637228605886	0.0	-8.94487089972194	-0.8466404099227048	0.1212325133130342	1.6437442748522073
-12.799999999999997	-12.799999999999997	0.0	0.6464321380779278	0.0	-8.944353676420414	-0.8466230786441616	0.12124016483105368	1.6437402720244076
-13.86666666666666	-13.86666666666666	0.0	0.7035052169698697	0.0	-8.943339308345024	-0.8466278219414469	0.12126365595720319	1.6436780511247207
-14.933333333333337	-14.933333333333337	0.0	0.7605831291151076	0.0	-8.950072493961965	-0.8466314169744571	0.12120146725184176	1.6432067047369907
-16.0	-16.0	0.0	0.8176660355882505	0.0	-8.954707092473303	-0.8466256005329893	0.12114775638551993	1.6427425054895166
-17.066666666666663	-17.066666666666663	0.0	0.8747540897742391	0.0	-8.955453786195308	-0.8466284872908396	0.12114351746600009	1.6426000670622063
-18.133333333333326	-18.133333333333326	0.0	0.9318474383140274	0.0	-8.953423182773655	-0.8466067453897073	0.12117959657340743	1.6425064674266303
-19.200000000000003	-19.200000000000003	0.0	0.9889462221876749	0.0	-8.958654245552932	-0.846631062836877	0.12113019974669832	1.6423440899804143
-20.266666666666666	-20.266666666666666	0.0	1.0460505779409777	0.0	-8.959864945356456	-0.8466330481536143	0.1211057105964593	1.641937003466318
-21.33333333333333	-21.33333333333333	0.0	1.1031606390617854	0.0	-8.964856525280016	-0.8466255361443384	0.12106675546264353	1.641586654085138
-22.400000000000006	-22.400000000000006	0.0	1.1602765375121282	0.0	-8.962474681767505	-0.846632275489803	0.12109162021334631	1.6417115895308367
-23.46666666666667	-23.46666666666667	0.0	1.2173984054222904	0.0	-8.962348801954933	-0.8466195909255688	0.12110140728828847	1.6417682300807757
-24.53333333333333	-24.53333333333333	0.0	1.2745263769529795	0.0	-8.965754339165768	-0.8466313740486897	0.12107227142374026	1.6415915154282834
-25.599999999999994	-25.599999999999994	0.0	1.3316605903317076	0.0	-8.963034390847195	-0.8466384997260599	0.12107822737395178	1.641621509808177
-26.66666666666667	-26.66666666666667	0.0	1.3888011900695343	0.0	-8.969792505603502	-0.8466195158054761	0.12102584720641606	1.6411281103075042
-27.733333333333334	-27.733333333333334	0.0	1.4459483293643003	0.0	-8.967448200674477	-0.8466355163852332	0.12105233240483408	1.6412057308262056
-28.799999999999997	-28.799999999999997	0.0	1.5031021726964937	0.0	-8.971211610007222	-0.8466291204459074	0.12101249729278879	1.6409036729332271
-29.86666666666666	-29.86666666666666	0.0	1.5602628986238758	0.0	-8.97057902370611	-0.8466222093973731	0.1210328333750425	1.6407843500316017
-30.933333333333337	-30.933333333333337	0.0	1.6174307027810082	0.0	-8.973641326481697	-0.8466315135574338	0.1210073140063886	1.64068040528611
-32.0	-32.0	0.0	1.6746058010898164	0.0	-8.977176639018502	-0.8466234971703922	0.12097699768323995	1.6404588546696832
-33.06666666666666	-33.06666666666666	0.0	1.731788433187324	0.0	-8.972718304439109	-0.8466360636887665	0.12102003076494822	1.6405882114694124
-34.133333333333326	-34.133333333333326	0.0	1.788978866076694	0.0	-8.979275687576106	-0.8466346149441201	0.12094706769199699	1.6400904979291264
-35.2	-35.2	0.0	1.8461773980077143	0.0	-8.98375875812892	-0.8466309018652499	0.12092575504853734	1.6397656357222739
-36.266666666666666	-36.266666666666666	0.0	1.903384362592853	0.0	-8.984435117981212	-0.8466286267995834	0.12091653674001185	1.6397356306109379
-37.33333333333333	-37.33333333333333	0.0	1.9606001331650438	0.0	-8.9909211370301	-0.8466380597369452	0.12087800013242718	1.6391567551761481
-38.39999999999999	-38.39999999999999	0.0	2.0178251273833046	0.0	-8.987713272977622	-0.8466352266363046	0.12089112468577606	1.6392569868427704
-39.46666666666667	-39.46666666666667	0.0	2.0750598120923507	0.0	-8.993813850830575	-0.846643768863995	0.12084420682212803	1.6386688287108029
-40.53333333333333	-40.53333333333333	0.0	2.1323047084423257	0.0	-8.996639289222257	-0.8466262658823824	0.12082985888441124	1.6385708828412902
-41.599999999999994	-41.599999999999994	0.0	2.18956039727479	0.0	-8.999159901008968	-0.8466305048019034	0.12078584924149713	1.6383868171511486
-42.66666666666667	-42.66666666666667	0.0	2.246827524781106	0.0	-9.000266162420692	-0.8466225849978377	0.12078164251630277	1.638112467840956
-43.733333333333334	-43.733333333333334	0.0	2.304106808439335	0.0	-9.003474638165336	-0.8466441015386917	0.12077086814871288	1.6377448086441162
-44.8	-44.8	0.0	2.3613990432358243	0.0	-9.005752086211798	-0.8466434898465068	0.12074557414033724	1.6376900246336124
-45.86666666666666	-45.86666666666666	0.0	2.4187051081775675	0.0	-9.006564617329397	-0.8466416869642814	0.12074045524258786	1.6374368055323683
-46.93333333333334	-46.93333333333334	0.0	2.4760259731015175	0.0	-9.007211347670825	-0.8466398196934041	0.12073007793834545	1.6371857112566053
-48.0	-48.0	0.0	2.53336270578696	0.0	-9.012314985309898	-0.8466223489061171	0.12069480368907487	1.636835479921285
-49.06666666666666	-49.06666666666666	0.0	2.5907164793770994	0.0	-9.009817510511757	-0.8466333486339849	0.12070529903917727	1.6368719668234815
-50.133333333333326	-50.133333333333326	0.0	2.6480885801159855	0.0	-9.006337497094663	-0.8466395406759168	0.12072764190105179	1.6371590006979084
-51.19999999999999	-51.19999999999999	0.0	2.705480415406914	0.0	-9.00742204879957	-0.8466409786891212	0.1207133368891023	1.6369673371469593
-52.26666666666665	-52.26666666666665	0.0	2.762893522198445	0.0	-9.01278032209021	-0.8466332627824508	0.12067162377473822	1.6369517550934325
-53.33333333333334	-53.33333333333334	0.0	2.820329575704172	0.0	-9.014078590459015	-0.8466396801846602	0.12067829873155184	1.6365568594972466
-54.400000000000006	-54.400000000000006	0.0	2.877790398462363	0.0	-9.00956155489285	-0.8466334022911949	0.12069789434431981	1.6367232612341476
-55.46666666666667	-55.46666666666667	0.0	2.935277969741645	0.0	-9.009691856059455	-0.8466511628274104	0.12069993331826606	1.6368950716177255
-56.53333333333333	-56.53333333333333	0.0	2.9927944352988205	0.0	-9.011415937308337	-0.8466460761239866	0.1206884936012832	1.6367367613879593
-57.599999999999994	-57.599999999999994	0.0	3.050342117494992	0.0	-9.008983967231073	-0.8466356666254191	0.1207072306987053	1.636896155493349
-58.66666666666666	-58.66666666666666	0.0	3.1079235257761075	0.0	-9.009049869015309	-0.8466238835022984	0.12070885114642055	1.636703805130122
-59.73333333333332	-59.73333333333332	0.0	3.1655413675240673	0.0	-9.01223386634116	-0.8466279077929818	0.1206925822806176	1.6366681123546207
-60.80000000000001	-60.80000000000001	0.0	3.223198559284539	0.0	-9.00866139082133	-0.8466467629362638	0.12071977575419587	1.6367533200026916
-61.866666666666674	-61.866666666666674	0.0	3.28089823837759	0.0	-9.01043662885338	-0.8466294853149293	0.12070116743407563	1.636917189119321
-62.93333333333334	-62.93333333333334	0.0	3.338643774897311	0.0	-9.008412582342675	-0.8466433503377645	0.12070484831862074	1.6369516048532466
-64.0	-64.0	0.0	3.39643878410653	0.0	-9.005664367406352	-0.8466287233825601	0.1207275345866336	1.63707422230751
-65.06666666666666	-65.06666666666666	0.0	3.454287139232773	0.0	-9.005194780975073	-0.8466345183611438	0.12073837334287431	1.637178628505002
-66.13333333333333	-66.13333333333333	0.0	3.5121929846716027	0.0	-9.00975482816007	-0.84663937970429	0.12070069525063537	1.6369344560092132
-67.19999999999999	-67.19999999999999	0.0	3.570160749603466	0.0	-9.008145423098505	-0.846625611264431	0.12071860602703717	1.6370690497525515
-68.26666666666665	-68.26666666666665	0.0	3.628195162030197	0.0	-9.008081431510917	-0.8466282619305612	0.12072574243584927	1.6369624865352548
-69.33333333333334	-69.33333333333334	0.0	3.6863012632373016	0.0	-9.000952008867568	-0.8466444127505048	0.12077334711177387	1.6374520334483142
-70.4	-70.4	0.0	3.7444844226881497	0.0	-9.006412080615332	-0.8466398411562881	0.12073106523099313	1.6374141407272407
-71.46666666666667	-71.46666666666667	0.0	3.802750353356249	0.0	-9.006522303254291	-0.8466184748556194	0.12073463880112013	1.6372223698618709
-72.53333333333333	-72.53333333333333	0.0	3.861105127501684	0.0	-9.001817810862367	-0.8466294638520455	0.12077907770170716	1.637276499254423
-73.6	-73.6	0.0	3.9195551928979	0.0	-9.001403223070433	-0.8466291848345581	0.12076588875970723	1.6375467706167246
-74.66666666666666	-74.66666666666666	0.0	3.9781073895149364	0.0	-9.001000954973719	-0.8466387680121056	0.12076754140174785	1.637640284400765
-75.73333333333332	-75.73333333333332	0.0	4.036768966665268	0.0	-9.000755065447242	-0.8466192367879889	0.12079116130519932	1.637515338223625
-76.80000000000001	-76.80000000000001	0.0	4.09554760061838	0.0	-8.999408226572744	-0.8466175412201805	0.12078808138139623	1.6375939031092086
-77.86666666666667	-77.86666666666667	0.0	4.1544514126901975	0.0	-9.003994737493267	-0.8466139891129374	0.12076525560463973	1.6373944914572618
-78.93333333333334	-78.93333333333334	0.0	4.213488987813546	0.0	-9.000955528780482	-0.8466370831757396	0.12078281224346143	1.637545472112263
-80.0	-80.0	0.0	4.272669393595734	0.0	-8.997684080935215	-0.8466270600090775	0.12078905794260213	1.637702709197847
-80.0	-80.0	0.0	4.334632001425141	0.0	-8.997213035027858	-0.8455555470059822	0.12082171372006799	1.6379234764190196
-78.93333333333334	-78.93333333333334	0.0	4.2765525217646445	0.0	-9.00270309042407	-0.8466458400322668	0.1207719627557788	1.6376338669985546
-77.86666666666666	-77.86666666666666	0.0	4.2185409905834925	0.0	-9.00145429400207	-0.8466300970071136	0.12078030108607489	1.637617909344564
-76.8	-76.8	0.0	4.160591136621887	0.0	-8.99672750167404	-0.8466411289293068	0.12080388879520085	1.6378476158567756
-75.73333333333333	-75.73333333333333	0.0	4.1026972267289015	0.0	-9.005799680156292	-0.8466431679032528	0.12072582828738375	1.6375134065640982
-74.66666666666667	-74.66666666666667	0.0	4.044854034561523	0.0	-9.003707317286937	-0.846628744845444	0.12075019939176272	1.6375919714496803
-73.6	-73.6	0.0	3.9870568103551984	0.0	-8.997251410663816	-0.8466349046930494	0.12083671627573594	1.6376163318226171
-72.53333333333333	-72.53333333333333	0.0	3.9293012517491834	0.0	-8.999233722597266	-0.8466500574889032	0.12078655751665748	1.6379913849828722
-71.46666666666667	-71.46666666666667	0.0	3.8715834756500076	0.0	-9.003563966687073	-0.846614632999447	0.1207684213799774	1.6375479940010909
-70.4	-70.4	0.0	3.813899991116364	0.0	-9.00305071401903	-0.8466337564287747	0.12076149960000182	1.6372249883336756
-69.33333333333333	-69.33333333333333	0.0	3.7562476732487218	0.0	-8.999522838371407	-0.8466235615590432	0.12079072131608455	1.6377651232634873
-68.26666666666667	-68.26666666666667	0.0	3.6986237380669853	0.0	-9.005225891424919	-0.8466313096600393	0.12074868625846573	1.6376090237107355
-67.2	-67.2	0.0	3.641025718359479	0.0	-9.001906581349116	-0.8466178417005515	0.12077933525631089	1.6373646580489947
-66.13333333333333	-66.13333333333333	0.0	3.583451440486598	0.0	-9.00302782385362	-0.8466263195395918	0.12077211299596435	1.6374038278116476
-65.06666666666666	-65.06666666666666	0.0	3.5258990021224057	0.0	-9.005522637254202	-0.8466235722904849	0.1207406054827734	1.637333096878596
-64.0	-64.0	0.0	3.4683667509174954	0.0	-9.007876428777784	-0.8466330588850564	0.12072172887660751	1.637241117690734
-62.93333333333334	-62.93333333333334	0.0	3.4108532640664255	0.0	-9.001624387354957	-0.8466276287754934	0.12077510706823279	1.6373338802738489
-61.86666666666667	-61.86666666666667	0.0	3.353357328763028	0.0	-9.001969982707402	-0.8466323828042213	0.12077242420777715	1.6375192337370066
-60.8	-60.8	0.0	3.2958779235269047	0.0	-9.006208301266561	-0.8466412147808413	0.12073428466353993	1.6372240010410273
-59.733333333333334	-59.733333333333334	0.0	3.238414200384411	0.0	-9.002788480506657	-0.8466356451625354	0.1207507574267375	1.6373833844149754
-58.66666666666667	-58.66666666666667	0.0	3.1809654678874364	0.0	-9.007305644850131	-0.8466398411562882	0.12074409320136567	1.6373048839180442
-57.6	-57.6	0.0	3.1235311749532944	0.0	-9.007211970094456	-0.8466398196934045	0.12073203106075718	1.6373750246217966
-56.53333333333333	-56.53333333333333	0.0	3.066110895509022	0.0	-9.005816464131298	-0.8466396694532188	0.12074872918423302	1.637090147767175
-55.46666666666667	-55.46666666666667	0.0	3.0087043139233947	0.0	-9.004624243870586	-0.8466374158504363	0.12074149619244468	1.6371037874297314
-54.4	-54.4	0.0	2.9513112112099673	0.0	-9.00472786667282	-0.8466299467669275	0.12074626095261387	1.6373040039398143
-53.33333333333333	-53.33333333333333	0.0	2.8939314519844546	0.0	-9.006735000431213	-0.8466344861668194	0.12073045353880929	1.6370409441064186
-52.266666666666666	-52.266666666666666	0.0	2.836564972159741	0.0	-9.00691848662349	-0.8466227137751392	0.12072829651900292	1.6370783646440543
-51.2	-51.2	0.0	2.7792117673618404	0.0	-9.011571618334862	-0.8466358812542559	0.12068965259700005	1.636733617075506
-50.13333333333333	-50.13333333333333	0.0	2.7218718820501118	0.0	-9.008399264623378	-0.8466380060797366	0.12071799433485339	1.636895779892886
-49.06666666666666	-49.06666666666666	0.0	2.6645453993250308	0.0	-9.01289594264441	-0.8466151373772128	0.12068474832808712	1.6365919620434475
-48.0	-48.0	0.0	2.60723243140683	0.0	-9.008572137419698	-0.8466469990279838	0.1207120276532	1.6368605593008243
-46.93333333333334	-46.93333333333334	0.0	2.549933110768312	0.0	-9.008565805869017	-0.8466423952394417	0.12071965770833583	1.6369273625261698
-45.86666666666667	-45.86666666666667	0.0	2.492647581905143	0.0	-9.009937734854498	-0.8466425562110692	0.12070664046940509	1.6368436680113947
-44.8	-44.8	0.0	2.435375993726936	0.0	-9.008415823238103	-0.8466306335792043	0.12072098840712178	1.63688284850549
-43.733333333333334	-43.733333333333334	0.0	2.378118492552427	0.0	-9.00407333457318	-0.8466290238629308	0.12075513585500108	1.637267978489616
-42.666666666666664	-42.666666666666664	0.0	2.32087521569205	0.0	-9.00537950128316	-0.8466250961552239	0.12074778481735272	1.6372662614589248
-41.6	-41.6	0.0	2.2636462856012263	0.0	-9.008270734144673	-0.8466384031430836	0.12070132840570295	1.6368938696962416
-40.53333333333333	-40.53333333333333	0.0	2.2064318045876616	0.0	-9.009791540422547	-0.8466268883060075	0.1207189387017337	1.636861525130588
-39.46666666666667	-39.46666666666667	0.0	2.1492318500559726	0.0	-9.013489949412167	-0.8466351622476541	0.12067136622013448	1.636641659350528
-38.4	-38.4	0.0	2.092046470272937	0.0	-9.01214724214277	-0.8466227137751389	0.1206995040605931	1.6365041466550145
-37.333333333333336	-37.333333333333336	0.0	2.0348756806366817	0.0	-9.009387190426118	-0.8466388967894077	0.12070338884253289	1.6368381627817394
-36.266666666666666	-36.266666666666666	0.0	1.977719460433113	0.0	-9.009890076521367	-0.8466399806650319	0.12069801239017978	1.6370100268225283
-35.2	-35.2	0.0	1.920577750062899	0.0	-9.012481805573033	-0.8466328871819873	0.12067710754150955	1.6366270431267662
-34.13333333333333	-34.13333333333333	0.0	1.8634504487223043	0.0	-9.01710175566628	-0.8466352802935136	0.12064411908934705	1.6361490217822237
-33.06666666666667	-33.06666666666667	0.0	1.8063374125211922	0.0	-9.009185847114644	-0.8466424596280926	0.12071200619031636	1.636937621784552
-32.0	-32.0	0.0	1.7492384530214933	0.0	-9.015516936337924	-0.8466434683836239	0.12065771582613621	1.636396896625441
-30.933333333333337	-30.933333333333337	0.0	1.692153336179458	0.0	-9.01632003451815	-0.8466362675861615	0.12065993723459352	1.6361470471969282
-29.866666666666667	-29.866666666666667	0.0	1.635081781674985	0.0	-9.011904432540106	-0.8466263839282426	0.12069177742248094	1.63661088157538
-28.799999999999997	-28.799999999999997	0.0	1.5780234626113472	0.0	-9.012232535642376	-0.8466365787979737	0.12068907309914159	1.63667323125237
-27.733333333333334	-27.733333333333334	0.0	1.5209780055686137	0.0	-9.0148488826216	-0.8466387358177798	0.12066322105579111	1.6365340981091412
-26.666666666666664	-26.666666666666664	0.0	1.4639449909940745	0.0	-9.01162732524936	-0.8466208679671459	0.12069786214999426	1.6367177989302595
-25.6	-25.6	0.0	1.4069239539129832	0.0	-9.010469445602475	-0.8466216942881661	0.12071504318835218	1.6367148048579916
-24.53333333333333	-24.53333333333333	0.0	1.3499143849429092	0.0	-9.014410782240628	-0.8466331983937998	0.12067393103473004	1.636625186587331
-23.46666666666667	-23.46666666666667	0.0	1.2929157315950264	0.0	-9.013877772988195	-0.84662024554352	0.12067141987734356	1.63665850771419
-22.4	-22.4	0.0	1.235927399845624	0.0	-9.011365402948796	-0.8466355700424427	0.12069421345977459	1.6366232549278033
-21.333333333333336	-21.333333333333336	0.0	1.1789487559611669	0.0	-9.016728097593464	-0.8466408284489357	0.12066445517160072	1.6364983624078715
-20.266666666666666	-20.266666666666666	0.0	1.1219791285601926	0.0	-9.01656497967776	-0.8466432537547877	0.12064798240840313	1.636483327657879
-19.200000000000003	-19.200000000000003	0.0	1.0650178108953703	0.0	-9.015665706315918	-0.8466450673684557	0.12065753339162529	1.636397422466089
-18.133333333333333	-18.133333333333333	0.0	1.0080640633390137	0.0	-9.013426226110631	-0.8466495960369046	0.12067779435378613	1.6366781355212827
-17.06666666666667	-17.06666666666667	0.0	0.9511171160553648	0.0	-9.013627687467956	-0.8466335096056128	0.12068468393943624	1.6366886308713848
-16.0	-16.0	0.0	0.8941761718429497	0.0	-9.015855566984639	-0.8466324901186398	0.12065654609897758	1.6363773868642064
-14.933333333333337	-14.933333333333337	0.0	0.8372404091303182	0.0	-9.015180323202285	-0.8466341964178892	0.12065882116464394	1.6364505967603202
-13.866666666666674	-13.866666666666674	0.0	0.780308985108466	0.0	-9.018936864412261	-0.846621672825282	0.12063237889199324	1.6363415116541937
-12.799999999999997	-12.799999999999997	0.0	0.7233810389832572	0.0	-9.015744120961307	-0.8466344539724935	0.12066465906899537	1.6365562585365054
-11.733333333333334	-11.733333333333334	0.0	0.6664556953311475	0.0	-9.014745045190518	-0.8466515384278747	0.12066651560843075	1.6366024359306672
-10.666666666666671	-10.666666666666671	0.0	0.6095320675415111	0.0	-9.01346512758722	-0.8466263839282422	0.120680766963171	1.6368548716366578
-9.599999999999994	-9.599999999999994	0.0	0.5526092613288888	0.0	-9.01005536218831	-0.8466410001520047	0.12070811067693481	1.6371309916347505
-8.533333333333331	-8.533333333333331	0.0	0.49568637829845885	0.0	-9.004451092056767	-0.8466243771486216	0.1207365597292063	1.6374267072456132
-7.466666666666669	-7.466666666666669	0.0	0.4387625195480302	0.0	-9.012511349232375	-0.8466361066145336	0.1206867658391498	1.6372986704132293
-6.400000000000006	-6.400000000000006	0.0	0.3818367892898798	0.0	-9.012334698968534	-0.8466349690817006	0.1207018220520268	1.6372998294089454
-5.333333333333329	-5.333333333333329	0.0	0.3249082984757282	0.0	-9.003934673613394	-0.8466383816801994	0.1207540305164933	1.6377582980664878
-4.266666666666666	-4.266666666666666	0.0	0.26797616840817	0.0	-9.000695956665679	-0.8466319213522228	0.12077318614014657	1.638148310856644
-3.200000000000003	-3.200000000000003	0.0	0.21103953432185357	0.0	-8.998354645808934	-0.8466330266907306	0.12080087326004867	1.6383780817575058
-2.13333333333334	-2.13333333333334	0.0	0.15409754891773225	0.0	-8.98941439967245	-0.8466303116359493	0.12087749575466153	1.6388468311363127
-1.0666666666666629	-1.0666666666666629	0.0	0.09714938583368175	0.0	-8.985539018475738	-0.8466411074664231	0.12090920716524708	1.6392437120492358
0.0	0.0	0.0	0.0401942430348	0.0	-8.984258725271973	-0.8466210396702151	0.12092300779943084	1.63953991057498
1.0666666666666629	1.0666666666666629	0.0	-0.01676865389331629	0.0	-8.97842983533166	-0.8466436722810188	0.12096350826086909	1.6400428825217597
2.1333333333333258	2.1333333333333258	0.0	-0.07374004856499573	0.0	-8.976795758685347	-0.8466227781637902	0.12098354386275167	1.6400214947582068
3.200000000000003	3.200000000000003	0.0	-0.13072065074532263	0.0	-8.972692946042084	-0.8466497784714155	0.12100317166984509	1.640453821623469
4.266666666666666	4.266666666666666	0.0	-0.1877111334480573	0.0	-8.970132767429357	-0.8466327584046854	0.12103590256740374	1.6407419393735196
5.333333333333329	5.333333333333329	0.0	-0.244712130197352	0.0	-8.96819710507351	-0.8466315242888757	0.12106267751475101	1.640899251579196
6.400000000000006	6.400000000000006	0.0	-0.30172423246994073	0.0	-8.964490293364948	-0.8466208679671459	0.12107204606346202	1.640980864194257
7.466666666666669	7.466666666666669	0.0	-0.35874798733450286	0.0	-8.965469226219433	-0.8466344432410515	0.12107412796317561	1.6412027689482627
8.533333333333331	8.533333333333331	0.0	-0.4157838953049008	0.0	-8.961656033728074	-0.8466222630545827	0.12110858662286772	1.6415864179934192
9.599999999999994	9.599999999999994	0.0	-0.47283240842397	0.0	-8.955031815171413	-0.846629871646835	0.12114682275008141	1.641751145625393
10.666666666666671	10.666666666666671	0.0	-0.5298939285945675	0.0	-8.956969280409492	-0.8466394440929405	0.12113693909216286	1.6420533215642328
11.733333333333334	11.733333333333334	0.0	-0.5869688061745607	0.0	-8.962948217369371	-0.8466144076391687	0.12109108364125518	1.641728223265662
12.799999999999997	12.799999999999997	0.0	-0.6440573388524645	0.0	-8.959991554907075	-0.8466273282951228	0.12111547620851777	1.6416372421018894
13.86666666666666	13.86666666666666	0.0	-0.7011597708204031	0.0	-8.954356238714352	-0.8466268453802409	0.12116682615763859	1.6419005058326794
14.933333333333337	14.933333333333337	0.0	-0.7582762922611015	0.0	-8.956456703822285	-0.8466416011127467	0.12113639178862985	1.642147683132178
16.0	16.0	0.0	-0.815407039165591	0.0	-8.948223713359102	-0.8466201489605432	0.12120650029805645	1.6427397904347365
17.066666666666663	17.066666666666663	0.0	-0.8725520934983348	0.0	-8.947157362179526	-0.8466232610786719	0.12120560958838514	1.6426602060621798
18.133333333333326	18.133333333333326	0.0	-0.9297114837264504	0.0	-8.945387919126057	-0.8466252893211766	0.12123724587887798	1.642982160048298
19.200000000000003	19.200000000000003	0.0	-0.9868851857297346	0.0	-8.946238793685284	-0.8466238298450885	0.12121682394508979	1.6430904510277287
20.266666666666666	20.266666666666666	0.0	-1.0440731241081747	0.0	-8.937859780493234	-0.8466190650849194	0.12131337472716697	1.6436048948858175
21.33333333333333	21.33333333333333	0.0	-1.1012751739036517	0.0	-8.93993500524999	-0.8466131198661497	0.12128750122093278	1.6437662743079442
22.400000000000006	22.400000000000006	0.0	-1.1584911627525145	0.0	-8.93674102768323	-0.846632050129525	0.12131328887563245	1.6440635781721948
23.46666666666667	23.46666666666667	0.0	-1.2157208734857228	0.0	-8.934191419540712	-0.8466100077480214	0.12132119794825563	1.6441791128748569
24.53333333333333	24.53333333333333	0.0	-1.272964047193262	0.0	-8.935709188820555	-0.8466268561116828	0.12130331936617923	1.6440142993913471
25.599999999999994	25.599999999999994	0.0	-1.3302203867695057	0.0	-8.931198763822549	-0.8466202455435194	0.12135151427140416	1.6445170352464058
26.66666666666667	26.66666666666667	0.0	-1.3874895609562332	0.0	-8.925611277666025	-0.8466268668431247	0.12138635926300195	1.6450498727957774
27.733333333333334	27.733333333333334	0.0	-1.4447712088999851	0.0	-8.927914084109515	-0.8466275429239596	0.12138371932831359	1.6449023476650435
28.799999999999997	28.799999999999997	0.0	-1.5020649452404609	0.0	-8.923891252902166	-0.84660788292254	0.12140306811791966	1.645284880640249
29.86666666666666	29.86666666666666	0.0	-1.5593703657466396	0.0	-8.92054080018218	-0.8466228532838825	0.1214379131095173	1.6457783445295744
30.933333333333337	30.933333333333337	0.0	-1.616687053517327	0.0	-8.912511492484807	-0.8466110808922038	0.12149915744799848	1.64616035166413
32.0	32.0	0.0	-1.6740145857628108	0.0	-8.913198959379395	-0.8466300004241368	0.12148057059076187	1.6463460485334278
33.06666666666666	33.06666666666666	0.0	-1.731352541184335	0.0	-8.91081537737331	-0.8466302794416246	0.12150629385681042	1.6467512463137632
34.133333333333326	34.133333333333326	0.0	-1.788700507968065	0.0	-8.910851198926116	-0.8466256434587567	0.12151754040784046	1.6467407616951024
35.2	35.2	0.0	-1.8460580924102532	0.0	-8.909684712662894	-0.8466196123884521	0.12152011595387784	1.6465580267037483
36.266666666666666	36.266666666666666	0.0	-1.9034249281902877	0.0	-8.907223553063874	-0.8466121540363857	0.12153803746172148	1.6471317188521377
37.33333333333333	37.33333333333333	0.0	-1.9608006863083274	0.0	-8.905662063890048	-0.846616382224464	0.12155951107680839	1.6470191674903032
38.39999999999999	38.39999999999999	0.0	-2.018185085704204	0.0	-8.904449335844006	-0.8466185714385955	0.12156601433055277	1.6469594792108868
39.46666666666667	39.46666666666667	0.0	-2.0755779045742972	0.0	-8.906287975234342	-0.846612078916293	0.12156399681949015	1.6470085433629
40.53333333333333	40.53333333333333	0.0	-2.132978992403061	0.0	-8.905800424369465	-0.8466205352924492	0.12155168785571974	1.6470913471680027
41.599999999999994	41.599999999999994	0.0	-2.1903882827259142	0.0	-8.900512184468163	-0.8466214903907712	0.12159173759660137	1.6475427867311503
42.66666666666667	42.66666666666667	0.0	-2.247805806640169	0.0	-8.906853425635415	-0.8466028498763258	0.12154087056236262	1.647111715444581
43.733333333333334	43.733333333333334	0.0	-2.3052317070806954	0.0	-8.899077680445417	-0.8466139461871701	0.1216043470407429	1.6473533445886568
44.8	44.8	0.0	-2.3626662538770318	0.0	-8.898425348291354	-0.8466332091252423	0.12161267463959712	1.6477519425322709
45.86666666666666	45.86666666666666	0.0	-2.420109859608605	0.0	-8.901591552886666	-0.8466266844086134	0.12158184320724104	1.647617166354422
46.93333333333334	46.93333333333334	0.0	-2.4775630962747797	0.0	-8.899144022218765	-0.846622874746767	0.12159756476951106	1.647476552272221
48.0	48.0	0.0	-2.5350267127964097	0.0	-8.899282586595582	-0.8466273712208904	0.12160784549077701	1.6474858135065142
49.06666666666666	49.06666666666666	0.0	-2.5925016533656065	0.0	-8.8987063832898	-0.8466211147903074	0.12160657918064194	1.6479476840311142
50.133333333333326	50.133333333333326	0.0	-2.6499890766603915	0.0	-8.89858066444885	-0.8466251068866655	0.121612803416899	1.6477582955458296
51.19999999999999	51.19999999999999	0.0	-2.707490375940949	0.0	-8.894936084371414	-0.8466333915597525	0.12165126490439093	1.6478702888726895
52.26666666666665	52.26666666666665	0.0	-2.765007200044159	0.0	-8.898072176540978	-0.8466284872908405	0.1216145633733579	1.6479722590328876
53.33333333333334	53.33333333333334	0.0	-2.822541475293108	0.0	-8.90035203916185	-0.8466298287210675	0.12158566360052983	1.6475824179458007
54.400000000000006	54.400000000000006	0.0	-2.8800954283382634	0.0	-8.891883622327967	-0.8466371690272738	0.1216564911165585	1.648035510150989
55.46666666666667	55.46666666666667	0.0	-2.9376716099470257	0.0	-8.895177788635579	-0.8466163285672548	0.12162832108177435	1.6480486561672214
56.53333333333333	56.53333333333333	0.0	-2.9952729197583214	0.0	-8.89783483997363	-0.8466158027266062	0.12163232390957417	1.6479075162443726
57.599999999999994	57.599999999999994	0.0	-3.052902632018954	0.0	-8.892953783169395	-0.8466227674323483	0.12165719939171883	1.648046263055696
58.66666666666666	58.66666666666666	0.0	-3.110564422318395	0.0	-8.893808242030193	-0.8466206533383095	0.12164839960942439	1.6480858406131367
59.73333333333332	59.73333333333332	0.0	-3.1682623953387075	0.0	-8.898773207978028	-0.8466190650849196	0.12161569017474932	1.6479382940195197
60.80000000000001	60.80000000000001	0.0	-3.2260011136363067	0.0	-8.896310331348312	-0.8466129588945225	0.12163646624611768	1.6477272065588702
61.866666666666674	61.866666666666674	0.0	-3.2837856274722257	0.0	-8.894778214130765	-0.8466356666254191	0.12163142246846105	1.6480013627031098
62.93333333333334	62.93333333333334	0.0	-3.341621505707621	0.0	-8.894821333064005	-0.8466215333165387	0.12162716208605753	1.6478862465266801
64.0	64.0	0.0	-3.3995148677811597	0.0	-8.891965277868794	-0.8466253859041533	0.12166549479624766	1.6481263625374587
65.06666666666666	65.06666666666666	0.0	-3.4574724167850257	0.0	-8.892010435775981	-0.8466183460783172	0.12167768571415806	1.6483772743787113
66.13333333333333	66.13333333333333	0.0	-3.51550147365621	0.0	-8.891819555620293	-0.8466172407398099	0.12167711694774139	1.648318369494547
67.19999999999999	67.19999999999999	0.0	-3.5736100124997923	0.0	-8.889665325988831	-0.8466269848889848	0.12168221438260712	1.6483781650883835
68.26666666666665	68.26666666666665	0.0	-3.6318066970609046	0.0	-8.887822200855817	-0.8466212864933764	0.12169616525697631	1.6485154524236179
69.33333333333334	69.33333333333334	0.0	-3.6901009183620634	0.0	-8.892334128255676	-0.8466206855326345	0.12166934738386187	1.6484936354023918
70.4	70.4	0.0	-3.748502833522565	0.0	-8.888554342742719	-0.846612980357406	0.12169825788813177	1.6486033000063771
71.46666666666667	71.46666666666667	0.0	-3.8070234057766568	0.0	-8.884777497644812	-0.8466314920945502	0.12171924858833663	1.6487836096918793
72.53333333333333	72.53333333333333	0.0	-3.865674445707142	0.0	-8.890198689378856	-0.8466343251951911	0.12166869276591072	1.6485807854414336
73.6	73.6	0.0	-3.9244686537111386	0.0	-8.885873778815636	-0.8466318784264558	0.12171834714722346	1.6489100046136644
74.66666666666666	74.66666666666666	0.0	-3.9834196637146766	0.0	-8.882865551775383	-0.8466247205547605	0.12173176144950172	1.6488888207475065
75.73333333333332	75.73333333333332	0.0	-4.042542088152829	0.0	-8.886353764014038	-0.8466266629457302	0.12172843470253675	1.6489057978884711
76.80000000000001	76.80000000000001	0.0	-4.1018515642320645	0.0	-8.887723299887977	-0.8466260512535463	0.12169636915437104	1.6487989019964757
77.86666666666667	77.86666666666667	0.0	-4.161364801491512	0.0	-8.885604430357338	-0.8466111882066223	0.12172195291167594	1.648561082514248
78.93333333333334	78.93333333333334	0.0	-4.221099630679855	0.0	-8.888287913236587	-0.8466080009684004	0.12169452334637754	1.6485559958108233
80.0	80.0	0.0	-4.28107505396451	0.0	-8.88695644178679	-0.8466242269084364	0.12170211047574603	1.6488784541747075
