Hysterese	V-MOKE
Charge	2020_0446
Sample	1
Sample State	bFC
User	Meike Reginka
Sample Angle	90.0
Magnetic Field Angle	90.0
Detektor Averages	300
Hysteresus Points	150
Magnetic Field [kA/m]	80
Hysteresis Averages	100
Polarization	p-polarization
Measurement Method	Scan Both Angles
Max Voltage Correction	No
Training Effect Elimination	No
Magnetic field [kA/m]	Magnetic field transversal [kA/m]	Magnetic field longitudinal [kA/m]	Magnetic field transversal [V]	Magnetic field longitudinal [V]	Detector diff transversal [V]	Detector diff longitudinal [V]	Detector raw transversal [V]	Detector raw longitudinal [V]
80.0	80.0	0.0	-4.342489581062203	0.0	-3.876301251608485	-0.8408299995252005	0.16259657680046516	2.091913259401837
78.93333333333334	78.93333333333334	0.0	-4.283945631442396	0.0	-3.877151793493011	-0.8446623798345353	0.16259053499871906	2.092277559657385
77.86666666666666	77.86666666666666	0.0	-4.225481927972428	0.0	-3.8813144231929892	-0.8446821042246049	0.1625636741998374	2.0915882362233575
76.8	76.8	0.0	-4.167093947216811	0.0	-3.8824545744979826	-0.8446729503047307	0.16256146352282172	2.091335027853554
75.73333333333333	75.73333333333333	0.0	-4.108777426500553	0.0	-3.8828817073454025	-0.8446933937014021	0.16253782215648677	2.0915794149781792
74.66666666666667	74.66666666666667	0.0	-4.050528351430542	0.0	-3.88415024962036	-0.8446582267665496	0.16253157645734617	2.091244583261874
73.6	73.6	0.0	-3.992342943813344	0.0	-3.884940555921939	-0.8446846905020844	0.16252485857476523	2.091246514921402
72.53333333333333	72.53333333333333	0.0	-3.934217649963252	0.0	-3.887648345516924	-0.8446725854357082	0.16251139061527797	2.091067149602782
71.46666666666667	71.46666666666667	0.0	-3.876149129394453	0.0	-3.8842270330866002	-0.8447003476757028	0.1625297306493526	2.0911883290438404
70.4	70.4	0.0	-3.818134243891202	0.0	-3.883160177529254	-0.8446709757194348	0.16253546123928583	2.091454189783552
69.33333333333333	69.33333333333333	0.0	-3.760170046949834	0.0	-3.884081289375209	-0.8446767706980194	0.16253900261508733	2.0914616374041763
68.26666666666667	68.26666666666667	0.0	-3.7022537735865026	0.0	-3.8794902390547894	-0.8446723171496626	0.16257717435365004	2.0915552477711956
67.2	67.2	0.0	-3.6443828305044987	0.0	-3.8809550701321225	-0.8446766741150423	0.16257500660240187	2.09135154354252
66.13333333333333	66.13333333333333	0.0	-3.586554786615013	0.0	-3.879508074711099	-0.8446584521268282	0.1625644254007649	2.091836948119036
65.06666666666666	65.06666666666666	0.0	-3.5287673639052177	0.0	-3.8803116880005377	-0.844678852597733	0.16257397638398674	2.091658162298272
64.0	64.0	0.0	-3.4710184286475108	0.0	-3.8869631322251115	-0.8446652558609437	0.16252586733029645	2.0910871315474533
62.93333333333334	62.93333333333334	0.0	-3.4133059829438133	0.0	-3.882640410876025	-0.8446740019860289	0.16254312348874705	2.091347143651373
61.86666666666667	61.86666666666667	0.0	-3.3556281565987605	0.0	-3.883645764540284	-0.8446699455010207	0.16253978601034036	2.091287390983305
60.8	60.8	0.0	-3.2979831993156687	0.0	-3.8803417467690826	-0.8446958190072542	0.1625619357062621	2.0913229871758308
59.733333333333334	59.733333333333334	0.0	-3.2403694732091295	0.0	-3.879818653368881	-0.8446580336005967	0.16257184082706416	2.091712184376407
58.66666666666667	58.66666666666667	0.0	-3.1827854456281033	0.0	-3.8893183832247864	-0.8446924064087549	0.16249037845218947	2.0910313495128596
57.6	57.6	0.0	-3.1252296822833725	0.0	-3.882554226666745	-0.8446679923786086	0.16254287666558523	2.091471295701816
56.53333333333333	56.53333333333333	0.0	-3.0677008406732234	0.0	-3.892868097356515	-0.8446982872388731	0.16246172550252327	2.090604742506091
55.46666666666667	55.46666666666667	0.0	-3.0101976638012173	0.0	-3.8844012151188214	-0.8446970209287379	0.16253166230888078	2.0911269451966152
54.4	54.4	0.0	-2.9527189741799083	0.0	-3.8831822413736425	-0.8447039963659222	0.16253077159920934	2.0913622105956917
53.33333333333333	53.33333333333333	0.0	-2.895263668114395	0.0	-3.8886481510257584	-0.8446775755561561	0.16250289131335446	2.090943222912614
52.266666666666666	52.266666666666666	0.0	-2.837830710259539	0.0	-3.883450495224882	-0.8446855490174301	0.1625344524837546	2.091071409985184
51.2	51.2	0.0	-2.7804191284447413	0.0	-3.8859110967889245	-0.8446878670088634	0.16252293764667894	2.0911018336227523
50.13333333333333	50.13333333333333	0.0	-2.7230280087601257	0.0	-3.884646750507722	-0.8447076450561432	0.16252530929532172	2.0912675485473757
49.06666666666666	49.06666666666666	0.0	-2.665656490897999	0.0	-3.8813390303890913	-0.8446715874116184	0.16256726923284773	2.091467990417737
48.0	48.0	0.0	-2.6083037637434527	0.0	-3.8835087347596526	-0.8446976862781316	0.16253737143593028	2.0912163381069964
46.93333333333334	46.93333333333334	0.0	-2.5509690612079656	0.0	-3.8918403257102896	-0.8446986306450114	0.16247146965169812	2.0905878726795444
45.86666666666667	45.86666666666667	0.0	-2.4936516582998802	0.0	-3.8882398733216212	-0.8446836817465531	0.16250689414115413	2.0907184743265264
44.8	44.8	0.0	-2.4363508674256087	0.0	-3.8913449730872007	-0.8446753112219308	0.16248132111529126	2.090591800387253
43.733333333333334	43.733333333333334	0.0	-2.3790660349154367	0.0	-3.886894687089169	-0.844692824934986	0.16251447053908105	2.090716649981414
42.666666666666664	42.666666666666664	0.0	-2.3217965377677903	0.0	-3.89069425064941	-0.8446693552717196	0.162488285821034	2.090631313556042
41.6	41.6	0.0	-2.264541780605829	0.0	-3.888344440490741	-0.8446948531774902	0.16249338325589982	2.0905542188779886
40.53333333333333	40.53333333333333	0.0	-2.207301192840227	0.0	-3.89327758771358	-0.8446745385581201	0.1624561236898919	2.090504339136397
39.46666666666667	39.46666666666667	0.0	-2.1500742260320136	0.0	-3.8891762560092884	-0.8447021290950458	0.16250437225232592	2.0907377587274794
38.4	38.4	0.0	-2.092860351449327	0.0	-3.8890155526679964	-0.8446829734713924	0.1624964202539354	2.0906797445529883
37.333333333333336	37.333333333333336	0.0	-2.0356590578119564	0.0	-3.890761622641171	-0.8446866758188214	0.16249020674912015	2.0906030147439583
36.266666666666666	36.266666666666666	0.0	-1.978469849217529	0.0	-3.892924555471941	-0.8446998754922628	0.16247236036136944	2.09040007244765
35.2	35.2	0.0	-1.9212922432432114	0.0	-3.89280859151161	-0.84470432904062	0.16246817509905856	2.090302566567251
34.13333333333333	34.13333333333333	0.0	-1.8641257692167834	0.0	-3.8890580062518474	-0.8446812242463758	0.1625068726782706	2.090535438854798
33.06666666666667	33.06666666666667	0.0	-1.8069699666509589	0.0	-3.8893915287322485	-0.8446880172490491	0.16248596782960034	2.0905194704693697
32.0	32.0	0.0	-1.7498243838348049	0.0	-3.894231484114298	-0.8446669085029842	0.16245714317686524	2.090408013714598
30.933333333333337	30.933333333333337	0.0	-1.6926885765761346	0.0	-3.890807327851893	-0.8446972033632493	0.16248896190186884	2.0903112483036868
29.866666666666667	29.866666666666667	0.0	-1.6355621070887316	0.0	-3.8912334519437826	-0.8446703103700419	0.16247934652999582	2.0902895171339955
28.799999999999997	28.799999999999997	0.0	-1.5784445430182759	0.0	-3.888997781400338	-0.8446760409599754	0.1624973109636067	2.09076872966858
27.733333333333334	27.733333333333334	0.0	-1.5213354566008253	0.0	-3.892208424896242	-0.8446919127624305	0.16246826095059322	2.0903609670736514
26.666666666666664	26.666666666666664	0.0	-1.4642344239477312	0.0	-3.88598597005852	-0.8446857099890573	0.16252657560545675	2.090751398390037
25.6	25.6	0.0	-1.4071410244508409	0.0	-3.8968576181684575	-0.84469367271889	0.1624256893208831	2.090113628802524
24.53333333333333	24.53333333333333	0.0	-1.3500548403018546	0.0	-3.8932636475706492	-0.8446981048043621	0.16245912849360217	2.0900909210716283
23.46666666666667	23.46666666666667	0.0	-1.292975456119707	0.0	-3.891863505624625	-0.8446912903388045	0.16246925897468273	2.08994390031866
22.4	22.4	0.0	-1.2359024586798253	0.0	-3.890612573645699	-0.8446959585159977	0.16246495566651184	2.090205994322291
21.333333333333336	21.333333333333336	0.0	-1.1788354367391438	0.0	-3.9025685266373795	-0.8446958082758124	0.1623896960650104	2.089539378619158
20.266666666666666	20.266666666666666	0.0	-1.121773980950723	0.0	-3.892707211580712	-0.8447159833864387	0.1624516594100938	2.0895938728807346
19.200000000000003	19.200000000000003	0.0	-1.0647176838618537	0.0	-3.891453167483657	-0.8446837461352037	0.16245922507657867	2.0902233470637195
18.133333333333333	18.133333333333333	0.0	-1.0076661399894944	0.0	-3.8936333779357626	-0.8446696235577653	0.1624587528931384	2.090154665836054
17.06666666666667	17.06666666666667	0.0	-0.9506189459669213	0.0	-3.8946237075814714	-0.8446987272279881	0.16245404179017836	2.089964837361655
16.0	16.0	0.0	-0.8935757007554419	0.0	-3.8927776742277174	-0.8447125815193808	0.16246434397432793	2.0900128498323705
14.933333333333337	14.933333333333337	0.0	-0.8365360059150497	0.0	-3.8927932992070096	-0.8446818788643266	0.16247711439009682	2.089914023984626
13.866666666666674	13.866666666666674	0.0	-0.77949946592787	0.0	-3.9006745773958893	-0.844706121191404	0.16241122333730637	2.0896758396333746
12.799999999999997	12.799999999999997	0.0	-0.7224656885682738	0.0	-3.8919238055962255	-0.8446911079042942	0.16247071845077055	2.0897451003588965
11.733333333333334	11.733333333333334	0.0	-0.6654342853135198	0.0	-3.896571539392352	-0.8447009164421199	0.16244499518472197	2.0895635458261466
10.666666666666671	10.666666666666671	0.0	-0.6084048717887804	0.0	-3.8968195966700794	-0.8446908396182486	0.16243057212691256	2.089802438452554
9.599999999999994	9.599999999999994	0.0	-0.551377068240432	0.0	-3.8978468854014254	-0.8447177218800139	0.16241712563030888	2.0897653505896145
8.533333333333331	8.533333333333331	0.0	-0.49435050003146297	0.0	-3.896412070166868	-0.8446852699999425	0.1624331584043917	2.0893133315286097
7.466666666666669	7.466666666666669	0.0	-0.4373247981528619	0.0	-3.895229958924353	-0.8447095981785541	0.16243665685442593	2.089566915498877
6.400000000000006	6.400000000000006	0.0	-0.3802995997448602	0.0	-3.9006951924956326	-0.8446870514192852	0.16240823999647983	2.0893629966413636
5.333333333333329	5.333333333333329	0.0	-0.3232745486218845	0.0	-3.9001138059034552	-0.8447318873832202	0.16241525835943182	2.0889024890098757
4.266666666666666	4.266666666666666	0.0	-0.2662492957950903	0.0	-3.895680207297457	-0.844683853449622	0.16244157185478067	2.089201713802214
3.200000000000003	3.200000000000003	0.0	-0.20922349998633066	0.0	-3.9007040781294595	-0.8447160585065316	0.1624163958922648	2.089247333161403
2.13333333333334	2.13333333333334	0.0	-0.15219682812743746	0.0	-3.8994040283413143	-0.8447100274362271	0.16242225525950016	2.0889502224631027
1.0666666666666629	1.0666666666666629	0.0	-0.09516895583866962	0.0	-3.897732606277456	-0.8447051231673138	0.16241100870847014	2.089010994618143
0.0	0.0	0.0	-0.0381395678802	0.0	-3.9023998820291412	-0.8446780262767123	0.16238910583571026	2.0887253343682706
-1.0666666666666629	-1.0666666666666629	0.0	0.01889164142950607	0.0	-3.9085973111445313	-0.8447029446846243	0.16233387110464975	2.08791770751959
-2.1333333333333258	-2.1333333333333258	0.0	0.07592496783454125	0.0	-3.904862973287688	-0.8447148351221636	0.16235643932680252	2.0882802263557974
-3.200000000000003	-3.200000000000003	0.0	0.13296069680778344	0.0	-3.904478487190072	-0.8447094586698108	0.1623788358458861	2.088062946853216
-4.266666666666666	-4.266666666666666	0.0	0.1899991032686266	0.0	-3.914149211839971	-0.8446985125991517	0.16229674031594377	2.0878334442383997
-5.333333333333329	-5.333333333333329	0.0	0.2470404513583625	0.0	-3.9158304102473305	-0.8447561082474131	0.16227688714857222	2.087210977686925
-6.400000000000006	-6.400000000000006	0.0	0.3040849942793354	0.0	-3.912076616286464	-0.8447142556243052	0.16231412525169645	2.0872822344606288
-7.466666666666669	-7.466666666666669	0.0	0.36113297420401097	0.0	-3.9170174794159736	-0.8447366199490635	0.16227906563126213	2.0873938521870232
-8.533333333333331	-8.533333333333331	0.0	0.4181846222601038	0.0	-3.92268295096022	-0.8447346346323265	0.16221421552832857	2.086774948474235
-9.599999999999994	-9.599999999999994	0.0	0.4752401585978824	0.0	-3.923407827661005	-0.8447438636722937	0.1622228543389957	2.0865764275319605
-10.666666666666671	-10.666666666666671	0.0	0.5322997925458017	0.0	-3.9267592784050644	-0.8447174965197359	0.1622077337374678	2.086384302529011
-11.733333333333334	-11.733333333333334	0.0	0.5893637228605886	0.0	-3.9330709866444225	-0.844765294361613	0.1621455021063389	2.0859466528686053
-12.799999999999997	-12.799999999999997	0.0	0.6464321380779278	0.0	-3.929786854234918	-0.8447540800049086	0.1621554286900248	2.086035552132664
-13.86666666666666	-13.86666666666666	0.0	0.7035052169698697	0.0	-3.938022355855476	-0.8447670435866302	0.16210354216881298	2.0853650516475906
-14.933333333333337	-14.933333333333337	0.0	0.7605831291151076	0.0	-3.9443109914949166	-0.8447590486624719	0.1620488332784017	2.084898470020032
-16.0	-16.0	0.0	0.8176660355882505	0.0	-3.940829035686854	-0.8447613022652547	0.16207083273413794	2.085054655424316
-17.066666666666663	-17.066666666666663	0.0	0.8747540897742391	0.0	-3.9439128335404177	-0.8447609266647913	0.16205161272183374	2.084794696977609
-18.133333333333326	-18.133333333333326	0.0	0.9318474383140274	0.0	-3.9471153211405383	-0.8447766482270616	0.1620190320644606	2.0847174949851377
-19.200000000000003	-19.200000000000003	0.0	0.9889462221876749	0.0	-3.9529709109081126	-0.844771357626243	0.16198107495473424	2.0845348351138773
-20.266666666666666	-20.266666666666666	0.0	1.0460505779409777	0.0	-3.9551843888298674	-0.8448039490150578	0.16196141495331534	2.084171500688092
-21.33333333333333	-21.33333333333333	0.0	1.1031606390617854	0.0	-3.96017532486692	-0.8447731068512597	0.161928726981524	2.0837813591206333
-22.400000000000006	-22.400000000000006	0.0	1.1602765375121282	0.0	-3.9628180282672516	-0.8447871328457214	0.1618820022838287	2.0833861630440764
-23.46666666666667	-23.46666666666667	0.0	1.2173984054222904	0.0	-3.968909838532224	-0.8447986584142394	0.161849024563108	2.0831459611817627
-24.53333333333333	-24.53333333333333	0.0	1.2745263769529795	0.0	-3.971234215173776	-0.8447966516346186	0.16183108159238072	2.0826023278019163
-25.599999999999994	-25.599999999999994	0.0	1.3316605903317076	0.0	-3.969080457725764	-0.8447792023102149	0.16185986331934893	2.08265138122249
-26.66666666666667	-26.66666666666667	0.0	1.3888011900695343	0.0	-3.974059374547975	-0.844814884354275	0.16180198865359988	2.0826982990861356
-27.733333333333334	-27.733333333333334	0.0	1.4459483293643003	0.0	-3.9796033017821397	-0.844802972453852	0.16175545712185763	2.082028603459201
-28.799999999999997	-28.799999999999997	0.0	1.5031021726964937	0.0	-3.9744674268918327	-0.8448109244522425	0.16179789997426558	2.0823537017577745
-29.86666666666666	-29.86666666666666	0.0	1.5602628986238758	0.0	-3.978284192953317	-0.8447947736323	0.16175779657617487	2.0822595440872225
-30.933333333333337	-30.933333333333337	0.0	1.6174307027810082	0.0	-3.980160027521007	-0.8448072435676973	0.1617553927332065	2.0821116862817903
-32.0	-32.0	0.0	1.6746058010898164	0.0	-3.9769197437827906	-0.8448126629458182	0.1617809013704187	2.082121848957198
-33.06666666666666	-33.06666666666666	0.0	1.731788433187324	0.0	-3.982413844932576	-0.8448172560029181	0.16173990726265675	2.0820877873608543
-34.133333333333326	-34.133333333333326	0.0	1.788978866076694	0.0	-3.9892134367115113	-0.8448006437309763	0.1616701206964848	2.0815657134476284
-35.2	-35.2	0.0	1.8461773980077143	0.0	-3.9917137124159763	-0.8448314751633329	0.16164453693918002	2.0807800216660346
-36.266666666666666	-36.266666666666666	0.0	1.903384362592853	0.0	-3.999418061323531	-0.8448220636888546	0.16158221945651655	2.0803199003664514
-37.33333333333333	-37.33333333333333	0.0	1.9606001331650438	0.0	-4.001996311684269	-0.8448301981217557	0.1615619155685883	2.08006080043509
-38.39999999999999	-38.39999999999999	0.0	2.0178251273833046	0.0	-4.004182660521099	-0.8448299942243611	0.1615533196836885	2.0801864870817153
-39.46666666666667	-39.46666666666667	0.0	2.0750598120923507	0.0	-3.9986367908959646	-0.8448420670964113	0.1615864047188273	2.0801020199031286
-40.53333333333333	-40.53333333333333	0.0	2.1323047084423257	0.0	-4.005462932261969	-0.8448196383830022	0.16154267409340048	2.0799876763905107
-41.599999999999994	-41.599999999999994	0.0	2.18956039727479	0.0	-4.017086811517896	-0.8448529058526527	0.16145501967659415	2.0792103014763286
-42.66666666666667	-42.66666666666667	0.0	2.246827524781106	0.0	-4.018623081803443	-0.8448472503828117	0.16143737718623785	2.0786739440140387
-43.733333333333334	-43.733333333333334	0.0	2.304106808439335	0.0	-4.019348516539201	-0.8448638411918691	0.16141975615876522	2.078271922740484
-44.8	-44.8	0.0	2.3613990432358243	0.0	-4.025352768970345	-0.8448588188770962	0.16137502750924912	2.078006566378537
-45.86666666666666	-45.86666666666666	0.0	2.4187051081775675	0.0	-4.0265495500938355	-0.8448879762045277	0.1613649506853777	2.077842933353629
-46.93333333333334	-46.93333333333334	0.0	2.4760259731015175	0.0	-4.023902768745609	-0.8448484737671795	0.16139522408275916	2.077978213909242
-48.0	-48.0	0.0	2.53336270578696	0.0	-4.032611376710355	-0.8448773842714494	0.1613195352235848	2.0774066143920087
-49.06666666666666	-49.06666666666666	0.0	2.5907164793770994	0.0	-4.037577845060053	-0.8448693571529663	0.1612819537143224	2.077100972197461
-50.133333333333326	-50.133333333333326	0.0	2.6480885801159855	0.0	-4.028279340469766	-0.8449087200815708	0.16135807183116943	2.0773421398895398
-51.19999999999999	-51.19999999999999	0.0	2.705480415406914	0.0	-4.0353669856101	-0.8448660733317682	0.16130094836634815	2.077110705615195
-52.26666666666665	-52.26666666666665	0.0	2.762893522198445	0.0	-4.037805759421479	-0.8448887274054561	0.16126583508870482	2.077049493471039
-53.33333333333334	-53.33333333333334	0.0	2.820329575704172	0.0	-4.03092100292024	-0.8448802602978579	0.16133345390362855	2.077000042987119
-54.400000000000006	-54.400000000000006	0.0	2.877790398462363	0.0	-4.033236944648518	-0.8448885020451778	0.16130277271145804	2.0770118475731247
-55.46666666666667	-55.46666666666667	0.0	2.935277969741645	0.0	-4.0375709018171975	-0.8448840484968214	0.1612880169789521	2.076826032657968
-56.53333333333333	-56.53333333333333	0.0	2.9927944352988205	0.0	-4.038796421741886	-0.8448707522404031	0.1612779079607552	2.076854084646891
-57.599999999999994	-57.599999999999994	0.0	3.050342117494992	0.0	-4.035639961295742	-0.8448731882776971	0.16128508729533436	2.076735523677637
-58.66666666666666	-58.66666666666666	0.0	3.1079235257761075	0.0	-4.040620670268736	-0.8448866991629513	0.16124512340598746	2.076642868408941
-59.73333333333332	-59.73333333333332	0.0	3.1655413675240673	0.0	-4.040081136299665	-0.8448636480259171	0.16126159616918495	2.076659158737627
-60.80000000000001	-60.80000000000001	0.0	3.223198559284539	0.0	-4.03636368973225	-0.8448934814341829	0.16129699919575746	2.07691618750072
-61.866666666666674	-61.866666666666674	0.0	3.28089823837759	0.0	-4.034826378496852	-0.8448648714102841	0.1612992742614238	2.076894907051585
-62.93333333333334	-62.93333333333334	0.0	3.338643774897311	0.0	-4.041226578205477	-0.8448895537264757	0.1612483428385341	2.0767834824911433
-64.0	-64.0	0.0	3.39643878410653	0.0	-4.038635385725894	-0.8448752057887597	0.1612746241395575	2.0764670873918876
-65.06666666666666	-65.06666666666666	0.0	3.454287139232773	0.0	-4.03769695333284	-0.8448919897637697	0.16128502290668364	2.0767370046166085
-66.13333333333333	-66.13333333333333	0.0	3.5121929846716027	0.0	-4.038086569059647	-0.8448755170005724	0.16128053716400167	2.0765718906527275
-67.19999999999999	-67.19999999999999	0.0	3.570160749603466	0.0	-4.033871859672503	-0.844878006695075	0.16130403902159304	2.0771147191744355
-68.26666666666665	-68.26666666666665	0.0	3.628195162030197	0.0	-4.034703932745656	-0.8448921400039552	0.1613088145132041	2.0773255598119227
-69.33333333333334	-69.33333333333334	0.0	3.6863012632373016	0.0	-4.025120755198142	-0.844883308027336	0.16137167929940038	2.0775653216851215
-70.4	-70.4	0.0	3.7444844226881497	0.0	-4.03060768774479	-0.8448795734855814	0.16132906474392325	2.077331290401854
-71.46666666666667	-71.46666666666667	0.0	3.802750353356249	0.0	-4.031419092060987	-0.8448599993356966	0.16133179053014607	2.0773928352207083
-72.53333333333333	-72.53333333333333	0.0	3.861105127501684	0.0	-4.033630541740241	-0.8448827714552445	0.16129763235082506	2.077377779007831
-73.6	-73.6	0.0	3.9195551928979	0.0	-4.028168645647367	-0.8448868601345787	0.1613533285338839	2.0775405749802776
-74.66666666666666	-74.66666666666666	0.0	3.9781073895149364	0.0	-4.033649922724169	-0.8448532277959069	0.1613226258788297	2.0774381862938487
-75.73333333333332	-75.73333333333332	0.0	4.036768966665268	0.0	-4.027028290444978	-0.8448879869359699	0.16136534774872505	2.0776711444329328
-76.80000000000001	-76.80000000000001	0.0	4.09554760061838	0.0	-4.0260331423818885	-0.8448666099038598	0.16135647284633794	2.0777626192430274
-77.86666666666667	-77.86666666666667	0.0	4.1544514126901975	0.0	-4.03465631733829	-0.8448709239434722	0.16130555215489004	2.0772140601313875
-78.93333333333334	-78.93333333333334	0.0	4.213488987813546	0.0	-4.031467265503329	-0.8448584218137494	0.16132834573732102	2.0774073977872605
-80.0	-80.0	0.0	4.272669393595734	0.0	-4.025973325325177	-0.844875259445969	0.16139352851495103	2.0780438474074314
-80.0	-80.0	0.0	4.334632001425141	0.0	-4.023371090191956	-0.8412142709939822	0.16140881008810637	2.0780938988520914
-78.93333333333334	-78.93333333333334	0.0	4.2765525217646445	0.0	-4.030549083340996	-0.8448642489866589	0.16133737087989386	2.0776352906858064
-77.86666666666666	-77.86666666666666	0.0	4.2185409905834925	0.0	-4.028925383998922	-0.844840038853907	0.16134390632796375	2.0777222260960078
-76.8	-76.8	0.0	4.160591136621887	0.0	-4.0264855799691315	-0.8448733707122075	0.16138188490057367	2.077999268998098
-75.73333333333333	-75.73333333333333	0.0	4.1026972267289015	0.0	-4.028990641896646	-0.8448543760601818	0.16134945448338597	2.0775006754795817
-74.66666666666667	-74.66666666666667	0.0	4.044854034561523	0.0	-4.025048961852351	-0.8448687347293407	0.1613790732628161	2.0779824957545294
-73.6	-73.6	0.0	3.9870568103551984	0.0	-4.023693945619185	-0.8448797237257675	0.1613887422918982	2.0781716159537695
-72.53333333333333	-72.53333333333333	0.0	3.9293012517491834	0.0	-4.027729976499987	-0.8448861840537438	0.16136143077245987	2.077794845762821
-71.46666666666667	-71.46666666666667	0.0	3.8715834756500076	0.0	-4.030349188774172	-0.8448537429051142	0.16133378657832512	2.0776060475068383
-70.4	-70.4	0.0	3.813899991116364	0.0	-4.028172745058142	-0.8448758926010365	0.16135227685258527	2.077665961146534
-69.33333333333333	-69.33333333333333	0.0	3.7562476732487218	0.0	-4.0279542850969605	-0.8448661377204195	0.16135843670019154	2.07763914327342
-68.26666666666667	-68.26666666666667	0.0	3.6986237380669853	0.0	-4.026997351698208	-0.8448814300250165	0.16136164540129636	2.0776023773537355
-67.2	-67.2	0.0	3.641025718359479	0.0	-4.031287106058015	-0.844864957261819	0.16133197296465698	2.0776797295863907
-66.13333333333333	-66.13333333333333	0.0	3.583451440486598	0.0	-4.031506070396961	-0.8448688527752006	0.16132271173036436	2.0774073655929355
-65.06666666666666	-65.06666666666666	0.0	3.5258990021224057	0.0	-4.027129015757926	-0.8448640558207058	0.1613636736438009	2.0776075606401374
-64.0	-64.0	0.0	3.4683667509174954	0.0	-4.024315124397639	-0.8448778349920059	0.16139327096034736	2.078110961844588
-62.93333333333334	-62.93333333333334	0.0	3.4108532640664255	0.0	-4.0237882213355975	-0.8448634333970807	0.16139292755420898	2.078011835516473
-61.86666666666667	-61.86666666666667	0.0	3.353357328763028	0.0	-4.02528862714257	-0.8448872464664842	0.16138756183329772	2.0779608933621403
-60.8	-60.8	0.0	3.2958779235269047	0.0	-4.034165697281049	-0.8448805285839037	0.16129054959922207	2.0772602267941074
-59.733333333333334	-59.733333333333334	0.0	3.238414200384411	0.0	-4.032591062090984	-0.8448777920662384	0.16131220564882007	2.0775054080454267
-58.66666666666667	-58.66666666666667	0.0	3.1809654678874364	0.0	-4.026741964845711	-0.8448565652743139	0.16135570018252676	2.077787290827779
-57.6	-57.6	0.0	3.1235311749532944	0.0	-4.026117502246064	-0.8448794661711629	0.16137071346963644	2.0776280362311326
-56.53333333333333	-56.53333333333333	0.0	3.066110895509022	0.0	-4.033013591149862	-0.8448392876529792	0.16132441802961406	2.077348503634539
-55.46666666666667	-55.46666666666667	0.0	3.0087043139233947	0.0	-4.035380432106706	-0.8448893390976395	0.16130477949107871	2.0771838081968905
-54.4	-54.4	0.0	2.9513112112099673	0.0	-4.038069109003805	-0.8448805071210193	0.16128077325572182	2.076681941588617
-53.33333333333333	-53.33333333333333	0.0	2.8939314519844546	0.0	-4.035466423150029	-0.8448847996977489	0.16130428584475495	2.0768909042237853
-52.266666666666666	-52.266666666666666	0.0	2.836564972159741	0.0	-4.033915751269557	-0.8448668459955797	0.16129700992719936	2.0770079949855105
-51.2	-51.2	0.0	2.7792117673618404	0.0	-4.03324161282571	-0.8448758067495014	0.16131075690417396	2.0774000896753804
-50.13333333333333	-50.13333333333333	0.0	2.7218718820501118	0.0	-4.034187761125434	-0.8448787900903276	0.1612933719684215	2.0770024790244137
-49.06666666666666	-49.06666666666666	0.0	2.6645453993250308	0.0	-4.030494535422212	-0.8448794769026048	0.161342865378107	2.0774485421352087
-48.0	-48.0	0.0	2.60723243140683	0.0	-4.033304885406695	-0.8448615661262027	0.1613166377342926	2.077281399928824
-46.93333333333334	-46.93333333333334	0.0	2.549933110768312	0.0	-4.031298009202907	-0.8448759247953614	0.16134094445002078	2.0774217242620954
-45.86666666666667	-45.86666666666667	0.0	2.492647581905143	0.0	-4.030367786362842	-0.8448618773380159	0.16134650333688477	2.0774970482522477
-44.8	-44.8	0.0	2.435375993726936	0.0	-4.031104285215125	-0.8448750233542489	0.16133009496233813	2.0773313547905072
-43.733333333333334	-43.733333333333334	0.0	2.378118492552427	0.0	-4.034268998140029	-0.8448764184416855	0.16131814013614776	2.077175652301104
-42.666666666666664	-42.666666666666664	0.0	2.32087521569205	0.0	-4.036034041302347	-0.8448875147525301	0.16127695286243296	2.0771260837713252
-41.6	-41.6	0.0	2.2636462856012263	0.0	-4.03929507964905	-0.8448648499474006	0.16126956963045916	2.076744162488302
-40.53333333333333	-40.53333333333333	0.0	2.2064318045876616	0.0	-4.031360959840636	-0.8448904444361477	0.16131925620609738	2.0771439945477286
-39.46666666666667	-39.46666666666667	0.0	2.1492318500559726	0.0	-4.035002062930923	-0.844873295592115	0.16130402829015117	2.0772465764001105
-38.4	-38.4	0.0	2.092046470272937	0.0	-4.041006057807468	-0.8448845636060284	0.16124717311137537	2.076385496239713
-37.333333333333336	-37.333333333333336	0.0	2.0348756806366817	0.0	-4.035087292041882	-0.8448727268256983	0.16129787917398697	2.0770044106839403
-36.266666666666666	-36.266666666666666	0.0	1.977719460433113	0.0	-4.039938311540449	-0.8448872250036007	0.16125693872343402	2.0766621206155707
-35.2	-35.2	0.0	1.920577750062899	0.0	-4.044629582796052	-0.8448869030603455	0.16121930355696246	2.07641463210426
-34.13333333333333	-34.13333333333333	0.0	1.8634504487223043	0.0	-4.0385049450505415	-0.8448812046647379	0.16127915280800656	2.076458030054991
-33.06666666666667	-33.06666666666667	0.0	1.8063374125211922	0.0	-4.038484555311076	-0.8448657299256298	0.16127370123556084	2.076801919108193
-32.0	-32.0	0.0	1.7492384530214933	0.0	-4.039889547868812	-0.8448747550682028	0.16125777577589612	2.0767327013084382
-30.933333333333337	-30.933333333333337	0.0	1.692153336179458	0.0	-4.037689097917426	-0.8448793051995357	0.1612980186827305	2.0767942032015223
-29.866666666666667	-29.866666666666667	0.0	1.635081781674985	0.0	-4.040729411968725	-0.8449042558017729	0.1612711042266398	2.0765973349012876
-28.799999999999997	-28.799999999999997	0.0	1.5780234626113472	0.0	-4.037491253055988	-0.8448863664882553	0.16126789552553478	2.076703350815052
-27.733333333333334	-27.733333333333334	0.0	1.5209780055686137	0.0	-4.036830561108737	-0.8448901868815437	0.16127428073341918	2.076985813095264
-26.666666666666664	-26.666666666666664	0.0	1.4639449909940745	0.0	-4.038740779216038	-0.8448815480708763	0.16126450438991902	2.076652709141092
-25.6	-25.6	0.0	1.4069239539129832	0.0	-4.036975102898652	-0.8448781676667025	0.1613014312812301	2.076745632695834
-24.53333333333333	-24.53333333333333	0.0	1.3499143849429092	0.0	-4.035589405473313	-0.8448834368046374	0.16131335391309495	2.0770282344847852
-23.46666666666667	-23.46666666666667	0.0	1.2929157315950264	0.0	-4.035072439726398	-0.8448902941959621	0.16131213052872728	2.0770508885584764
-22.4	-22.4	0.0	1.235927399845624	0.0	-4.030388186833748	-0.844883758747892	0.16133436607618346	2.0773622398800713
-21.333333333333336	-21.333333333333336	0.0	1.1789487559611669	0.0	-4.03436886493763	-0.8448914639231208	0.16130122738383562	2.0772059686242526
-20.266666666666666	-20.266666666666666	0.0	1.1219791285601926	0.0	-4.03236964025186	-0.8448729307230934	0.16132915059545774	2.0773008774957313
-19.200000000000003	-19.200000000000003	0.0	1.0650178108953703	0.0	-4.035449810878089	-0.8448859479620233	0.16130363122680372	2.0770954347734802
-18.133333333333333	-18.133333333333333	0.0	1.0080640633390137	0.0	-4.035109924652684	-0.8448789617933967	0.16130638920735216	2.0768576045598097
-17.06666666666667	-17.06666666666667	0.0	0.9511171160553648	0.0	-4.036431727073408	-0.8448942970237623	0.16128242589776254	2.077012781208565
-16.0	-16.0	0.0	0.8941761718429497	0.0	-4.034381549501865	-0.844868949358177	0.16131343976462947	2.0767723754488556
-14.933333333333337	-14.933333333333337	0.0	0.8372404091303182	0.0	-4.03362959737336	-0.8448883303421088	0.16132637115202575	2.077038397160193
-13.866666666666674	-13.866666666666674	0.0	0.780308985108466	0.0	-4.037121469033665	-0.8448686810721314	0.16128653603998047	2.076829713542514
-12.799999999999997	-12.799999999999997	0.0	0.7233810389832572	0.0	-4.034893031482012	-0.8448893712919652	0.16131443778871912	2.076578200740519
-11.733333333333334	-11.733333333333334	0.0	0.6664556953311475	0.0	-4.0334733046546605	-0.8448736175353696	0.16132203564952938	2.076648030232457
-10.666666666666671	-10.666666666666671	0.0	0.6095320675415111	0.0	-4.031941176705656	-0.8448768262364749	0.16133378657832506	2.0769759294373453
-9.599999999999994	-9.599999999999994	0.0	0.5526092613288888	0.0	-4.0303557349536785	-0.8448742184961117	0.16133298172018848	2.0770336753257923
-8.533333333333331	-8.533333333333331	0.0	0.49568637829845885	0.0	-4.023544445903158	-0.8448726195112803	0.16139645819856857	2.077597140410126
-7.466666666666669	-7.466666666666669	0.0	0.4387625195480302	0.0	-4.025682395937365	-0.8448670606244161	0.16138295804475578	2.0774731815256318
-6.400000000000006	-6.400000000000006	0.0	0.3818367892898798	0.0	-4.021707126480164	-0.8448641202093564	0.1614170089096587	2.077709165931312
-5.333333333333329	-5.333333333333329	0.0	0.3249082984757282	0.0	-4.022843017402755	-0.8448533673046505	0.1614095398261503	2.07780396748837
-4.266666666666666	-4.266666666666666	0.0	0.26797616840817	0.0	-4.011222089293328	-0.844853936071067	0.16149377091301528	2.078169630637031
-3.200000000000003	-3.200000000000003	0.0	0.21103953432185357	0.0	-4.004402880438738	-0.844821559311089	0.16154296384232983	2.0790276094107423
-2.13333333333334	-2.13333333333334	0.0	0.15409754891773225	0.0	-3.9992909366636975	-0.8448309922484509	0.161588958801981	2.0795588265124008
-1.0666666666666629	-1.0666666666666629	0.0	0.09714938583368175	0.0	-3.990161613253741	-0.8448192091253297	0.16167415571861013	2.0801923571803917
0.0	0.0	0.0	0.0401942430348	0.0	-3.992157360952362	-0.8448267318660473	0.16167085043452875	2.0801574370687015
1.0666666666666629	1.0666666666666629	0.0	-0.01676865389331629	0.0	-3.9869372442437445	-0.8448185437759369	0.16168587445308036	2.0805653606352585
2.1333333333333258	2.1333333333333258	0.0	-0.07374004856499573	0.0	-3.9844349832225445	-0.8448272040494876	0.16173336108314496	2.0809490848005088
3.200000000000003	3.200000000000003	0.0	-0.13072065074532263	0.0	-3.9754416808376885	-0.8447996671697706	0.16180119452690517	2.0817320615273194
4.266666666666666	4.266666666666666	0.0	-0.1877111334480573	0.0	-3.9780597341161554	-0.8448270001520924	0.1617767483024334	2.0817521293235286
5.333333333333329	5.333333333333329	0.0	-0.244712130197352	0.0	-3.9750676578958495	-0.8447867143194911	0.1617977068083127	2.0819627231378535
6.400000000000006	6.400000000000006	0.0	-0.30172423246994073	0.0	-3.9726823803219573	-0.8448202500751859	0.161807493883255	2.082207539520152
7.466666666666669	7.466666666666669	0.0	-0.35874798733450286	0.0	-3.9613227842837944	-0.844786725050933	0.16190942111768516	2.0827273061733815
8.533333333333331	8.533333333333331	0.0	-0.4157838953049008	0.0	-3.9627302343417004	-0.8447832266008989	0.16190601925062753	2.0834505946207806
9.599999999999994	9.599999999999994	0.0	-0.47283240842397	0.0	-3.965087685286946	-0.8447923590578899	0.16187166790535362	2.083107886026178
10.666666666666671	10.666666666666671	0.0	-0.5298939285945675	0.0	-3.9615837622174777	-0.8447917151713804	0.16189815310377165	2.083120495470318
11.733333333333334	11.733333333333334	0.0	-0.5869688061745607	0.0	-3.9648050405722266	-0.8447637597654325	0.16188955721887185	2.0833343301800737
12.799999999999997	12.799999999999997	0.0	-0.6440573388524645	0.0	-3.9591533374678347	-0.8447939902370467	0.16192969281128808	2.083508630258155
13.86666666666666	13.86666666666666	0.0	-0.7011597708204031	0.0	-3.9571240110877532	-0.8447623539465541	0.1619555985118477	2.083868476965348
14.933333333333337	14.933333333333337	0.0	-0.7582762922611015	0.0	-3.957653221409791	-0.8447824324742038	0.1619450709674196	2.0837013025646365
16.0	16.0	0.0	-0.815407039165591	0.0	-3.955392546606899	-0.8447657343507277	0.16196130763889724	2.0839729368200484
17.066666666666663	17.066666666666663	0.0	-0.8725520934983348	0.0	-3.951422438973214	-0.84477793600008	0.16198857623256832	2.084436910707246
18.133333333333326	18.133333333333326	0.0	-0.9297114837264504	0.0	-3.949923170699074	-0.8447657558136119	0.1619854104572306	2.0842409653110083
19.200000000000003	19.200000000000003	0.0	-0.9868851857297346	0.0	-3.9454216635292223	-0.8447882381842295	0.162035150690078	2.084843621620878
20.266666666666666	20.266666666666666	0.0	-1.0440731241081747	0.0	-3.945346328807629	-0.844746621652842	0.16204280220809736	2.0852130193112917
21.33333333333333	21.33333333333333	0.0	-1.1012751739036517	0.0	-3.941167730722216	-0.8447593276799599	0.16207159466650714	2.0854460203761427
22.400000000000006	22.400000000000006	0.0	-1.1584911627525145	0.0	-3.9392121078845723	-0.8447641675602219	0.1620871981829173	2.0855560391177086
23.46666666666667	23.46666666666667	0.0	-1.2157208734857228	0.0	-3.932291883968108	-0.844752878083425	0.16213831204031787	2.08628195676835
24.53333333333333	24.53333333333333	0.0	-1.272964047193262	0.0	-3.9257041415821887	-0.8447396032898898	0.16220398846427175	2.0871107782146283
25.599999999999994	25.599999999999994	0.0	-1.3302203867695057	0.0	-3.9261410722359926	-0.8447435631919227	0.16219860128047667	2.0871050046989295
26.66666666666667	26.66666666666667	0.0	-1.3874895609562332	0.0	-3.921321195381593	-0.8447138370980742	0.16224220312860177	2.0874486254660862
27.733333333333334	27.733333333333334	0.0	-1.4447712088999851	0.0	-3.9222890426566837	-0.8447287430707656	0.1622162223079494	2.0874539697241143
28.799999999999997	28.799999999999997	0.0	-1.5020649452404609	0.0	-3.9145551930155604	-0.8447208554610265	0.1622820597035306	2.08796210349441
29.86666666666666	29.86666666666666	0.0	-1.5593703657466396	0.0	-3.910612697381684	-0.8447246973171986	0.16232185188980847	2.0887203549792646
30.933333333333337	30.933333333333337	0.0	-1.616687053517327	0.0	-3.9088518180187943	-0.8447067006892618	0.16232823709769295	2.0887901522768786
32.0	32.0	0.0	-1.6740145857628108	0.0	-3.9028522552277254	-0.8447077201762356	0.16239244331411712	2.088958432016097
33.06666666666666	33.06666666666666	0.0	-1.731352541184335	0.0	-3.9077139739737943	-0.8447031915077864	0.16235866073525973	2.0890242372173513
34.133333333333326	34.133333333333326	0.0	-1.788700507968065	0.0	-3.89642721223128	-0.8446938122276337	0.16243837388511753	2.0896980107921794
35.2	35.2	0.0	-1.8460580924102532	0.0	-3.8999518040577037	-0.8446937585704241	0.16241189941814127	2.089783722818018
36.266666666666666	36.266666666666666	0.0	-1.9034249281902877	0.0	-3.8951202084688323	-0.84470462952099	0.16245211013065025	2.0898393116866587
37.33333333333333	37.33333333333333	0.0	-1.9608006863083274	0.0	-3.890776077893307	-0.8446658782845691	0.16247183452072003	2.090090266453676
38.39999999999999	38.39999999999999	0.0	-2.018185085704204	0.0	-3.892299030459551	-0.8447067543464712	0.16246499859227917	2.09048156701685
39.46666666666667	39.46666666666667	0.0	-2.0755779045742972	0.0	-3.8885016990392085	-0.8446989955140333	0.1624909257557223	2.090643000096187
40.53333333333333	40.53333333333333	0.0	-2.132978992403061	0.0	-3.8912898885963263	-0.8446976433523643	0.16248201865900977	2.0902657469903585
41.599999999999994	41.599999999999994	0.0	-2.1903882827259142	0.0	-3.8928640623343913	-0.8446746887983057	0.16246415080837517	2.090359142728539
42.66666666666667	42.66666666666667	0.0	-2.247805806640169	0.0	-3.8916147937289467	-0.8447149853623495	0.1624846263993726	2.0905355032434505
43.733333333333334	43.733333333333334	0.0	-2.3052317070806954	0.0	-3.8846076773280465	-0.844678434071502	0.16252888286544864	2.0907752973109752
44.8	44.8	0.0	-2.3626662538770318	0.0	-3.8900955220472473	-0.8446829412770674	0.16249134428195336	2.0906850029594817
45.86666666666666	45.86666666666666	0.0	-2.420109859608605	0.0	-3.895597639584074	-0.8446962482649273	0.1624300892120305	2.0901750341126317
46.93333333333334	46.93333333333334	0.0	-2.4775630962747797	0.0	-3.8855238205164344	-0.8447059924141017	0.16251766850874413	2.0909434375414517
48.0	48.0	0.0	-2.5350267127964097	0.0	-3.891277697678417	-0.8446667260684732	0.1624837356897012	2.0906708911134833
49.06666666666666	49.06666666666666	0.0	-2.5925016533656065	0.0	-3.893047473406577	-0.8446976540838061	0.1624534515608781	2.090293831173608
50.133333333333326	50.133333333333326	0.0	-2.6499890766603915	0.0	-3.8941817224185677	-0.8446935761359131	0.16243976897255444	2.0903479391032773
51.19999999999999	51.19999999999999	0.0	-2.707490375940949	0.0	-3.889571323308541	-0.8446909254697834	0.16248984188009824	2.090096844827514
52.26666666666665	52.26666666666665	0.0	-2.765007200044159	0.0	-3.892383497638134	-0.8446874162883075	0.16246910873449724	2.090591102843536
53.33333333333334	53.33333333333334	0.0	-2.822541475293108	0.0	-3.889531552585148	-0.8446955829155337	0.16248091332050188	2.0905509135939067
54.400000000000006	54.400000000000006	0.0	-2.8800954283382634	0.0	-3.883602302200899	-0.8446733151737523	0.16253131890274236	2.0910248247962344
55.46666666666667	55.46666666666667	0.0	-2.9376716099470257	0.0	-3.886348843032305	-0.8446950034176756	0.1625220576684495	2.090824340000104
56.53333333333333	56.53333333333333	0.0	-2.9952729197583214	0.0	-3.8885215736694625	-0.8446900240286701	0.16248738437992086	2.0908171284712003
57.599999999999994	57.599999999999994	0.0	-3.052902632018954	0.0	-3.891989471288738	-0.8447137727094229	0.1624727574247168	2.0907642224630156
58.66666666666666	58.66666666666666	0.0	-3.110564422318395	0.0	-3.8818456510260893	-0.8446820827617212	0.1625589630968771	2.0911174264077186
59.73333333333332	59.73333333333332	0.0	-3.1682623953387075	0.0	-3.88732229212003	-0.8446786379688959	0.16251564026623957	2.09085233833182
60.80000000000001	60.80000000000001	0.0	-3.2260011136363067	0.0	-3.892609898866266	-0.8446847226964098	0.16246731658371286	2.090614314952195
61.866666666666674	61.866666666666674	0.0	-3.2837856274722257	0.0	-3.8849955116355113	-0.8446871050764944	0.16252956967772522	2.0908924095355848
62.93333333333334	62.93333333333334	0.0	-3.341621505707621	0.0	-3.884119858177119	-0.8446644295399233	0.16254673998464134	2.091223313544182
64.0	64.0	0.0	-3.3995148677811597	0.0	-3.886002775496416	-0.8446848514737114	0.16251062868290853	2.0911955405727465
65.06666666666666	65.06666666666666	0.0	-3.4574724167850257	0.0	-3.8896278243497373	-0.8446762126630446	0.16249383397645636	2.0906987928622223
66.13333333333333	66.13333333333333	0.0	-3.51550147365621	0.0	-3.888377858200578	-0.8446954112124645	0.16250185036349774	2.090728411641653
67.19999999999999	67.19999999999999	0.0	-3.5736100124997923	0.0	-3.882642739598899	-0.8446768136237867	0.16253796166523052	2.0911835964779972
68.26666666666665	68.26666666666665	0.0	-3.6318066970609046	0.0	-3.8860671534159086	-0.8446856134060811	0.16252269082351709	2.090979634694719
69.33333333333334	69.33333333333334	0.0	-3.6901009183620634	0.0	-3.8865435865070608	-0.8446718556976646	0.16251339739489878	2.0910701758693744
70.4	70.4	0.0	-3.748502833522565	0.0	-3.8841573752977308	-0.8446973965292024	0.16253042819307112	2.0911413575229845
71.46666666666667	71.46666666666667	0.0	-3.8070234057766568	0.0	-3.8835715888144073	-0.8446665221710791	0.16252768094396447	2.0911728006475254
72.53333333333333	72.53333333333333	0.0	-3.865674445707142	0.0	-3.8840500286851785	-0.8446899703714608	0.16254291959135256	2.091433660535346
73.6	73.6	0.0	-3.9244686537111386	0.0	-3.878344668371676	-0.8446586238298973	0.16258871065360916	2.091701968043794
74.66666666666666	74.66666666666666	0.0	-3.9834196637146766	0.0	-3.8799060394996445	-0.8446762341259277	0.16257703484490638	2.0916456279742235
75.73333333333332	75.73333333333332	0.0	-4.042542088152829	0.0	-3.8797985855726775	-0.8446726820186852	0.16258372053316175	2.091556396035469
76.80000000000001	76.80000000000001	0.0	-4.1018515642320645	0.0	-3.8776866914792123	-0.8446696557520907	0.1625961690056759	2.091948866325802
77.86666666666667	77.86666666666667	0.0	-4.161364801491512	0.0	-3.8762491182641083	-0.8446864075327754	0.16259587925674684	2.092125259035042
78.93333333333334	78.93333333333334	0.0	-4.221099630679855	0.0	-3.871240196330563	-0.844682297390558	0.16263371832061296	2.092324531178244
80.0	80.0	0.0	-4.28107505396451	0.0	-3.879203838335428	-0.8446588062644084	0.16257370809794133	2.0919834215684716
