Hysterese	V-MOKE
Charge	2020_0446
Sample	1
Sample State	bFC
User	Meike Reginka
Sample Angle	125.0
Magnetic Field Angle	0.0
Detektor Averages	300
Hysteresus Points	150
Magnetic Field [kA/m]	80
Hysteresis Averages	100
Polarization	p-polarization
Measurement Method	Scan Both Angles
Max Voltage Correction	No
Training Effect Elimination	No
Magnetic field [kA/m]	Magnetic field transversal [kA/m]	Magnetic field longitudinal [kA/m]	Magnetic field transversal [V]	Magnetic field longitudinal [V]	Detector diff transversal [V]	Detector diff longitudinal [V]	Detector raw transversal [V]	Detector raw longitudinal [V]
80.0	0.0	80.0	0.0	4.381030188287403	-3.234015894839854	-0.8383515408419641	0.1680602543126831	2.3059993424506975
78.93333333333334	0.0	78.93333333333334	0.0	4.319818714176459	-3.223266767601207	-0.8432611432814423	0.1681501301379467	2.306374384879512
77.86666666666666	0.0	77.86666666666666	0.0	4.258793669369702	-3.2267370583320085	-0.8432953336550892	0.16812911797485836	2.3064219466296687
76.8	0.0	76.8	0.0	4.197942654193435	-3.2265169028030183	-0.8432519035100333	0.1681155105066272	2.306447476729764
75.73333333333333	0.0	75.73333333333333	0.0	4.137253993604595	-3.2251954759827584	-0.8432653822009626	0.16812542635887115	2.306461738815945
74.66666666666667	0.0	74.66666666666667	0.0	4.0767167056162315	-3.2219135435188293	-0.8432533737175634	0.16816598047751857	2.3068489292369025
73.6	0.0	73.6	0.0	4.0163204706037074	-3.227529618236369	-0.843290289877433	0.1681243424832471	2.3060042574510526
72.53333333333333	0.0	72.53333333333333	0.0	3.9560556014798554	-3.223342467191823	-0.8432563463269479	0.16814284348894923	2.3063222729980213
71.46666666666667	0.0	71.46666666666667	0.0	3.89591301472721	-3.231031652572079	-0.8433118815383795	0.16808642829928824	2.306036634211032
70.4	0.0	70.4	0.0	3.8358842022755653	-3.227639036017189	-0.8432793867325408	0.16811918065973053	2.305872260716634
69.33333333333333	0.0	69.33333333333333	0.0	3.775961204212982	-3.22604266965744	-0.8432897211110161	0.1681317471781048	2.306301357417909
68.26666666666667	0.0	68.26666666666667	0.0	3.716136582318465	-3.2212696892038015	-0.8432358921988342	0.16815690167773675	2.306821682106115
67.2	0.0	67.2	0.0	3.6564033944044745	-3.220264163836475	-0.8432857290146581	0.16817834309849813	2.30675924657759
66.13333333333333	0.0	66.13333333333333	0.0	3.596755169457454	-3.2222001695984654	-0.8432543502787694	0.16815444417755926	2.306819782640912
65.06666666666666	0.0	65.06666666666666	0.0	3.5371858835645753	-3.222462488962378	-0.8432837973551301	0.16816048597930533	2.3067628201477186
64.0	0.0	64.0	0.0	3.4776899366148504	-3.223841393385035	-0.8432747614811157	0.16814779068362934	2.3065174671933306
62.93333333333334	0.0	62.93333333333334	0.0	3.4182621297628257	-3.2433250342889886	-0.8433561916616651	0.16799407351096363	2.305180029061874
61.86666666666667	0.0	61.86666666666667	0.0	3.3588976436430196	-3.2337455268945776	-0.843281361317836	0.16805739974915826	2.304711526506226
60.8	0.0	60.8	0.0	3.2995920173232944	-3.2352438508018384	-0.8433399335273041	0.1680665322061493	2.3055792065033454
59.733333333333334	0.0	59.733333333333334	0.0	3.2403411279853396	-3.2354886993784606	-0.8433276352949755	0.16805846216189863	2.3051656703927135
58.66666666666667	0.0	58.66666666666667	0.0	3.181141171320454	-3.228629870040662	-0.8432840656411759	0.16810251473058027	2.305526890724462
57.6	0.0	57.6	0.0	3.121988642628807	-3.237628763506707	-0.8433017081315316	0.16802384253057923	2.3050936838809686
56.53333333333333	0.0	56.53333333333333	0.0	3.062880318610361	-3.2386461685801344	-0.8433765170124768	0.1680302170070218	2.3052202934315913
55.46666666666667	0.0	55.46666666666667	0.0	3.003813239835633	-3.230498557468104	-0.843289935739852	0.16807565393169832	2.3052039279828107
54.4	0.0	54.4	0.0	2.9447846938844906	-3.233729655092123	-0.8433219047050415	0.16805951384319734	2.3054093063164127
53.33333333333333	0.0	53.33333333333333	0.0	2.885792199141142	-3.2351084200060383	-0.8433234393012227	0.16805904165975705	2.305281655815933
52.266666666666666	0.0	52.266666666666666	0.0	2.8268334892335334	-3.225962430666933	-0.8432936810130487	0.16811683047397147	2.305761158099444
51.2	0.0	51.2	0.0	2.7679064981053	-3.2472593096384283	-0.8433264119106073	0.16795182382450832	2.304654649864567
50.13333333333333	0.0	50.13333333333333	0.0	2.7090093457084867	-3.2356551118468024	-0.8433162385037598	0.16804708683356684	2.304966505563932
49.06666666666666	0.0	49.06666666666666	0.0	2.6501403243051973	-3.2300751269681136	-0.8433067733720722	0.1681046824818283	2.3055441361514686
48.0	0.0	48.0	0.0	2.591297885366365	-3.23212857762941	-0.8433295454916192	0.16807858361531586	2.3051670118229417
46.93333333333334	0.0	46.93333333333334	0.0	2.532480627055822	-3.2345800896622325	-0.8433160453378074	0.1680500272486261	2.3050828236618432
45.86666666666667	0.0	45.86666666666667	0.0	2.4736872822878553	-3.233399620330313	-0.8433313054480779	0.16806229328662936	2.305349371213833
44.8	0.0	44.8	0.0	2.4149167073464275	-3.2448545544976275	-0.8433400623046053	0.1679761090773526	2.3042897379168337
43.733333333333334	0.0	43.733333333333334	0.0	2.356167871054244	-3.2360609535136473	-0.8433346536579274	0.16804297669134877	2.3047410057769144
42.666666666666664	0.0	42.666666666666664	0.0	2.2974398444798476	-3.24044857862288	-0.843298531624752	0.16802342400434814	2.304891514248474
41.6	0.0	41.6	0.0	2.2387317911709355	-3.2418779852107553	-0.8433746175472744	0.16800806731110002	2.3042490228265597
40.53333333333333	0.0	40.53333333333333	0.0	2.1800429579020566	-3.237987172200697	-0.8433175906654296	0.16803985384177847	2.3048800959943763
39.46666666666667	0.0	39.46666666666667	0.0	2.1213726659248966	-3.240719289974294	-0.8433356838763418	0.16801014921081364	2.3046406024072223
38.4	0.0	38.4	0.0	2.0627203027093186	-3.2428814823355787	-0.843320874486627	0.16800714440710338	2.3043097735187197
37.333333333333336	0.0	37.333333333333336	0.0	2.0040853141633432	-3.240672039435949	-0.8433524356570266	0.16801626613265264	2.3049445061081943
36.266666666666666	0.0	36.266666666666666	0.0	1.9454671973202513	-3.231667318796996	-0.8432899893970612	0.16807981773112546	2.30535512326665
35.2	0.0	35.2	0.0	1.8868654934810003	-3.2475796002510613	-0.843367738693066	0.16795374475259453	2.304911946913703
34.13333333333333	0.0	34.13333333333333	0.0	1.8282797818001153	-3.2495496032207494	-0.8433612569022053	0.1679302858207705	2.3038072093667274
33.06666666666667	0.0	33.06666666666667	0.0	1.7697096733032631	-3.2411333089998053	-0.843349505973409	0.1680002655528951	2.3042422190924423
32.0	0.0	32.0	0.0	1.7111548053246695	-3.244088672957638	-0.8433420046955757	0.16797795488534617	2.304470122722431
30.933333333333337	0.0	30.933333333333337	0.0	1.652614836352576	-3.2429667651037444	-0.8433687903743641	0.1679966061312336	2.3047977214469464
29.866666666666667	0.0	29.866666666666667	0.0	1.5940894412709112	-3.245163383930394	-0.8433580482011002	0.16797349060554795	2.3040197884977913
28.799999999999997	0.0	28.799999999999997	0.0	1.5355783069853621	-3.253519549882805	-0.8433812173839946	0.16790777125582682	2.3035749702342447
27.733333333333334	0.0	27.733333333333334	0.0	1.4770811284220267	-3.248632365425294	-0.8433647768151229	0.16793552276437992	2.304297636258018
26.666666666666664	0.0	26.666666666666664	0.0	1.4185976048868278	-3.2364486375809305	-0.8433325395638878	0.16805466323149346	2.3047906494267854
25.6	0.0	25.6	0.0	1.360127436773878	-3.2454669012994617	-0.8433450738879368	0.16797369450294247	2.304692156253737
24.53333333333333	0.0	24.53333333333333	0.0	1.3016703226109647	-3.2472261065574286	-0.843375808737316	0.16794353915142132	2.304361327365232
23.46666666666667	0.0	23.46666666666667	0.0	1.243225956430354	-3.2452306593391795	-0.8433327541927246	0.16796938046332993	2.304598095166163
22.4	0.0	22.4	0.0	1.1847940254530787	-3.250380581686833	-0.8433880855067614	0.16792348208665497	2.3047098524013037
21.333333333333336	0.0	21.333333333333336	0.0	1.1263742080749082	-3.2448289492774403	-0.8433409744771605	0.16797997239640877	2.3047390097287344
20.266666666666666	0.0	20.266666666666666	0.0	1.0679661721421683	-3.2415872167945725	-0.8433418329925064	0.16799899924276013	2.3051817246296817
19.200000000000003	0.0	19.200000000000003	0.0	1.0095695735056076	-3.2486191228260837	-0.8433428632109212	0.16793654225135307	2.3047950922436997
18.133333333333333	0.0	18.133333333333333	0.0	0.9511840548404781	-3.2586669610730716	-0.843415439951967	0.1678742140372478	2.304405444322567
17.06666666666667	0.0	17.06666666666667	0.0	0.8928092447210244	-3.2495074071915018	-0.8433511586154497	0.16792855805863696	2.304832684484406
16.0	0.0	16.0	0.0	0.8344447569375557	-3.2555190857803864	-0.843381356892739	0.16789658909344773	2.3047928922981256
14.933333333333337	0.0	14.933333333333337	0.0	0.7760901900442883	-3.2564092481481235	-0.8433847265654711	0.16787848515109322	2.3042978079610856
13.866666666666674	0.0	13.866666666666674	0.0	0.7177451271261349	-3.2574048898575354	-0.843410342517101	0.16787669300030875	2.3045549976958037
12.799999999999997	0.0	12.799999999999997	0.0	0.6594091357726295	-3.2578906485716312	-0.8433649377867499	0.16785641057526426	2.3049763892218498
11.733333333333334	0.0	11.733333333333334	0.0	0.6010817682471681	-3.263432890969432	-0.8434326102588837	0.16781718715540278	2.30524295823672
10.666666666666671	0.0	10.666666666666671	0.0	0.5427625618397398	-3.2639973433464124	-0.8434075416107852	0.16782311091128893	2.305758056712759
9.599999999999994	0.0	9.599999999999994	0.0	0.4844510393913435	-3.2720657778806763	-0.8434433738950312	0.16776196315578418	2.3054608923572526
8.533333333333331	0.0	8.533333333333331	0.0	0.4261467099782665	-3.282210338612811	-0.8434940370318749	0.1676824109775538	2.3055126071753937
7.466666666666669	0.0	7.466666666666669	0.0	0.36784906974439924	-3.2780295513132676	-0.8434782618123959	0.16771520626376343	2.306357343349897
6.400000000000006	0.0	6.400000000000006	0.0	0.30955760286978407	-3.29442524129567	-0.8435155106469616	0.167572885882313	2.3059088549332505
5.333333333333329	0.0	5.333333333333329	0.0	0.25127178266356687	-3.3040549396434864	-0.8435907273226966	0.16749990134647827	2.3059091876079476
4.266666666666666	0.0	4.266666666666666	0.0	0.19299107276954444	-3.317821147361885	-0.8436294356333498	0.16737565271305704	2.3048973628842675
3.200000000000003	0.0	3.200000000000003	0.0	0.13471492847247593	-3.3123239233625292	-0.8436153881760045	0.16742059599140965	2.306348307475882
2.13333333333334	0.0	2.13333333333334	0.0	0.07644279809335723	-3.3310212071354948	-0.8436483229709572	0.16726363792331342	2.305044705580492
1.0666666666666629	0.0	1.0666666666666629	0.0	0.018174124461827576	-3.331822234147453	-0.8436823201786515	0.16724800221257805	2.30536736784177
0.0	0.0	0.0	0.0	-0.0400916535461	-3.3455733534586485	-0.8437322106516842	0.1671409131546311	2.3053736457352354
-1.0666666666666629	0.0	-1.0666666666666629	0.0	-0.09835509941681445	-3.3432786921795064	-0.8436850566963162	0.16717135825508161	2.306105379827344
-2.1333333333333258	0.0	-2.1333333333333258	0.0	-0.156616777366191	-3.3604890381049835	-0.8437403558160277	0.16704284923925697	2.305589637464797
-3.200000000000003	0.0	-3.200000000000003	0.0	-0.21487725067681432	-3.3578314180005213	-0.84374455180978	0.16706187608560813	2.3060281992977583
-4.266666666666666	0.0	-4.266666666666666	0.0	-0.27313708001714876	-3.375667975750668	-0.8437964919882007	0.1669087384108008	2.305186768407339
-5.333333333333329	0.0	-5.333333333333329	0.0	-0.331396821754486	-3.3840779598838178	-0.8438249732347984	0.16685925573255697	2.305164511396999
-6.400000000000006	0.0	-6.400000000000006	0.0	-0.3896570262734731	-3.3863717626476157	-0.8438219576996461	0.16682325174524262	2.3049399774397448
-7.466666666666669	0.0	-7.466666666666669	0.0	-0.4479182363120456	-3.39184543113217	-0.8438703886965909	0.16675918503756207	2.304806639275101
-8.533333333333331	0.0	-8.533333333333331	0.0	-0.506180985326591	-3.40697912501913	-0.8438940086000423	0.1666463117324728	2.304378132803127
-9.599999999999994	0.0	-9.599999999999994	0.0	-0.564445795898144	-3.403480245727314	-0.8438909179447981	0.16668720925725836	2.3049910161770537
-10.666666666666671	0.0	-10.666666666666671	0.0	-0.6227131781914472	-3.411297510865723	-0.8438798430968367	0.1666155124944421	2.3054178378126595
-11.733333333333334	0.0	-11.733333333333334	0.0	-0.6809836284786798	-3.410150577289499	-0.8438974319299842	0.16662481665450232	2.3048769731448058
-12.799999999999997	0.0	-12.799999999999997	0.0	-0.7392576277396917	-3.419024814327334	-0.8439129388634171	0.16653281600375777	2.3045268598553457
-13.86666666666666	0.0	-13.86666666666666	0.0	-0.7975356403505398	-3.421141752198452	-0.843940593788994	0.16654937461848984	2.3045885227200578
-14.933333333333337	0.0	-14.933333333333337	0.0	-0.8558181128721578	-3.4342105664385745	-0.8439389626098369	0.16642381674916643	2.303933250150933
-16.0	0.0	-16.0	0.0	-0.9141054729509707	-3.4331548286549567	-0.8439943690439664	0.16644592351932083	2.3040480336526667
-17.066666666666663	0.0	-17.066666666666663	0.0	-0.9723981283432802	-3.428266098869824	-0.8439521515518371	0.16648017828161826	2.3050002344855773
-18.133333333333326	0.0	-18.133333333333326	0.0	-1.0306964660752267	-3.4409724371995027	-0.8440017200816152	0.1663701273457282	2.3045107841554944
-19.200000000000003	0.0	-19.200000000000003	0.0	-1.0890008517501555	-3.4440475425851913	-0.8439807723071779	0.16635470626382934	2.3042487330776305
-20.266666666666666	0.0	-20.266666666666666	0.0	-1.147311629015197	-3.4480995740457483	-0.8440400957175724	0.16632131001687755	2.303975671540457
-21.33333333333333	0.0	-21.33333333333333	0.0	-1.2056291191988913	-3.4469579203389005	-0.8439923837272292	0.16633226681897842	2.3045122758259096
-22.400000000000006	0.0	-22.400000000000006	0.0	-1.263953621131659	-3.4542343530037813	-0.8440192445261114	0.16625009616894346	2.3044694144472686
-23.46666666666667	0.0	-23.46666666666667	0.0	-1.322285411160945	-3.464212147129991	-0.8440559567885865	0.16618802550944192	2.3039022255526245
-24.53333333333333	0.0	-24.53333333333333	0.0	-1.3806247433728562	-3.4679122194930936	-0.844093109040176	0.16615758040899134	2.3037619656080026
-25.599999999999994	0.0	-25.599999999999994	0.0	-1.438971850032102	-3.472910173893099	-0.8440628141799106	0.1661074323813548	2.3037673849861213
-26.66666666666667	0.0	-26.66666666666667	0.0	-1.497326942252062	-3.4748451065109096	-0.8441156128736779	0.1661084518683279	2.3034078494907435
-27.733333333333334	0.0	-27.733333333333334	0.0	-1.555690210906793	-3.4717583145850783	-0.8440631039288397	0.16612950695718356	2.303676199924958
-28.799999999999997	0.0	-28.799999999999997	0.0	-1.614061827796803	-3.4885039139595495	-0.8441436863254853	0.16597936335464475	2.303786444026799
-29.86666666666666	0.0	-29.86666666666666	0.0	-1.6724419470803977	-3.481378172200741	-0.844102338080143	0.1660387082279233	2.30411695097205
-30.933333333333337	0.0	-30.933333333333337	0.0	-1.7308307069824265	-3.4912608535580802	-0.8441369899057881	0.16596086234894275	2.3039292151288056
-32.0	0.0	-32.0	0.0	-1.7892282317922377	-3.4870800233327692	-0.8441401771440098	0.16600668560552484	2.304391557836846
-33.06666666666666	0.0	-33.06666666666666	0.0	-1.8476346341626735	-3.49661308504697	-0.8441618975822585	0.16593154404988353	2.304190225256815
-34.133333333333326	0.0	-34.133333333333326	0.0	-1.9060500177219062	-3.497803545351226	-0.8441385352334106	0.16591746439821242	2.3044261667367234
-35.2	0.0	-35.2	0.0	-1.9644744800099465	-3.496664714013579	-0.8441326651347337	0.16590641101313522	2.3046532869714564
-36.266666666666666	0.0	-36.266666666666666	0.0	-2.0229081157516333	-3.5000758423056118	-0.844151756369736	0.16589639857791486	2.3050663187043217
-37.33333333333333	0.0	-37.33333333333333	0.0	-2.0813510204779293	-3.5022963171274375	-0.8441768679436003	0.1658685504863854	2.3049312527775427
-38.39999999999999	0.0	-38.39999999999999	0.0	-2.139803294507338	-3.514280869411576	-0.8441607278550997	0.16578114289274082	2.3041618727875197
-39.46666666666667	0.0	-39.46666666666667	0.0	-2.1982650472992535	-3.5029309209396104	-0.8441823731732557	0.16586034093339105	2.304358429875941
-40.53333333333333	0.0	-40.53333333333333	0.0	-2.256736402191068	-3.5119177522650475	-0.8441648594602016	0.16579940780672278	2.304318122580455
-41.599999999999994	0.0	-41.599999999999994	0.0	-2.315217501530861	-3.5210228762736926	-0.8442125177933343	0.1657153806172525	2.303742981687419
-42.66666666666667	0.0	-42.66666666666667	0.0	-2.37370851221747	-3.507511196892442	-0.8441658574842903	0.16585542593303643	2.3049151126890433
-43.733333333333334	0.0	-43.733333333333334	0.0	-2.432209631659771	-3.5115430532423746	-0.8441769323322518	0.16580326039433715	2.304698133666834
-44.8	0.0	-44.8	0.0	-2.4907210941669966	-3.5039288162518027	-0.8441445984980401	0.16586356036593786	2.3049724400512606
-45.86666666666666	0.0	-45.86666666666666	0.0	-2.549243177781886	-3.5168649791395565	-0.8442024302380218	0.16576847979139026	2.30412714584178
-46.93333333333334	0.0	-46.93333333333334	0.0	-2.6077762115685053	-3.5174087412967032	-0.8442053921159645	0.16574776810867284	2.3044865847541853
-48.0	0.0	-48.0	0.0	-2.666320583366545	-3.5165399237667514	-0.8442050165155011	0.1657747254905311	2.304405143842195
-49.06666666666666	0.0	-49.06666666666666	0.0	-2.724876748023921	-3.520457050272159	-0.8441971289057613	0.165734815258393	2.30420067768115
-50.133333333333326	0.0	-50.133333333333326	0.0	-2.7834452361194826	-3.5172977781882593	-0.8442093734808807	0.16575158850196167	2.3039256630215643
-51.19999999999999	0.0	-51.19999999999999	0.0	-2.842026663187659	-3.515890274473141	-0.8441907866236441	0.16575990536937407	2.304202416174726
-52.26666666666665	0.0	-52.26666666666665	0.0	-2.9006217394568647	-3.516409858691863	-0.8442015180654664	0.16577606692075886	2.3047240930246016
-53.33333333333334	0.0	-53.33333333333334	0.0	-2.9592312801134577	-3.5131990005671216	-0.8441834785117632	0.16579651031743073	2.304847890937468
-54.400000000000006	0.0	-54.400000000000006	0.0	-3.0178562161030937	-3.5087694262518068	-0.8441821263500937	0.16582330672766168	2.30538968924076
-55.46666666666667	0.0	-55.46666666666667	0.0	-3.076497605481298	-3.516493531743752	-0.8441846053131544	0.16575807029282244	2.304665413500716
-56.53333333333333	0.0	-56.53333333333333	0.0	-3.135156645325031	-3.51035874205428	-0.8441844014157599	0.1658079929601809	2.3049723434682843
-57.599999999999994	0.0	-57.599999999999994	0.0	-3.193834684217122	-3.511746017001562	-0.8441653960322922	0.16579743322142754	2.30520545184755
-58.66666666666666	0.0	-58.66666666666666	0.0	-3.25253323531534	-3.509356768794193	-0.8442128719309153	0.16582036631260233	2.305715957266491
-59.73333333333332	0.0	-59.73333333333332	0.0	-3.311253990017958	-3.5094649739220913	-0.8441723070808261	0.16580899098427035	2.3051088581397075
-60.80000000000001	0.0	-60.80000000000001	0.0	-3.3699988322376004	-3.5115710944998555	-0.8441945318968408	0.165810514849009	2.3050553511707785
-61.866666666666674	0.0	-61.866666666666674	0.0	-3.4287698532951953	-3.519615715964715	-0.8441805380967037	0.1657367254550375	2.304183453717025
-62.93333333333334	0.0	-62.93333333333334	0.0	-3.4875693674458788	-3.513631048414897	-0.8441961845388812	0.16577798784884504	2.305277470553623
-64.0	0.0	-64.0	0.0	-3.546399928048623	-3.512454474596359	-0.8441693452028823	0.1657940742801371	2.305056617480915
-65.06666666666666	0.0	-65.06666666666666	0.0	-3.605264344391439	-3.51593371534964	-0.8441946284798173	0.16577225725891195	2.3046580195372997
-66.13333333333333	0.0	-66.13333333333333	0.0	-3.6641656991839646	-3.5113272332158805	-0.8441817829439558	0.16580180091824917	2.305494460307273
-67.19999999999999	0.0	-67.19999999999999	0.0	-3.723107366729244	-3.506702432510927	-0.84420171123142	0.1658349932678064	2.3050762667508926
-68.26666666666665	0.0	-68.26666666666665	0.0	-3.782093031786535	-3.5092914679707046	-0.8441689266766516	0.16580322820001153	2.3054291487523453
-69.33333333333334	0.0	-69.33333333333334	0.0	-3.8411267091369456	-3.5096807295599337	-0.8441918490363843	0.16580718810204417	2.3057969045321567
-70.4	0.0	-70.4	0.0	-3.9002127638637214	-3.5054898654365196	-0.8441575513483199	0.16585274307258083	2.305739791798779
-71.46666666666667	0.0	-71.46666666666667	0.0	-3.959355932359017	-3.503461751709363	-0.8441662867419636	0.16587005288824058	2.306049361701031
-72.53333333333333	0.0	-72.53333333333333	0.0	-4.018561344068946	-3.4993968425186166	-0.8441414649170278	0.1658932113396934	2.3069957138981536
-73.6	0.0	-73.6	0.0	-4.077834543988736	-3.5024712288977025	-0.8441808278456326	0.16584957729724312	2.306979144551977
-74.66666666666666	0.0	-74.66666666666666	0.0	-4.137181515919814	-3.501876385077478	-0.8441503183565312	0.16588682613180913	2.3065315897707688
-75.73333333333332	0.0	-75.73333333333332	0.0	-4.19660870650064	-3.5023510045549635	-0.8441840902039475	0.16586129603171332	2.3069706130557304
-76.80000000000001	0.0	-76.80000000000001	0.0	-4.256123050023082	-3.5029031265052915	-0.8441618224621655	0.1658869763719946	2.30649149710412
-77.86666666666667	0.0	-77.86666666666667	0.0	-4.315731994046186	-3.492668625559243	-0.8441404561614968	0.16596034723973524	2.3075719815925786
-78.93333333333334	0.0	-78.93333333333334	0.0	-4.375443525819141	-3.5004457443737933	-0.8441388571766653	0.16588750221264395	2.306987826288413
-80.0	0.0	-80.0	0.0	-4.435266199525242	-3.4984448670459845	-0.8441537524179147	0.16590336328365748	2.307025225363163
-80.0	0.0	-80.0	0.0	-4.380060909566294	-3.4974382792659147	-0.839795638773695	0.1659060139497878	2.306968874562154
-78.93333333333334	0.0	-78.93333333333334	0.0	-4.318197730509417	-3.5005390220661146	-0.8441670701372166	0.16588855389394244	2.306831737467103
-77.86666666666666	0.0	-77.86666666666666	0.0	-4.256627645195748	-3.494567607846948	-0.8441187571861313	0.1659402794435272	2.3067896916780413
-76.8	0.0	-76.8	0.0	-4.195328882143961	-3.4979643989327047	-0.8441613395472827	0.1659108430986079	2.307195189938749
-75.73333333333333	0.0	-75.73333333333333	0.0	-4.1342809326230165	-3.5030264736975987	-0.8441653853008505	0.16587677077082133	2.306509472269173
-74.66666666666667	0.0	-74.66666666666667	0.0	-4.073464498932334	-3.498241581343537	-0.8441346075257035	0.16591027433219122	2.3064614812613446
-73.6	0.0	-73.6	0.0	-4.012861444010001	-3.5049876876164294	-0.8441385781591777	0.1658521743061641	2.306502400249011
-72.53333333333333	0.0	-72.53333333333333	0.0	-3.9524547423527756	-3.50010326113947	-0.844173648511054	0.16589054994212152	2.3064119020001224
-71.46666666666667	0.0	-71.46666666666667	0.0	-3.8922284322315646	-3.496405742859518	-0.8441281257348427	0.1659294728816119	2.3074018882396925
-70.4	0.0	-70.4	0.0	-3.832167569186148	-3.505004761340371	-0.8441696778775793	0.1658617467522698	2.3065033016901237
-69.33333333333333	0.0	-69.33333333333333	0.0	-3.7722581807828357	-3.5026594476558257	-0.8441731548647298	0.16587950728848633	2.3060507782513526
-68.26666666666667	0.0	-68.26666666666667	0.0	-3.712487222618799	-3.5030272892871754	-0.8441714807598053	0.16587355133827464	2.3067472488256353
-67.2	0.0	-67.2	0.0	-3.652842535556789	-3.5044592284953247	-0.8441452638474332	0.1658668978443447	2.3064742624085515
-66.13333333333333	0.0	-66.13333333333333	0.0	-3.5933128041739804	-3.508923765848098	-0.8441776191445282	0.16582163262273716	2.3057788757098954
-65.06666666666666	0.0	-65.06666666666666	0.0	-3.533887516408651	-3.511702930262644	-0.8441757411422088	0.16579781955333314	2.3055275989996216
-64.0	0.0	-64.0	0.0	-3.474556924388418	-3.504020119358829	-0.8441624878115583	0.16584662615074192	2.3060508104456785
-62.93333333333334	0.0	-62.93333333333334	0.0	-3.4153120064237723	-3.5100548276218677	-0.8441490091206295	0.16580186530690014	2.3061238915644893
-61.86666666666667	0.0	-61.86666666666667	0.0	-3.356144430150613	-3.5034915958490713	-0.844179121546383	0.16586812122871242	2.3059639286926834
-60.8	0.0	-60.8	0.0	-3.2970465168055205	-3.5077587927181693	-0.8441608566324014	0.16582520619286428	2.3055184450797483
-59.733333333333334	0.0	-59.733333333333334	0.0	-3.2380112066174873	-3.511155980867276	-0.8441638292417865	0.16579866733723703	2.305409520945247
-58.66666666666667	0.0	-58.66666666666667	0.0	-3.179032025299821	-3.5060418586095414	-0.8441776406074111	0.16583296502530198	2.3057229327036755
-57.6	0.0	-57.6	0.0	-3.1201030516259602	-3.501970628599564	-0.8441871701277505	0.16587620200440487	2.305811960745035
-56.53333333333333	0.0	-56.53333333333333	0.0	-3.061218886072913	-3.5159475911039175	-0.8441791644721508	0.16576091412490535	2.304982570532339
-55.46666666666667	0.0	-55.46666666666667	0.0	-3.002374620516045	-3.523997438780944	-0.8442136767890516	0.16569228655445042	2.3045294783271495
-54.4	0.0	-54.4	0.0	-2.943565808958942	-3.516079147849217	-0.8441735090023101	0.16574401210403505	2.3046558839803764
-53.33333333333333	0.0	-53.33333333333333	0.0	-2.884788439282071	-3.5140059727978503	-0.8441765781946716	0.16579051144145182	2.30468416132958
-52.266666666666666	0.0	-52.266666666666666	0.0	-2.826038905993961	-3.515420612921781	-0.8441750650613745	0.16576314626480457	2.304726883199475
-51.2	0.0	-51.2	0.0	-2.7673139839686236	-3.5110819446501425	-0.8441837146034833	0.16580287406243155	2.305090518105632
-50.13333333333333	0.0	-50.13333333333333	0.0	-2.7086108031529483	-3.5137196042728167	-0.8441864296582646	0.16578205506529595	2.3049216159427846
-49.06666666666666	0.0	-49.06666666666666	0.0	-2.649926824227785	-3.512340989599086	-0.8441759343081618	0.16579054363577744	2.3049322293387493
-48.0	0.0	-48.0	0.0	-2.591259815206436	-3.514331554011304	-0.8441709656505982	0.1657668378807914	2.3055713832822575
-46.93333333333334	0.0	-46.93333333333334	0.0	-2.532607828954294	-3.5139156140577046	-0.844209019343301	0.1657902646182901	2.3045354128144764
-45.86666666666667	0.0	-45.86666666666667	0.0	-2.473969181613334	-3.510423774591725	-0.8441797332385669	0.1657947718238554	2.30506095298341
-44.8	0.0	-44.8	0.0	-2.415342431915193	-3.5246246164353785	-0.844219536156287	0.16569098804998997	2.3046612818956125
-43.733333333333334	0.0	-43.733333333333334	0.0	-2.356726361366558	-3.517024748845411	-0.8441869769617978	0.16575612790185254	2.3043124027219646
-42.666666666666664	0.0	-42.666666666666664	0.0	-2.29811995529058	-3.5099524282039947	-0.844194928960188	0.16581672835382427	2.304925951445284
-41.6	0.0	-41.6	0.0	-2.2395223847080508	-3.5194871854860073	-0.8442037716682498	0.1657392688067495	2.3043886925418797
-40.53333333333333	0.0	-40.53333333333333	0.0	-2.180932989042046	-3.5161097109955284	-0.844210993928596	0.16576134338257836	2.3043961616253874
-39.46666666666667	0.0	-39.46666666666667	0.0	-2.122351259629783	-3.5159865462377344	-0.8441890481300692	0.16577027194217475	2.304623453563191
-38.4	0.0	-38.4	0.0	-2.0637768240253935	-3.51589326854541	-0.844204726766572	0.16574884125285513	2.3046680748982893
-37.333333333333336	0.0	-37.333333333333336	0.0	-2.0052094310773465	-3.523612126362307	-0.8442185488636391	0.16568747886851395	2.304140721115688
-36.266666666666666	0.0	-36.266666666666666	0.0	-1.946648936764245	-3.5153710336605593	-0.8441827595051608	0.16575739421198749	2.3047122025870608
-35.2	0.0	-35.2	0.0	-1.8880952907727155	-3.513992773124408	-0.8441906471149007	0.1657861759389555	2.304005290319887
-34.13333333333333	0.0	-34.13333333333333	0.0	-1.8295485238011158	-3.511800725891973	-0.8441912373442005	0.165779500982142	2.3044884412936217
-33.06666666666667	0.0	-33.06666666666667	0.0	-1.771008735572786	-3.507718818097379	-0.8441537631493563	0.16581610593019863	2.3053305482648763
-32.0	0.0	-32.0	0.0	-1.7124760835425616	-3.5112420041049255	-0.8441983952158963	0.16579875318877163	2.3050893805727988
-30.933333333333337	0.0	-30.933333333333337	0.0	-1.6539507722802793	-3.5088778352770977	-0.8441678213381438	0.16580460182456508	2.3047029735470943
-29.866666666666667	0.0	-29.866666666666667	0.0	-1.5954330435149888	-3.512342320297871	-0.8441934694841001	0.16577686104745365	2.304477430834309
-28.799999999999997	0.0	-28.799999999999997	0.0	-1.536923166823607	-3.5131912631975695	-0.8441995434801715	0.165777268842243	2.303907838096697
-27.733333333333334	0.0	-27.733333333333334	0.0	-1.478421430947724	-3.513593295202566	-0.8441913768529448	0.16576779297911376	2.3045437189504487
-26.666666666666664	0.0	-26.666666666666664	0.0	-1.4199281357222944	-3.511071363448506	-0.8441726612184063	0.16580707005618422	2.304933967832326
-25.6	0.0	-25.6	0.0	-1.3614435845999364	-3.513641769125277	-0.8442003805326336	0.16579059729298645	2.304339242057961
-24.53333333333333	0.0	-24.53333333333333	0.0	-1.302968077754553	-3.5057657600743335	-0.8441591932589191	0.16585741124977363	2.304694442050845
-23.46666666666667	0.0	-23.46666666666667	0.0	-1.2445019057480127	-3.51212726220375	-0.844182630727859	0.1657866695852796	2.3044518685398896
-22.4	0.0	-22.4	0.0	-1.1860453437435996	-3.507462368832149	-0.8441604703004958	0.16582041996981128	2.3044562147738277
-21.333333333333336	0.0	-21.333333333333336	0.0	-1.1275986462499692	-3.505878139733097	-0.8441732085219387	0.16584455498247014	2.304748421203213
-20.266666666666666	0.0	-20.266666666666666	0.0	-1.0691620423793182	-3.517446140371455	-0.844190217857228	0.16573731568433772	2.303738571064831
-19.200000000000003	0.0	-19.200000000000003	0.0	-1.010735731603509	-3.5053119381311006	-0.8441904217546223	0.16584876170766458	2.3044368230584555
-18.133333333333333	0.0	-18.133333333333333	0.0	-0.9523198799918556	-3.503321953216739	-0.8441731119389627	0.1658611672544114	2.3043340373086783
-17.06666666666667	0.0	-17.06666666666667	0.0	-0.8939146169143085	-3.511553516398148	-0.8441944353138644	0.16579947219537364	2.303871630211986
-16.0	0.0	-16.0	0.0	-0.8355200321937496	-3.5008405863127696	-0.8441475925703094	0.1658902709246343	2.304537204965263
-14.933333333333337	0.0	-14.933333333333337	0.0	-0.7771361736911329	-3.4950296286117326	-0.8441680252355387	0.16593857314427735	2.3048906235388036
-13.866666666666674	0.0	-13.866666666666674	0.0	-0.7187630453071814	-3.4972227382569074	-0.8441317744250623	0.16590135650403695	2.304537043993635
-12.799999999999997	0.0	-12.799999999999997	0.0	-0.6604006053843748	-3.493084393809773	-0.844132686597617	0.16594834948777748	2.304635966424356
-11.733333333333334	0.0	-11.733333333333334	0.0	-0.6020487654929477	-3.4919742261532307	-0.844125131662574	0.16595413373491996	2.3048434373891102
-10.666666666666671	0.0	-10.666666666666671	0.0	-0.5437073895846136	-3.4845768286761296	-0.8441206029941246	0.16600481833464775	2.3053804387379087
-9.599999999999994	0.0	-9.599999999999994	0.0	-0.4853762934977529	-3.486777922514021	-0.8440911237234385	0.16599888384731995	2.3050685830385462
-8.533333333333331	0.0	-8.533333333333331	0.0	-0.4270552447977797	-3.481489188966396	-0.844116020668467	0.1660511674318793	2.3052174817938336
-7.466666666666669	0.0	-7.466666666666669	0.0	-0.36874396293640566	-3.4783994995512715	-0.8440826995416083	0.16606801579554062	2.304831622071662
-6.400000000000006	0.0	-6.400000000000006	0.0	-0.31044211971353775	-3.468959339928926	-0.8440937314638013	0.1661475250480037	2.3055028093690093
-5.333333333333329	0.0	-5.333333333333329	0.0	-0.2521493400255208	-3.4687251905998027	-0.8440475755325225	0.16614600118326478	2.305230981947646
-4.266666666666666	0.0	-4.266666666666666	0.0	-0.1938652028834597	-3.4625553520213344	-0.8440617088414032	0.16619424974569902	2.304886084138911
-3.200000000000003	0.0	-3.200000000000003	0.0	-0.1355892426853284	-3.459573331162018	-0.8440317681187178	0.16622782842716166	2.3050183920851426
-2.13333333333334	0.0	-2.13333333333334	0.0	-0.07732095072560852	-3.4587877145005184	-0.8440472321263844	0.16622732404939594	2.304614814752525
-1.0666666666666629	0.0	-1.0666666666666629	0.0	-0.01905977692616606	-3.4456779061526355	-0.8439971162930732	0.1663443504224706	2.30534581910659
0.0	0.0	0.0	0.0	0.0391948682279	-3.4389363070853083	-0.843978947962067	0.1663884888426866	2.30520349872514
1.0666666666666629	0.0	1.0666666666666629	0.0	0.0974436115637267	-3.4335270379831293	-0.8439506276870984	0.1664364476561915	2.3054909511257966
2.1333333333333258	0.0	2.1333333333333258	0.0	0.1556871149237345	-3.427827998488861	-0.8439664351009029	0.16647202238583303	2.3058095890963886
3.200000000000003	0.0	3.200000000000003	0.0	0.2139260727125422	-3.4232694107799517	-0.8439237346938908	0.16653206480283023	2.3057167299303027
4.266666666666666	0.0	4.266666666666666	0.0	0.27216120930401666	-3.415824752033066	-0.8439103633173798	0.16656699564596256	2.3052068362035474
5.333333333333329	0.0	5.333333333333329	0.0	0.33039327632474647	-3.4199140967168398	-0.8439230264187307	0.16653900804568927	2.3051471693870114
6.400000000000006	0.0	6.400000000000006	0.0	0.38862304983020113	-3.4028039824579865	-0.8439135183612759	0.1666830454578314	2.305774068023958
7.466666666666669	0.0	7.466666666666669	0.0	0.44685132738985966	-3.4002476027756727	-0.8438697233471983	0.16672227960913438	2.305633453941758
8.533333333333331	0.0	8.533333333333331	0.0	0.5050789250975919	-3.39892761396862	-0.8438862390361632	0.16671881335342573	2.3049252753644476
9.599999999999994	0.0	9.599999999999994	0.0	0.5633066745235548	-3.387345190272453	-0.8438100028734554	0.1668037741783346	2.3053251181553143
10.666666666666671	0.0	10.666666666666671	0.0	0.621535419623892	-3.3695557328204653	-0.8437935515731416	0.16696702087133886	2.3057942109402596
11.733333333333334	0.0	11.733333333333334	0.0	0.6797660136245051	-3.366907867596619	-0.8437938198591871	0.16697420020591813	2.3056212415609654
12.799999999999997	0.0	12.799999999999997	0.0	0.7379993158951843	-3.358698625814199	-0.8437426738074606	0.16703633525407063	2.3056134719970838
13.86666666666666	0.0	13.86666666666666	0.0	0.7962361888303604	-3.353955908026501	-0.8437093419491609	0.16708286678581313	2.3053361500775074
14.933333333333337	0.0	14.933333333333337	0.0	0.8544774947527677	-3.340563047169108	-0.8437094599950207	0.16719347575667776	2.305887263272304
16.0	0.0	16.0	0.0	0.9127240928562825	-3.340569732857365	-0.8436848098731544	0.16717388014390988	2.305329292686182
17.066666666666663	0.0	17.066666666666663	0.0	0.9709768362042303	-3.3439967758776197	-0.8436934701467045	0.16716942659555353	2.3047283748698875
18.133333333333326	0.0	18.133333333333326	0.0	1.0292365687994187	-3.3411916628367453	-0.8436703438895773	0.16720400330110563	2.3048034413054355
19.200000000000003	0.0	19.200000000000003	0.0	1.0875041227421884	-3.340849844951813	-0.8437061869052647	0.167201019960279	2.3045466164397403
20.266666666666666	0.0	20.266666666666666	0.0	1.1457803154927464	-3.328678748014474	-0.843673456007706	0.16729135723754116	2.304951181065007
21.33333333333333	0.0	21.33333333333333	0.0	1.2040659472540736	-3.3339323360901343	-0.843668047361028	0.16723311770277005	2.304081204539338
22.400000000000006	0.0	22.400000000000006	0.0	1.2623617984916657	-3.334506811633775	-0.8436641518476456	0.16723339672025753	2.3035013096175776
23.46666666666667	0.0	23.46666666666667	0.0	1.3206686276063948	-3.3206789947078748	-0.8436482907766317	0.16734534712135007	2.304087933153362
24.53333333333333	0.0	24.53333333333333	0.0	1.3789871687767694	-3.320694759195912	-0.8435797168633862	0.16734868459975696	2.304270614487507
25.599999999999994	0.0	25.599999999999994	0.0	1.4373181299868607	-3.320622160991982	-0.8436373554374147	0.16736199158761697	2.3041642551676036
26.66666666666667	0.0	26.66666666666667	0.0	1.4956621912561816	-3.316099437761646	-0.8436053113521329	0.16740321105565725	2.3040310350488182
27.733333333333334	0.0	27.733333333333334	0.0	1.5540200030877847	-3.3152282056572835	-0.8436121258176903	0.16740344714737718	2.303882576282647
28.799999999999997	0.0	28.799999999999997	0.0	1.6123921851508696	-3.3062177222340723	-0.8435942150412883	0.1674899532999086	2.3042568031218806
29.86666666666666	0.0	29.86666666666666	0.0	1.670779325214162	-3.310669027719078	-0.8435736857930817	0.16743461125443002	2.3040665990470184
30.933333333333337	0.0	30.933333333333337	0.0	1.7291819783463485	-3.2959593545614094	-0.8435188588568109	0.16755489998581863	2.3044760786726415
32.0	0.0	32.0	0.0	1.7876006663998416	-3.3064858902337746	-0.8435744691883346	0.16746799676993981	2.3035121483738177
33.06666666666666	0.0	33.06666666666666	0.0	1.8460358777941588	-3.2994279497244023	-0.8435115507449301	0.1675347892638432	2.3034419540128552
34.133333333333326	0.0	34.133333333333326	0.0	1.9044880676151767	-3.3017556316500336	-0.8435816377914722	0.16750873332309812	2.3036330380659455
35.2	0.0	35.2	0.0	1.9629576580465535	-3.291848858205805	-0.8435289571435658	0.16759764331859767	2.3035770414025176
36.266666666666666	0.0	36.266666666666666	0.0	2.021445039149582	-3.284215723146186	-0.8434968272067488	0.16764837084409276	2.3044602497959534
37.33333333333333	0.0	37.33333333333333	0.0	2.079950570007767	-3.2811324940590407	-0.843484561168746	0.16767907349914704	2.3038711365656646
38.39999999999999	0.0	38.39999999999999	0.0	2.1384745802523812	-3.266693263966741	-0.8434662104032291	0.1677921721645146	2.304312520767825
39.46666666666667	0.0	39.46666666666667	0.0	2.1970173719853	-3.2747781605327613	-0.8434711790607932	0.16773963102535144	2.3041153949129867
40.53333333333333	0.0	40.53333333333333	0.0	2.2555792221153697	-3.2786951797237505	-0.8434686142461978	0.16769482725574256	2.3031819311774964
41.599999999999994	0.0	41.599999999999994	0.0	2.3141603851246044	-3.262450921116902	-0.8434092908358031	0.16783277994037107	2.303581312516362
42.66666666666667	0.0	42.66666666666667	0.0	2.3727610962804784	-3.2617829961778697	-0.843431687354886	0.16782533231974614	2.303732411217222
43.733333333333334	0.0	43.733333333333334	0.0	2.4313815753105863	-3.2560774212355295	-0.8433582306356111	0.16789043997728345	2.3040571017210065
44.8	0.0	44.8	0.0	2.490022030555963	-3.2492863931471665	-0.8433884611072249	0.16793209943443846	2.304444109707452
45.86666666666666	0.0	45.86666666666666	0.0	2.548682663619322	-3.253691961227126	-0.8433780623400987	0.16789817734683754	2.303875343290858
46.93333333333334	0.0	46.93333333333334	0.0	2.607363674524507	-3.2521679569795863	-0.8433642295115901	0.16791132336306996	2.3042975611379233
48.0	0.0	48.0	0.0	2.6660652674034075	-3.249083622553932	-0.8433813354298553	0.1679459215315058	2.303961098242461
49.06666666666666	0.0	49.06666666666666	0.0	2.724787656726653	-3.2461194266194826	-0.8433631992931744	0.1679688009654715	2.3043812556526984
50.133333333333326	0.0	50.133333333333326	0.0	2.783531074094322	-3.2515056016588555	-0.8433587457448184	0.1679311657989998	2.3049509878990557
51.19999999999999	0.0	51.19999999999999	0.0	2.8422957756029708	-3.2498061061431907	-0.8433992032804898	0.16793876365981028	2.3046193648838567
52.26666666666665	0.0	52.26666666666665	0.0	2.901082049805243	-3.2450081214301076	-0.8433660431252576	0.16798952337963083	2.3043784010891732
53.33333333333334	0.0	53.33333333333334	0.0	2.9598902262783517	-3.2504377588088658	-0.8433777296654023	0.16793258234932043	2.3042224947023753
54.400000000000006	0.0	54.400000000000006	0.0	3.0187206848176857	-3.2425055599285355	-0.8433343531775559	0.16800932288979326	2.3043691720492068
55.46666666666667	0.0	55.46666666666667	0.0	3.0775738652718507	-3.2419737418661367	-0.8433686723285043	0.1679968422229537	2.3046434891650716
56.53333333333333	0.0	56.53333333333333	0.0	3.13645027803539	-3.2485393560190166	-0.8433358019222024	0.16794712345299004	2.3047522094021757
57.599999999999994	0.0	57.599999999999994	0.0	3.195350515215478	-3.248400158487141	-0.8433626090638751	0.16795269307129598	2.304487883258646
58.66666666666666	0.0	58.66666666666666	0.0	3.2542752624888656	-3.237248849003308	-0.8433074601843488	0.1680494155564422	2.3047956288157905
59.73333333333332	0.0	59.73333333333332	0.0	3.3132253116653385	-3.247462477295012	-0.8433465655583505	0.1679588421874602	2.304397674758687
60.80000000000001	0.0	60.80000000000001	0.0	3.372201573973985	-3.251298173619869	-0.8433484757549943	0.16792373964125865	2.30379669255374
61.866666666666674	0.0	61.866666666666674	0.0	3.431205094088528	-3.2383123670822456	-0.843362609063875	0.1680268258714059	2.3043345309550016
62.93333333333334	0.0	62.93333333333334	0.0	3.490237064908026	-3.2413922908853086	-0.8433147682962299	0.16800705855556872	2.3052849611000155
64.0	0.0	64.0	0.0	3.549298843109189	-3.238114833432617	-0.8433684362367839	0.1680327496272919	2.3049629641881286
65.06666666666666	0.0	65.06666666666666	0.0	3.6083919654866037	-3.2406758169034693	-0.8433674811384623	0.1680058459026429	2.304535605980432
66.13333333333333	0.0	66.13333333333333	0.0	3.667518166097146	-3.2397960747657426	-0.8433471235933245	0.16801075017155578	2.3051192247125067
67.19999999999999	0.0	67.19999999999999	0.0	3.7266793942248477	-3.2428155590884638	-0.8433179877287771	0.16798519860857639	2.304544824288955
68.26666666666665	0.0	68.26666666666665	0.0	3.7858778331825	-3.2380794626003717	-0.8433318312887278	0.16804280498827961	2.3050131336786492
69.33333333333334	0.0	69.33333333333334	0.0	3.845115919966272	-3.2357847905897863	-0.843304509037847	0.16804695805626493	2.305131286853116
70.4	0.0	70.4	0.0	3.9043963657796077	-3.239369671656367	-0.8433452992482152	0.16802481909178507	2.305511061847772
71.46666666666667	0.0	71.46666666666667	0.0	3.9637221774427083	-3.2377069313289435	-0.8432993794086563	0.1680425688965594	2.305070482503748
72.53333333333333	0.0	72.53333333333333	0.0	4.023096679703835	-3.2390055431038887	-0.8433160131434821	0.1680284892448884	2.3048825749574378
73.6	0.0	73.6	0.0	4.082523538468745	-3.228490189593902	-0.8432865338727947	0.16811732412029518	2.305611282782951
74.66666666666666	0.0	74.66666666666666	0.0	4.142006784964515	-3.23269826695	-0.8433199945083976	0.16807406567830857	2.306149443127469
75.73333333333332	0.0	75.73333333333332	0.0	4.201550840854042	-3.2295051586300354	-0.8432820052043459	0.16810762289688772	2.3061821418307016
76.80000000000001	0.0	76.80000000000001	0.0	4.261160544317486	-3.2313892778708153	-0.8433264011791657	0.16808530149789674	2.3056962006820934
77.86666666666667	0.0	77.86666666666667	0.0	4.320841177116942	-3.226712472598793	-0.8432732054220513	0.16814401321610783	2.3059440111366616
78.93333333333334	0.0	78.93333333333334	0.0	4.380598492660622	-3.234108034999342	-0.8433241797707083	0.1680714257436203	2.3056595528082706
80.0	0.0	80.0	0.0	4.440438745082791	-3.2372981921728057	-0.843305453404728	0.16803958555573284	2.305632906638227
