Hysterese	V-MOKE
Charge	2020_0446
Sample	1
Sample State	bFC
User	Meike Reginka
Sample Angle	85.0
Magnetic Field Angle	90.0
Detektor Averages	300
Hysteresus Points	150
Magnetic Field [kA/m]	80
Hysteresis Averages	100
Polarization	p-polarization
Measurement Method	Scan Both Angles
Max Voltage Correction	No
Training Effect Elimination	No
Magnetic field [kA/m]	Magnetic field transversal [kA/m]	Magnetic field longitudinal [kA/m]	Magnetic field transversal [V]	Magnetic field longitudinal [V]	Detector diff transversal [V]	Detector diff longitudinal [V]	Detector raw transversal [V]	Detector raw longitudinal [V]
80.0	80.0	0.0	-4.342489581062203	0.0	-4.2431509006713855	-0.8415535884529688	0.15962512641134294	2.001892559673593
78.93333333333334	78.93333333333334	0.0	-4.283945631442396	0.0	-4.243333968337438	-0.8450035001757477	0.15965171892417904	2.0021624339725475
77.86666666666666	77.86666666666666	0.0	-4.225481927972428	0.0	-4.24233597644227	-0.8450018797280324	0.15964940093274543	2.002146626558743
76.8	76.8	0.0	-4.167093947216811	0.0	-4.239231810312126	-0.8450074064205714	0.15966732244058904	2.002184744640095
75.73333333333333	75.73333333333333	0.0	-4.108777426500553	0.0	-4.245092744337731	-0.8450031245752843	0.15960450058016	2.001736996692936
74.66666666666667	74.66666666666667	0.0	-4.050528351430542	0.0	-4.246074199081051	-0.8450038435818861	0.15961389059175463	2.002045665154074
73.6	73.6	0.0	-3.992342943813344	0.0	-4.241973382485962	-0.8449895063756117	0.15963300328964047	2.001987586590933
72.53333333333333	72.53333333333333	0.0	-3.934217649963252	0.0	-4.245120796326651	-0.8450148111154283	0.15962476154232072	2.0015986898707254
71.46666666666667	71.46666666666667	0.0	-3.876149129394453	0.0	-4.241762359413969	-0.8449914594980227	0.1596390128970612	2.0019294436391393
70.4	70.4	0.0	-3.818134243891202	0.0	-4.243910289689073	-0.8449948077078713	0.15963905582282842	2.0019360864016273
69.33333333333333	69.33333333333333	0.0	-3.760170046949834	0.0	-4.249071115181613	-0.8449722394857188	0.1595995533854798	2.0014805366962616
68.26666666666667	68.26666666666667	0.0	-3.7022537735865026	0.0	-4.246544601101899	-0.8450014719332434	0.15960793464154313	2.001700220041809
67.2	67.2	0.0	-3.6443828305044987	0.0	-4.2462649504594445	-0.845004390885419	0.15961183015492467	2.0018855735049677
66.13333333333333	66.13333333333333	0.0	-3.586554786615013	0.0	-4.247067994982465	-0.8450205309739204	0.15960816000182146	2.001480708399329
65.06666666666666	65.06666666666666	0.0	-3.5287673639052177	0.0	-4.248884098344974	-0.8450088766281005	0.15959263160550433	2.0013196401890156
64.0	64.0	0.0	-3.4710184286475108	0.0	-4.240235436214252	-0.8450156910936582	0.15965212671896825	2.0020333132645405
62.93333333333334	62.93333333333334	0.0	-3.4133059829438133	0.0	-4.242818784009866	-0.8450085654162881	0.15964773755926293	2.0020352771183925
61.86666666666667	61.86666666666667	0.0	-3.3556281565987605	0.0	-4.246994742160583	-0.8450074171520131	0.15960674345150083	2.0015989688882128
60.8	60.8	0.0	-3.2979831993156687	0.0	-4.2505364399052725	-0.844996835950376	0.15959690271934962	2.0014792811175677
59.733333333333334	59.733333333333334	0.0	-3.2403694732091295	0.0	-4.246104579792852	-0.8450205309739203	0.1596038030364415	2.0015843633958936
58.66666666666667	58.66666666666667	0.0	-3.1827854456281033	0.0	-4.244849548403147	-0.8450034250556548	0.15961598322291012	2.0017615609632666
57.6	57.6	0.0	-3.1252296822833725	0.0	-4.25545508895021	-0.8450282146862649	0.1595380944181621	2.0006737898258105
56.53333333333333	56.53333333333333	0.0	-3.0677008406732234	0.0	-4.253162831514033	-0.8450069235056888	0.15954483376362666	2.001073578959466
55.46666666666667	55.46666666666667	0.0	-3.0101976638012173	0.0	-4.249378184657925	-0.845040384141292	0.15958672931250178	2.0009922346304516
54.4	54.4	0.0	-2.9527189741799083	0.0	-4.249312701399929	-0.8449947540506629	0.1595934901208502	2.001197677352704
53.33333333333333	53.33333333333333	0.0	-2.895263668114395	0.0	-4.25226069285723	-0.8450101536696779	0.1595635923239325	2.001076744734803
52.266666666666666	52.266666666666666	0.0	-2.837830710259539	0.0	-4.244945122624016	-0.8450090805254953	0.15961444862672947	2.001711080260933
51.2	51.2	0.0	-2.7804191284447413	0.0	-4.250293598108273	-0.8450098961150739	0.15958113823131234	2.0011616304396207
50.13333333333333	50.13333333333333	0.0	-2.7230280087601257	0.0	-4.2511923134351415	-0.8450027167804945	0.15956901170205287	2.0010080098499317
49.06666666666666	49.06666666666666	0.0	-2.665656490897999	0.0	-4.252378448968343	-0.8450066337567601	0.15956265868849395	2.001140510962114
48.0	48.0	0.0	-2.6083037637434527	0.0	-4.25335146879839	-0.8450052172064388	0.1595504677705836	2.001022636805135
46.93333333333334	46.93333333333334	0.0	-2.5509690612079656	0.0	-4.24881904434465	-0.8450119887462288	0.1595816533405198	2.0009680566920247
45.86666666666667	45.86666666666667	0.0	-2.4936516582998802	0.0	-4.253660695294506	-0.8449975978827453	0.1595478814931043	2.0011721579840485
44.8	44.8	0.0	-2.4363508674256087	0.0	-4.258543458397985	-0.8450167749692814	0.15951138385946584	2.0004571434782967
43.733333333333334	43.733333333333334	0.0	-2.3790660349154367	0.0	-4.258660527696832	-0.8450210353516852	0.1595104609554691	2.0000810600996273
42.666666666666664	42.666666666666664	0.0	-2.3217965377677903	0.0	-4.246350973697094	-0.8450200373275959	0.1595993816824106	2.001197816861446
41.6	41.6	0.0	-2.264541780605829	0.0	-4.252977027330318	-0.845011484368464	0.15955870951790319	2.0011319901973073
40.53333333333333	40.53333333333333	0.0	-2.207301192840227	0.0	-4.2485767498511775	-0.845017333004257	0.15958164260907787	2.0011957993503846
39.46666666666667	39.46666666666667	0.0	-2.1500742260320136	0.0	-4.2523044664084155	-0.8450092844228897	0.15954659372008562	2.000910911764321
38.4	38.4	0.0	-2.092860351449327	0.0	-4.25295118601841	-0.8450236001662816	0.1595589992668324	2.000713614206414
37.333333333333336	37.333333333333336	0.0	-2.0356590578119564	0.0	-4.249349574634026	-0.8449963744983775	0.1595690009706111	2.0010085464220215
36.266666666666666	36.266666666666666	0.0	-1.978469849217529	0.0	-4.251008698465558	-0.8450090590626115	0.15956923706233112	2.001003481181482
35.2	35.2	0.0	-1.9212922432432114	0.0	-4.24799217602078	-0.8450041977194662	0.15959724612548792	2.0012352588619633
34.13333333333333	34.13333333333333	0.0	-1.8641257692167834	0.0	-4.248568819315668	-0.8450195758755983	0.15959047458569792	2.001207485890528
33.06666666666667	33.06666666666667	0.0	-1.8069699666509589	0.0	-4.250430939100717	-0.8449993900335293	0.15958416449790622	2.0010989051621677
32.0	32.0	0.0	-1.7498243838348049	0.0	-4.247603182717597	-0.8450328935948994	0.15958975557909577	2.0011336535707893
30.933333333333337	30.933333333333337	0.0	-1.6926885765761346	0.0	-4.251230989551467	-0.8449904614739335	0.1595594714502727	2.001033958476258
29.866666666666667	29.866666666666667	0.0	-1.6355621070887316	0.0	-4.253184981209954	-0.8450225914107495	0.15956081288050045	2.000732083017791
28.799999999999997	28.799999999999997	0.0	-1.5784445430182759	0.0	-4.2495767270630855	-0.8450019655795669	0.15958523764208854	2.000858113070554
27.733333333333334	27.733333333333334	0.0	-1.5213354566008253	0.0	-4.252743060435705	-0.8450336769901523	0.1595517340807186	2.000706198780114
26.666666666666664	26.666666666666664	0.0	-1.4642344239477312	0.0	-4.256328950257816	-0.8450015363218941	0.1595124891979737	2.0005156512991142
25.6	25.6	0.0	-1.4071410244508409	0.0	-4.254235557170055	-0.8450296419680273	0.15955259259606439	2.000308813489426
24.53333333333333	24.53333333333333	0.0	-1.3500548403018546	0.0	-4.25208626400184	-0.8450207134084309	0.15956257283695932	2.0007587506507183
23.46666666666667	23.46666666666667	0.0	-1.292975456119707	0.0	-4.2509555563656525	-0.8450204343909437	0.15958691174701292	2.000465331568407
22.4	22.4	0.0	-1.2359024586798253	0.0	-4.248376962598769	-0.8449870918012015	0.15958419669223176	2.0010175393702694
21.333333333333336	21.333333333333336	0.0	-1.1788354367391438	0.0	-4.253948158426603	-0.8450014933961272	0.15955949291315621	2.0004909260571533
20.266666666666666	20.266666666666666	0.0	-1.121773980950723	0.0	-4.25523163886858	-0.845001665099196	0.1595128326041118	2.0001291262275496
19.200000000000003	19.200000000000003	0.0	-1.0647176838618537	0.0	-4.253385337228777	-0.8450309941296976	0.1595360769070996	2.0001034566187106
18.133333333333333	18.133333333333333	0.0	-1.0076661399894944	0.0	-4.255050170187361	-0.8450138238227809	0.1595265366553193	2.0001764411545455
17.06666666666667	17.06666666666667	0.0	-0.9506189459669213	0.0	-4.252554026088001	-0.8450099175779574	0.15955234577290248	2.0004161064447676
16.0	16.0	0.0	-0.8935757007554419	0.0	-4.247604974868379	-0.8450053137894158	0.15959958557980516	2.000882816849629
14.933333333333337	14.933333333333337	0.0	-0.8365360059150497	0.0	-4.247684741675451	-0.8450164637574695	0.15959498179126322	2.0008307049681386
13.866666666666674	13.866666666666674	0.0	-0.77949946592787	0.0	-4.250285485138256	-0.8449998192912025	0.15957652371132855	2.0002999922442486
12.799999999999997	12.799999999999997	0.0	-0.7224656885682738	0.0	-4.249902061453374	-0.8450090590626115	0.1595639464615126	2.0003746508850067
11.733333333333334	11.733333333333334	0.0	-0.6654342853135198	0.0	-4.251555562009389	-0.8450036826102588	0.15956293770598134	2.0003573303379065
10.666666666666671	10.666666666666671	0.0	-0.6084048717887804	0.0	-4.2528603229004975	-0.8450200158647126	0.15955495351326532	2.000130156445965
9.599999999999994	9.599999999999994	0.0	-0.551377068240432	0.0	-4.2513549377045186	-0.8450080503070804	0.15955378378610668	2.0000214576717443
8.533333333333331	8.533333333333331	0.0	-0.49435050003146297	0.0	-4.247621351048605	-0.8450139418686409	0.15960571323308578	2.0005097919318784
7.466666666666669	7.466666666666669	0.0	-0.4373247981528619	0.0	-4.257763733298043	-0.8449976837342793	0.15950847563873197	1.9998983143768314
6.400000000000006	6.400000000000006	0.0	-0.3802995997448602	0.0	-4.247336162982172	-0.8450363491191665	0.15960225770881903	2.000181495663644
5.333333333333329	5.333333333333329	0.0	-0.3232745486218845	0.0	-4.2474471582849365	-0.8449959881664719	0.15958788830821877	2.000172341743769
4.266666666666666	4.266666666666666	0.0	-0.2662492957950903	0.0	-4.249934084075778	-0.8450191895436922	0.15957231698613414	1.9999809357474225
3.200000000000003	3.200000000000003	0.0	-0.20922349998633066	0.0	-4.250648883952689	-0.8450023948372398	0.15957868073113496	2.0000670877623743
2.13333333333334	2.13333333333334	0.0	-0.15219682812743746	0.0	-4.252338120209969	-0.845021926061357	0.1595546423014526	1.999519183268684
1.0666666666666629	1.0666666666666629	0.0	-0.09516895583866962	0.0	-4.24968131569509	-0.8449898819760747	0.15958986289351418	1.9997248406197696
0.0	0.0	0.0	-0.0381395678802	0.0	-4.262488400800596	-0.8450211426661037	0.1594637469892157	1.9987869018730402
-1.0666666666666629	-1.0666666666666629	0.0	0.01889164142950607	0.0	-4.256522663514156	-0.8450172471527224	0.15953452084803527	1.9988349465380801
-2.1333333333333258	-2.1333333333333258	0.0	0.07592496783454125	0.0	-4.259433846126004	-0.8450311658327663	0.1594917667838144	1.9989236097104168
-3.200000000000003	-3.200000000000003	0.0	0.13296069680778344	0.0	-4.259132904302973	-0.8450087049250317	0.15950781028933902	1.9988473091590588
-4.266666666666666	-4.266666666666666	0.0	0.1899991032686266	0.0	-4.258796591647696	-0.8450255318258094	0.15950361429558646	1.9990788829421462
-5.333333333333329	-5.333333333333329	0.0	0.2470404513583625	0.0	-4.259638644961741	-0.8450151652530091	0.1594968427557964	1.9985482346069068
-6.400000000000006	-6.400000000000006	0.0	0.3040849942793354	0.0	-4.272670017201343	-0.8450330009093178	0.15938451675423995	1.997572456796309
-7.466666666666669	-7.466666666666669	0.0	0.36113297420401097	0.0	-4.269947053347622	-0.8450053245208576	0.1594086732297825	1.997671379227031
-8.533333333333331	-8.533333333333331	0.0	0.4181846222601038	0.0	-4.272265881833752	-0.8450539808780815	0.15939907932079325	1.9974330768299198
-9.599999999999994	-9.599999999999994	0.0	0.4752401585978824	0.0	-4.276698396564125	-0.845025188419671	0.1593573232806617	1.9972301023392882
-10.666666666666671	-10.666666666666671	0.0	0.5322997925458017	0.0	-4.281224607513055	-0.8450373149489304	0.1593208685727906	1.9972352319684796
-11.733333333333334	-11.733333333333334	0.0	0.5893637228605886	0.0	-4.286200422948578	-0.8450296205051441	0.15928507921431245	1.9965067602346824
-12.799999999999997	-12.799999999999997	0.0	0.6464321380779278	0.0	-4.2882355335758	-0.8450526394478532	0.15927421899518818	1.9962932045424142
-13.86666666666666	-13.86666666666666	0.0	0.7035052169698697	0.0	-4.290488524666342	-0.8450302429287696	0.15923552141597616	1.996155015766065
-14.933333333333337	-14.933333333333337	0.0	0.7605831291151076	0.0	-4.295560139683015	-0.8450524784762256	0.1591942160964012	1.9958372470422592
-16.0	-16.0	0.0	0.8176660355882505	0.0	-4.293650747896752	-0.845043571379513	0.15922814891544398	1.9956685487768084
-17.066666666666663	-17.066666666666663	0.0	0.8747540897742391	0.0	-4.304126448729198	-0.8450562022865382	0.1591306752293701	1.995381815382753
-18.133333333333326	-18.133333333333326	0.0	0.9318474383140274	0.0	-4.3038422694183	-0.8450702175495582	0.15913671703111607	1.9951756107281329
-19.200000000000003	-19.200000000000003	0.0	0.9889462221876749	0.0	-4.3083305232574975	-0.8450823118844923	0.15910144278184557	1.9951969448344766
-20.266666666666666	-20.266666666666666	0.0	1.0460505779409777	0.0	-4.310549452751703	-0.8450562988695143	0.1590804520816406	1.9946690115540175
-21.33333333333333	-21.33333333333333	0.0	1.1031606390617854	0.0	-4.3149037674655135	-0.845066257647526	0.15904469491748796	1.9943399962791803
-22.400000000000006	-22.400000000000006	0.0	1.1602765375121282	0.0	-4.3250274877376285	-0.8450645835426017	0.15895592443073203	1.993661404286975
-23.46666666666667	-23.46666666666667	0.0	1.2173984054222904	0.0	-4.323193774079087	-0.8450794036637579	0.1589866700115536	1.9937337127419752
-24.53333333333333	-24.53333333333333	0.0	1.2745263769529795	0.0	-4.325247138888852	-0.8450688761193301	0.15896553980260492	1.9934979322336932
-25.599999999999994	-25.599999999999994	0.0	1.3316605903317076	0.0	-4.3236674813840175	-0.8450921418852017	0.1589718713532803	1.9937365994998246
-26.66666666666667	-26.66666666666667	0.0	1.3888011900695343	0.0	-4.326589792501037	-0.845076602757443	0.15895228647195417	1.9936925147368172
-27.733333333333334	-27.733333333333334	0.0	1.4459483293643003	0.0	-4.328815783283958	-0.8450928286974784	0.1589319718525842	1.9932170367439874
-28.799999999999997	-28.799999999999997	0.0	1.5031021726964937	0.0	-4.3310769839275	-0.8450670303113366	0.15891289134902378	1.9935139220820082
-29.86666666666666	-29.86666666666666	0.0	1.5602628986238758	0.0	-4.339850152246251	-0.8451011884906582	0.1588368161579438	1.992729646850735
-30.933333333333337	-30.933333333333337	0.0	1.6174307027810082	0.0	-4.336316320648411	-0.8450753686416332	0.15885906243684203	1.9926758286699948
-32.0	-32.0	0.0	1.6746058010898164	0.0	-4.3425172911396075	-0.8450937408700331	0.15881362551216546	1.992301344276156
-33.06666666666666	-33.06666666666666	0.0	1.731788433187324	0.0	-4.343468322245359	-0.8450917448218543	0.15880381697433962	1.9922316328300766
-34.133333333333326	-34.133333333333326	0.0	1.788978866076694	0.0	-4.34524478366178	-0.8451057600848745	0.15879762493240798	1.9921586804885671
-35.2	-35.2	0.0	1.8461773980077143	0.0	-4.3521119513298725	-0.8450840503780671	0.15875956050826365	1.9916482823840465
-36.266666666666666	-36.266666666666666	0.0	1.903384362592853	0.0	-4.351292691598257	-0.8451032060017208	0.158740662439214	1.9916967777696417
-37.33333333333333	-37.33333333333333	0.0	1.9606001331650438	0.0	-4.3543674965035715	-0.8451008343530785	0.15871933906431288	1.991427171756734
-38.39999999999999	-38.39999999999999	0.0	2.0178251273833046	0.0	-4.357677920945543	-0.8451142164610305	0.15870021563498507	1.9912765667021972
-39.46666666666667	-39.46666666666667	0.0	2.0750598120923507	0.0	-4.363299060903624	-0.8450931184464073	0.15865048613357946	1.9907389321983318
-40.53333333333333	-40.53333333333333	0.0	2.1323047084423257	0.0	-4.368862637407762	-0.8451290580450717	0.15861687525779125	1.9905881554407237
-41.599999999999994	-41.599999999999994	0.0	2.18956039727479	0.0	-4.370232924482645	-0.8451101814389058	0.15858436972051082	1.9899745852545212
-42.66666666666667	-42.66666666666667	0.0	2.246827524781106	0.0	-4.373778710906663	-0.8451221040707705	0.15856161906384714	1.9898869201062723
-43.733333333333334	-43.733333333333334	0.0	2.304106808439335	0.0	-4.376153621907755	-0.8451155471598164	0.15854625163915723	1.9898831426387518
-44.8	-44.8	0.0	2.3613990432358243	0.0	-4.382458472755789	-0.8451231128263019	0.1584903408272619	1.9891103393187866
-45.86666666666666	-45.86666666666666	0.0	2.4187051081775675	0.0	-4.383382857691496	-0.8451259995841517	0.15848435268272484	1.9891390244627778
-46.93333333333334	-46.93333333333334	0.0	2.4760259731015175	0.0	-4.391134092268371	-0.845138877314339	0.15842860284245697	1.9885197988067345
-48.0	-48.0	0.0	2.53336270578696	0.0	-4.388260201416858	-0.8451234347695555	0.15844478585672525	1.9883927170726725
-49.06666666666666	-49.06666666666666	0.0	2.5907164793770994	0.0	-4.389778496537353	-0.8451492975443482	0.15843924843274484	1.988264154399638
-50.133333333333326	-50.133333333333326	0.0	2.6480885801159855	0.0	-4.396936346770094	-0.8451385768339676	0.1583894223483629	1.987861811182828
-51.19999999999999	-51.19999999999999	0.0	2.705480415406914	0.0	-4.394817745525486	-0.8451385661025259	0.1583980718904718	1.9880283095027045
-52.26666666666665	-52.26666666666665	0.0	2.762893522198445	0.0	-4.388879180249742	-0.8451315584710158	0.15844129813813304	1.9883146136390872
-53.33333333333334	-53.33333333333334	0.0	2.820329575704172	0.0	-4.387515911537816	-0.8451315477395746	0.1584492823308489	1.988627606871284
-54.400000000000006	-54.400000000000006	0.0	2.877790398462363	0.0	-4.392967033263098	-0.8451252805775497	0.15842774432711118	1.9883865250307409
-55.46666666666667	-55.46666666666667	0.0	2.935277969741645	0.0	-4.393374033925662	-0.845136044213698	0.15839805042758817	1.9880659554006184
-56.53333333333333	-56.53333333333333	0.0	2.9927944352988205	0.0	-4.389024398120482	-0.8451206338632408	0.15842434246005335	1.9883725204991627
-57.599999999999994	-57.599999999999994	0.0	3.050342117494992	0.0	-4.393137030033014	-0.8451109970284836	0.1583968055803367	1.9882399228040029
-58.66666666666666	-58.66666666666666	0.0	3.1079235257761075	0.0	-4.390681193229133	-0.8451252161888992	0.15841488805980763	1.9881827134876477
-59.73333333333332	-59.73333333333332	0.0	3.1655413675240673	0.0	-4.387219777400717	-0.8451405406878213	0.1584577923642142	1.9886892911988796
-60.80000000000001	-60.80000000000001	0.0	3.223198559284539	0.0	-4.391683048443362	-0.8451082712422608	0.15841270957711773	1.988199905257447
-61.866666666666674	-61.866666666666674	0.0	3.28089823837759	0.0	-4.389898119919349	-0.8451387378055952	0.1584282379734349	1.988419813963274
-62.93333333333334	-62.93333333333334	0.0	3.338643774897311	0.0	-4.387751842286283	-0.8451279634380056	0.15845641873966096	1.9884378642484193
-64.0	-64.0	0.0	3.39643878410653	0.0	-4.386061243135888	-0.8451285965930727	0.1584525232262792	1.9887671478093023
-65.06666666666666	-65.06666666666666	0.0	3.454287139232773	0.0	-4.3911158702801565	-0.845120891417844	0.15840982281926744	1.988598825144316
-66.13333333333333	-66.13333333333333	0.0	3.5121929846716027	0.0	-4.390863520425702	-0.8451356900761173	0.1584130851775815	1.9883770920933779
-67.19999999999999	-67.19999999999999	0.0	3.570160749603466	0.0	-4.392526239290244	-0.8451248513198766	0.15841264518846676	1.9882470592128152
-68.26666666666665	-68.26666666666665	0.0	3.628195162030197	0.0	-4.384154748838909	-0.845129326331117	0.15848471755174687	1.9887497628735504
-69.33333333333334	-69.33333333333334	0.0	3.6863012632373016	0.0	-4.395907158573545	-0.8451289721935364	0.1583797855136063	1.9884505917384216
-70.4	-70.4	0.0	3.7444844226881497	0.0	-4.391979955244267	-0.8451251625316896	0.15842281859531449	1.9879882812247067
-71.46666666666667	-71.46666666666667	0.0	3.802750353356249	0.0	-4.389196101189643	-0.8451441035265068	0.15842632777679058	1.9884447645655121
-72.53333333333333	-72.53333333333333	0.0	3.861105127501684	0.0	-4.388237171742705	-0.845143287936928	0.15843904453535013	1.9885054830633433
-73.6	-73.6	0.0	3.9195551928979	0.0	-4.388467854816128	-0.845133178918731	0.15844256444826793	1.9885322365478073
-74.66666666666666	-74.66666666666666	0.0	3.9781073895149364	0.0	-4.387243182675337	-0.8451453376423159	0.1584535212503688	1.9887475307336504
-75.73333333333332	-75.73333333333332	0.0	4.036768966665268	0.0	-4.388870702410703	-0.8451058137420838	0.15842285078964008	1.9887463932008171
-76.80000000000001	-76.80000000000001	0.0	4.09554760061838	0.0	-4.392130098846809	-0.8451481922058407	0.15841995330034794	1.98845399360548
-77.86666666666667	-77.86666666666667	0.0	4.1544514126901975	0.0	-4.384799805075418	-0.8451207197147749	0.15847614312973082	1.9888208801385068
-78.93333333333334	-78.93333333333334	0.0	4.213488987813546	0.0	-4.389094002252143	-0.845123016243325	0.15845319930711413	1.9888644819866321
-80.0	-80.0	0.0	4.272669393595734	0.0	-4.388488695276144	-0.8451300989949279	0.158445161457189	1.9886711872565248
-80.0	-80.0	0.0	4.334632001425141	0.0	-4.3857392354925615	-0.8419258407069079	0.1584677082164582	1.9887392675234463
-78.93333333333334	-78.93333333333334	0.0	4.2765525217646445	0.0	-4.390709835447366	-0.8451209236121697	0.1584298906154757	1.988657869537223
-77.86666666666666	-77.86666666666666	0.0	4.2185409905834925	0.0	-4.391106136862426	-0.8451356042245827	0.15842174545113227	1.9883972457411223
-76.8	-76.8	0.0	4.160591136621887	0.0	-4.392893877024196	-0.8451115979892257	0.15840386686905603	1.9882023627576246
-75.73333333333333	-75.73333333333333	0.0	4.1026972267289015	0.0	-4.390838001057044	-0.8451326423466401	0.15842447123735529	1.9883954213960118
-74.66666666666667	-74.66666666666667	0.0	4.044854034561523	0.0	-4.392293452854231	-0.8451120272468993	0.1584216381367141	1.9882688762340417
-73.6	-73.6	0.0	3.9870568103551984	0.0	-4.390373211580271	-0.8451316443225501	0.1584255229186538	1.9884090074013594
-72.53333333333333	-72.53333333333333	0.0	3.9293012517491834	0.0	-4.390685475074424	-0.8451356364189084	0.15842041475234633	1.9882391072144245
-71.46666666666667	-71.46666666666667	0.0	3.8715834756500076	0.0	-4.388104799407828	-0.8451215460357954	0.15846591606567384	1.9886701355752259
-70.4	-70.4	0.0	3.813899991116364	0.0	-4.388690017124738	-0.8451312579906449	0.15843445147825036	1.988678377322547
-69.33333333333333	-69.33333333333333	0.0	3.7562476732487218	0.0	-4.392378188318858	-0.8451476127079824	0.15841075645470615	1.9884686634864501
-68.26666666666667	-68.26666666666667	0.0	3.6986237380669853	0.0	-4.39200917696035	-0.8451117267665279	0.15841545682622432	1.9883391779094197
-67.2	-67.2	0.0	3.641025718359479	0.0	-4.392660736450605	-0.8451355505673739	0.15841775335477434	1.988236177530807
-66.13333333333333	-66.13333333333333	0.0	3.583451440486598	0.0	-4.39313788854836	-0.8451417318778636	0.15839944551502508	1.9881883904203712
-65.06666666666666	-65.06666666666666	0.0	3.5258990021224057	0.0	-4.3930107102313185	-0.8451394890065224	0.15840783750253043	1.9881063807419637
-64.0	-64.0	0.0	3.4683667509174954	0.0	-4.3957676820241804	-0.8451217821275155	0.1583773387448707	1.9878629057898944
-62.93333333333334	-62.93333333333334	0.0	3.4108532640664255	0.0	-4.394003915903437	-0.8451395212008482	0.15838651412762889	1.9881244202956685
-61.86666666666667	-61.86666666666667	0.0	3.353357328763028	0.0	-4.39867148140405	-0.8451347242463537	0.15835259204002808	1.9875647863360646
-60.8	-60.8	0.0	3.2958779235269047	0.0	-4.395574215591	-0.8451555003177225	0.15838904674789897	1.9879544235257576
-59.733333333333334	-59.733333333333334	0.0	3.238414200384411	0.0	-4.39834161834531	-0.8451402831332173	0.15837968893062984	1.9877206068713287
-58.66666666666667	-58.66666666666667	0.0	3.1809654678874364	0.0	-4.38936039956395	-0.8451461639633362	0.1584292896547335	1.9882458894856558
-57.6	-57.6	0.0	3.1235311749532944	0.0	-4.3980479953656015	-0.8451413026201909	0.15837872310086587	1.9879150069399432
-56.53333333333333	-56.53333333333333	0.0	3.066110895509022	0.0	-4.401298559825091	-0.8451597714315677	0.15835886993349418	1.9878455959742352
-55.46666666666667	-55.46666666666667	0.0	3.0087043139233947	0.0	-4.400382867357253	-0.8451428908735804	0.15835074623203443	1.987553593442244
-54.4	-54.4	0.0	2.9513112112099673	0.0	-4.39701399948312	-0.8451383300108058	0.15837917382142228	1.98763023739974
-53.33333333333333	-53.33333333333333	0.0	2.8939314519844546	0.0	-4.395384151024888	-0.8451411631114474	0.15838548390921395	1.987850435854497
-52.266666666666666	-52.266666666666666	0.0	2.836564972159741	0.0	-4.396397424493205	-0.8451455522711525	0.15835996454056006	1.9879807048267795
-51.2	-51.2	0.0	2.7792117673618404	0.0	-4.3945179090409665	-0.8451311292133425	0.15839468075485594	1.9880377746343922
-50.13333333333333	-50.13333333333333	0.0	2.7218718820501118	0.0	-4.396086652669465	-0.8451404762991699	0.1583820605792726	1.988063862769463
-49.06666666666666	-49.06666666666666	0.0	2.6645453993250308	0.0	-4.3961791147722105	-0.8451212240925409	0.15837976405072268	1.987885817418186
-48.0	-48.0	0.0	2.60723243140683	0.0	-4.39595228428641	-0.8451319984601307	0.1583864926647453	1.9879738581668973
-46.93333333333334	-46.93333333333334	0.0	2.549933110768312	0.0	-4.389057225601018	-0.8451135189173127	0.15843919477553572	1.9884102093228442
-45.86666666666667	-45.86666666666667	0.0	2.492647581905143	0.0	-4.396090601840059	-0.8451371066264386	0.15839111791617078	1.9880284060856812
-44.8	-44.8	0.0	2.435375993726936	0.0	-4.39410245200225	-0.8451318482199456	0.158403920526265	1.988011353824626
-43.733333333333334	-43.733333333333334	0.0	2.378118492552427	0.0	-4.390587550667792	-0.8451415923691198	0.15842670337725434	1.9882790067151208
-42.666666666666664	-42.666666666666664	0.0	2.32087521569205	0.0	-4.399027861855533	-0.8451423006442799	0.15835759289191723	1.9878032711676863
-41.6	-41.6	0.0	2.2636462856012263	0.0	-4.398165987568441	-0.8451640210825291	0.15836540538156402	1.987839929772952
-40.53333333333333	-40.53333333333333	0.0	2.2064318045876616	0.0	-4.397056678427246	-0.8451359154363957	0.15838444295935727	1.9877822911989227
-39.46666666666667	-39.46666666666667	0.0	2.1492318500559726	0.0	-4.398407466472335	-0.8451409270197269	0.15837144718331006	1.9878030243445246
-38.4	-38.4	0.0	2.092046470272937	0.0	-4.397566840440049	-0.8451329964842202	0.1583656307418424	1.9877468774409095
-37.333333333333336	-37.333333333333336	0.0	2.0348756806366817	0.0	-4.397764062877861	-0.8451412596944239	0.1583785513977967	1.9875602469361737
-36.266666666666666	-36.266666666666666	0.0	1.977719460433113	0.0	-4.396477008865761	-0.8451340267026352	0.15838636388744354	1.987825324280632
-35.2	-35.2	0.0	1.920577750062899	0.0	-4.39468147767723	-0.8451525062454536	0.158389594051432	1.9880389228986681
-34.13333333333333	-34.13333333333333	0.0	1.8634504487223043	0.0	-4.39308258942865	-0.8451170602931137	0.15840563755695666	1.9880252188474605
-33.06666666666667	-33.06666666666667	0.0	1.8063374125211922	0.0	-4.391615418896997	-0.8451453698366415	0.15842836675073677	1.988226841176422
-32.0	-32.0	0.0	1.7492384530214933	0.0	-4.391493799466819	-0.8451389524344317	0.15843307785369676	1.988294535111438
-30.933333333333337	-30.933333333333337	0.0	1.692153336179458	0.0	-4.392620235989164	-0.8451260317784776	0.1584090823497816	1.9881743215001413
-29.866666666666667	-29.866666666666667	0.0	1.635081781674985	0.0	-4.3948226497943965	-0.8451199363195221	0.15840163472915683	1.9879601755785743
-28.799999999999997	-28.799999999999997	0.0	1.5780234626113472	0.0	-4.395812882857133	-0.845135003263841	0.1583858917040032	1.9879049623103966
-27.733333333333334	-27.733333333333334	0.0	1.5209780055686137	0.0	-4.395455214632633	-0.8451322989405012	0.15839240568918958	1.987712418781217
-26.666666666666664	-26.666666666666664	0.0	1.4639449909940745	0.0	-4.398328912318195	-0.8451437815832515	0.15835047794598892	1.9875499876777911
-25.6	-25.6	0.0	1.4069239539129832	0.0	-4.392777054548519	-0.8451183587975738	0.1584173670228688	1.9882191574640762
-24.53333333333333	-24.53333333333333	0.0	1.3499143849429092	0.0	-4.3976841243677285	-0.8451397572925684	0.15837156522917012	1.9877876032626256
-23.46666666666667	-23.46666666666667	0.0	1.2929157315950264	0.0	-4.397539067468612	-0.8451357866590935	0.15836569513049326	1.987764434079731
-22.4	-22.4	0.0	1.235927399845624	0.0	-4.393728246625901	-0.8451282102611677	0.15840888918382906	1.9879072481075055
-21.333333333333336	-21.333333333333336	0.0	1.1789487559611669	0.0	-4.395074634779836	-0.8451342306000298	0.1583893150339447	1.9876851394561033
-20.266666666666666	-20.266666666666666	0.0	1.1219791285601926	0.0	-4.396965214348593	-0.8451404226419611	0.15838290836317662	1.9874984230998338
-19.200000000000003	-19.200000000000003	0.0	1.0650178108953703	0.0	-4.39700781817263	-0.8451204621601716	0.1583838849243824	1.987476724124469
-18.133333333333333	-18.133333333333333	0.0	1.0080640633390137	0.0	-4.396528745146787	-0.8451381905020621	0.1583817171731342	1.9875062141265971
-17.06666666666667	-17.06666666666667	0.0	0.9511171160553648	0.0	-4.391862939602631	-0.845117553939438	0.15841431929339111	1.98789962878381
-16.0	-16.0	0.0	0.8941761718429497	0.0	-4.394243548999335	-0.8451449083846428	0.15841185106177202	1.9879661207973434
-14.933333333333337	-14.933333333333337	0.0	0.8372404091303182	0.0	-4.391167091451978	-0.8451280814838655	0.15842953647789534	1.9880154639668433
-13.866666666666674	-13.866666666666674	0.0	0.780308985108466	0.0	-4.388138807346965	-0.8451337047593799	0.15845264127213934	1.9880109889556041
-12.799999999999997	-12.799999999999997	0.0	0.7233810389832572	0.0	-4.390536297301648	-0.8451308501958557	0.1584312964343544	1.9878155801314568
-11.733333333333334	-11.733333333333334	0.0	0.6664556953311475	0.0	-4.3841082387700485	-0.8451385017138756	0.15848370879621554	1.9882852953400287
-10.666666666666671	-10.666666666666671	0.0	0.6095320675415111	0.0	-4.386139647049843	-0.8451231986778365	0.1584643170808423	1.988155745374348
-9.599999999999994	-9.599999999999994	0.0	0.5526092613288888	0.0	-4.381779193951307	-0.8451292834053495	0.15850239223642854	1.9881729908013568
-8.533333333333331	-8.533333333333331	0.0	0.49568637829845885	0.0	-4.3794915403036745	-0.8451217499331902	0.15851590312168323	1.9885235333484892
-7.466666666666669	-7.466666666666669	0.0	0.4387625195480302	0.0	-4.3714081997967185	-0.8451284463528874	0.1585930943827124	1.9889404927890615
-6.400000000000006	-6.400000000000006	0.0	0.3818367892898798	0.0	-4.3697193176770135	-0.8450909292322757	0.15860079955794112	1.9890747538577034
-5.333333333333329	-5.333333333333329	0.0	0.3249082984757282	0.0	-4.364154485594178	-0.8451243684049946	0.1586444443318333	1.9894407926068274
-4.266666666666666	-4.266666666666666	0.0	0.26797616840817	0.0	-4.361404102906601	-0.8451028304012571	0.15866818228114474	1.9895936619955898
-3.200000000000003	-3.200000000000003	0.0	0.21103953432185357	0.0	-4.353191190971078	-0.8451065542115694	0.15874679009249462	1.9901918325627759
-2.13333333333334	-2.13333333333334	0.0	0.15409754891773225	0.0	-4.353937723721457	-0.8450917448218545	0.15872056244868044	1.9905209551520315
-1.0666666666666629	-1.0666666666666629	0.0	0.09714938583368175	0.0	-4.344990545073562	-0.8451166632297662	0.15879413721381566	1.99119031810427
0.0	0.0	0.0	0.0401942430348	0.0	-4.338041646744545	-0.8450923243197123	0.15886478229533338	1.9918317685763285
1.0666666666666629	1.0666666666666629	0.0	-0.01676865389331629	0.0	-4.34282160263537	-0.845101177759216	0.15882816661583488	1.9918138148741582
2.1333333333333258	2.1333333333333258	0.0	-0.07374004856499573	0.0	-4.340252946183614	-0.8450876668739622	0.15882598813314502	1.9918758533393335
3.200000000000003	3.200000000000003	0.0	-0.13072065074532263	0.0	-4.33211880303107	-0.8450940198875204	0.15888603055014186	1.9923778165305834
4.266666666666666	4.266666666666666	0.0	-0.1877111334480573	0.0	-4.323778401566694	-0.8450700565779309	0.15897157087290942	1.9930238707911831
5.333333333333329	5.333333333333329	0.0	-0.244712130197352	0.0	-4.328918987559962	-0.8450837928234637	0.15892750757278595	1.9930863385140316
6.400000000000006	6.400000000000006	0.0	-0.30172423246994073	0.0	-4.319974888835866	-0.84508318113128	0.1590047202966991	1.9937959551045459
7.466666666666669	7.466666666666669	0.0	-0.35874798733450286	0.0	-4.319856145432098	-0.8450903604658591	0.15901179231686013	1.9939333175598737
8.533333333333331	8.533333333333331	0.0	-0.4157838953049008	0.0	-4.322138819690726	-0.8450635425927447	0.15897769852619	1.9936809891683018
9.599999999999994	9.599999999999994	0.0	-0.47283240842397	0.0	-4.3195172786936675	-0.8450743920804278	0.15900991431454126	1.9940506444133193
10.666666666666671	10.666666666666671	0.0	-0.5298939285945675	0.0	-4.311913579978972	-0.8450749286525188	0.15906575000634388	1.9944640732095318
11.733333333333334	11.733333333333334	0.0	-0.5869688061745607	0.0	-4.307337682454404	-0.8450582197976009	0.15910457636285763	1.9950323352483608
12.799999999999997	12.799999999999997	0.0	-0.6440573388524645	0.0	-4.314680381772535	-0.8450691551368179	0.15904156133647582	1.9947482310575513
13.86666666666666	13.86666666666666	0.0	-0.7011597708204031	0.0	-4.308055766152513	-0.845081367517612	0.15909819115497315	1.9949035901408163
14.933333333333337	14.933333333333337	0.0	-0.7582762922611015	0.0	-4.306229564503253	-0.8450494736725154	0.15911800139657756	1.995483635302765
16.0	16.0	0.0	-0.815407039165591	0.0	-4.308476052340052	-0.8450631884551647	0.1590932117659677	1.9952041349004963
17.066666666666663	17.066666666666663	0.0	-0.8725520934983348	0.0	-4.298748515437144	-0.8450509331486028	0.15917674530911421	1.995921424471915
18.133333333333326	18.133333333333326	0.0	-0.9297114837264504	0.0	-4.306653499381008	-0.8450745852463806	0.15911894576345806	1.9956127130850063
19.200000000000003	19.200000000000003	0.0	-0.9868851857297346	0.0	-4.3015360503763125	-0.8450564276468164	0.15916498364887663	1.9956836908412199
20.266666666666666	20.266666666666666	0.0	-1.0440731241081747	0.0	-4.29657049419917	-0.8450517487381817	0.15919909890243045	1.9963087007444063
21.33333333333333	21.33333333333333	0.0	-1.1012751739036517	0.0	-4.28974354797503	-0.8450384632132057	0.1592493005872763	1.9966688157376442
22.400000000000006	22.400000000000006	0.0	-1.1584911627525145	0.0	-4.286810902479538	-0.845054045266732	0.1592786296177772	1.997196341223315
23.46666666666667	23.46666666666667	0.0	-1.2157208734857228	0.0	-4.287903459840043	-0.8450240830811634	0.159257724769107	1.9972658916977661
24.53333333333333	24.53333333333333	0.0	-1.272964047193262	0.0	-4.284368104377472	-0.8450541311182665	0.15929161466238248	1.9972871721469003
25.599999999999994	25.599999999999994	0.0	-1.3302203867695057	0.0	-4.283730324058519	-0.845031959959461	0.15930707867004856	1.9976280134706252
26.66666666666667	26.66666666666667	0.0	-1.3874895609562332	0.0	-4.284234937915898	-0.8450480249278695	0.159292301474659	1.9976484783301816
27.733333333333334	27.733333333333334	0.0	-1.4447712088999851	0.0	-4.275982834754843	-0.8450073849576876	0.15935875056242416	1.998229371276035
28.799999999999997	28.799999999999997	0.0	-1.5020649452404609	0.0	-4.273995307340661	-0.8450358340099595	0.15936623037737446	1.9985853868584966
29.86666666666666	29.86666666666666	0.0	-1.5593703657466396	0.0	-4.271251824970175	-0.8450169466723519	0.15939745887307802	1.9986114106049158
30.933333333333337	30.933333333333337	0.0	-1.616687053517327	0.0	-4.267117880414185	-0.8450383451673451	0.15943057610254235	1.9993499913569095
32.0	32.0	0.0	-1.6740145857628108	0.0	-4.266172558435477	-0.8450220548386588	0.15943442869015656	1.9994502552178575
33.06666666666666	33.06666666666666	0.0	-1.731352541184335	0.0	-4.25839191970801	-0.8450317560620664	0.15951256431806632	1.9998825391573514
34.133333333333326	34.133333333333326	0.0	-1.788700507968065	0.0	-4.2611694207490745	-0.8450279678631031	0.15949544766835952	2.000083539062687
35.2	35.2	0.0	-1.8460580924102532	0.0	-4.256651033021237	-0.8450479605392188	0.1595242615896529	2.0001436136740103
36.266666666666666	36.266666666666666	0.0	-1.9034249281902877	0.0	-4.25904604401286	-0.8450032318897022	0.1595067049508312	2.0003473930227798
37.33333333333333	37.33333333333333	0.0	-1.9608006863083274	0.0	-4.250610111253386	-0.8450214538779167	0.1595807948251741	2.0007136571321813
38.39999999999999	38.39999999999999	0.0	-2.018185085704204	0.0	-4.249858953251576	-0.8450082005472658	0.15957289648399262	2.0009493625203714
39.46666666666667	39.46666666666667	0.0	-2.0755779045742972	0.0	-4.252670591009075	-0.845013147741946	0.1595544169411742	2.0008383564861587
40.53333333333333	40.53333333333333	0.0	-2.132978992403061	0.0	-4.250680691946254	-0.845007535197873	0.1595925564854114	2.000960598339959
41.599999999999994	41.599999999999994	0.0	-2.1903882827259142	0.0	-4.245295289570686	-0.8449993363763209	0.1596049942264837	2.0013670516989874
42.66666666666667	42.66666666666667	0.0	-2.247805806640169	0.0	-4.246238647695535	-0.844992908242669	0.1596104779932551	2.0013818825515863
43.733333333333334	43.733333333333334	0.0	-2.3052317070806954	0.0	-4.244476695188464	-0.845012117523531	0.1596148456900769	2.001370496491815
44.8	44.8	0.0	-2.3626662538770318	0.0	-4.2496024717920164	-0.8450037684617933	0.15958828537156614	2.0012509911556777
45.86666666666666	45.86666666666666	0.0	-2.420109859608605	0.0	-4.247198875646934	-0.8450225592164251	0.1595857742141796	2.0012815543019875
46.93333333333334	46.93333333333334	0.0	-2.4775630962747797	0.0	-4.251972757541682	-0.84500822201015	0.15956975217153851	2.0010840099209193
48.0	48.0	0.0	-2.5350267127964097	0.0	-4.2505451645674786	-0.845017311541373	0.15957124384195193	2.0010462137828195
49.06666666666666	49.06666666666666	0.0	-2.5925016533656065	0.0	-4.250785441549879	-0.8449950545310336	0.1595724779577615	2.0010330892294697
50.133333333333326	50.133333333333326	0.0	-2.6499890766603915	0.0	-4.242372474075906	-0.8450043050338842	0.1596344198399611	2.0015545514505093
51.19999999999999	51.19999999999999	0.0	-2.707490375940949	0.0	-4.242821928322316	-0.8449974798368852	0.15962522299431928	2.0016113529720787
52.26666666666665	52.26666666666665	0.0	-2.765007200044159	0.0	-4.2439593216467575	-0.8450090912569372	0.15961555396523713	2.0018723094428754
53.33333333333334	53.33333333333334	0.0	-2.822541475293108	0.0	-4.2453486355679875	-0.8450007529266411	0.1596062605366188	2.001686043807162
54.400000000000006	54.400000000000006	0.0	-2.8800954283382634	0.0	-4.245484280992625	-0.8450208529171748	0.15961573639974813	2.001436033407022
55.46666666666667	55.46666666666667	0.0	-2.9376716099470257	0.0	-4.249067638194464	-0.8450089088224263	0.15957024581786247	2.001384726383668
56.53333333333333	56.53333333333333	0.0	-2.9952729197583214	0.0	-4.246165437799424	-0.8450185885829504	0.15961246330999218	2.001394427607078
57.599999999999994	57.599999999999994	0.0	-3.052902632018954	0.0	-4.246150166957712	-0.8450071810602929	0.1596089970542836	2.0014687643045814
58.66666666666666	58.66666666666666	0.0	-3.110564422318395	0.0	-4.2497347153495975	-0.8450248879393	0.15958274794758565	2.00128033091762
59.73333333333332	59.73333333333332	0.0	-3.1682623953387075	0.0	-4.249087759647885	-0.8450104863443741	0.15959470277377602	2.0012758988321475
60.80000000000001	60.80000000000001	0.0	-3.2260011136363067	0.0	-4.249145591387865	-0.8450374973834417	0.1595788309713204	2.00118771857469
61.866666666666674	61.866666666666674	0.0	-3.2837856274722257	0.0	-4.240108730080652	-0.8450055498811357	0.15964860680605047	2.0017701890424924
62.93333333333334	62.93333333333334	0.0	-3.341621505707621	0.0	-4.2450682122617245	-0.8450182988340216	0.15960928680321276	2.0018966268900447
64.0	64.0	0.0	-3.3995148677811597	0.0	-4.249120705174279	-0.8449937238322472	0.15959530373451808	2.0013940520066122
65.06666666666666	65.06666666666666	0.0	-3.4574724167850257	0.0	-4.246005914916734	-0.8450089517481935	0.15961410522059116	2.00155355342642
66.13333333333333	66.13333333333333	0.0	-3.51550147365621	0.0	-4.248318647943905	-0.8449923180133686	0.1595887253606808	2.001444189302808
67.19999999999999	67.19999999999999	0.0	-3.5736100124997923	0.0	-4.2573327049372445	-0.8450225377535407	0.15953066826042092	2.0007675182386873
68.26666666666665	68.26666666666665	0.0	-3.6318066970609046	0.0	-4.2446139932551405	-0.8449992719876697	0.15960222551449346	2.001462089347767
69.33333333333334	69.33333333333334	0.0	-3.6901009183620634	0.0	-4.2469014000796115	-0.8450297492824457	0.1596068293030355	2.001630798344661
70.4	70.4	0.0	-3.748502833522565	0.0	-4.2482936973416665	-0.8449996583195751	0.15959644126735129	2.0014933822321224
71.46666666666667	71.46666666666667	0.0	-3.8070234057766568	0.0	-4.241913780058083	-0.8450181485938354	0.1596460849172222	2.001891958712852
72.53333333333333	72.53333333333333	0.0	-3.865674445707142	0.0	-4.244800945703136	-0.8449925862994141	0.1596315330821109	2.001746633527692
73.6	73.6	0.0	-3.9244686537111386	0.0	-4.242493471082456	-0.8450178266505809	0.15964374546290494	2.0017974469047224
74.66666666666666	74.66666666666666	0.0	-3.9834196637146766	0.0	-4.241579270285037	-0.8450000231885977	0.15966010018024243	2.0020550444342278
75.73333333333332	75.73333333333332	0.0	-4.042542088152829	0.0	-4.240170103196435	-0.84500274897482	0.15965219110761933	2.0021060187828854
76.80000000000001	76.80000000000001	0.0	-4.1018515642320645	0.0	-4.233656879942534	-0.8449886263973818	0.15971128915773572	2.0026700526336367
77.86666666666667	77.86666666666667	0.0	-4.161364801491512	0.0	-4.241462480003679	-0.8450071703288509	0.1596418567291442	2.002214588779805
78.93333333333334	78.93333333333334	0.0	-4.221099630679855	0.0	-4.241685135958614	-0.8449971793565141	0.1596356432243288	2.002133029821955
80.0	80.0	0.0	-4.28107505396451	0.0	-4.241413490971758	-0.8450025343459829	0.15963979629231426	2.0021136059122546
