Hysterese	V-MOKE
Charge	2020_0446
Sample	1
Sample State	bFC
User	Meike Reginka
Sample Angle	125.0
Magnetic Field Angle	90.0
Detektor Averages	300
Hysteresus Points	150
Magnetic Field [kA/m]	80
Hysteresis Averages	100
Polarization	p-polarization
Measurement Method	Scan Both Angles
Max Voltage Correction	No
Training Effect Elimination	No
Magnetic field [kA/m]	Magnetic field transversal [kA/m]	Magnetic field longitudinal [kA/m]	Magnetic field transversal [V]	Magnetic field longitudinal [V]	Detector diff transversal [V]	Detector diff longitudinal [V]	Detector raw transversal [V]	Detector raw longitudinal [V]
80.0	80.0	0.0	-4.342489581062203	0.0	-3.0668795156269555	-0.8375184160875138	0.16932233625966284	2.3398228081013452
78.93333333333334	78.93333333333334	0.0	-4.283945631442396	0.0	-3.0696990087998706	-0.8427327807433111	0.1693052732671651	2.3394056662262632
77.86666666666666	77.86666666666666	0.0	-4.225481927972428	0.0	-3.066424631270981	-0.8426836629340895	0.1693269937054138	2.339875306314742
76.8	76.8	0.0	-4.167093947216811	0.0	-3.06799118568535	-0.8427337680359579	0.1693173568706572	2.339316208927231
75.73333333333333	75.73333333333333	0.0	-4.108777426500553	0.0	-3.0696822999449522	-0.8427129705017063	0.16931063898807625	2.3395295392592215
74.66666666666667	74.66666666666667	0.0	-4.050528351430542	0.0	-3.077472435998433	-0.8427427287898804	0.1692354330437839	2.339045336604188
73.6	73.6	0.0	-3.992342943813344	0.0	-3.064889348278084	-0.8427062633505673	0.16935229844523136	2.3395588468268382
72.53333333333333	72.53333333333333	0.0	-3.934217649963252	0.0	-3.0682602551261664	-0.8427451648271738	0.16931394427215757	2.3391544431731988
71.46666666666667	71.46666666666667	0.0	-3.876149129394453	0.0	-3.0682623799516473	-0.8427061345732659	0.16930428597451733	2.339583454022937
70.4	70.4	0.0	-3.818134243891202	0.0	-3.0737786951860047	-0.8427425034296019	0.16926440793670483	2.3391946109599386
69.33333333333333	69.33333333333333	0.0	-3.760170046949834	0.0	-3.068904366995796	-0.8427105988530635	0.16930071240439035	2.3393389273895697
68.26666666666667	68.26666666666667	0.0	-3.7022537735865026	0.0	-3.06360062016106	-0.842711725654455	0.1693614738279895	2.340039969558067
67.2	67.2	0.0	-3.6443828305044987	0.0	-3.072373455805113	-0.84274261074402	0.16927714615814815	2.3390789582114184
66.13333333333333	66.13333333333333	0.0	-3.586554786615013	0.0	-3.0676220884753054	-0.8427376850122233	0.16931223797290776	2.3390314608499128
65.06666666666666	65.06666666666666	0.0	-3.5287673639052177	0.0	-3.0656753083457238	-0.8427112320081309	0.16932460059388735	2.3399491922916895
64.0	64.0	0.0	-3.4710184286475108	0.0	-3.0753942922895035	-0.8427558426117875	0.16925498573078468	2.3390278765483443
62.93333333333334	62.93333333333334	0.0	-3.4133059829438133	0.0	-3.0771170535710395	-0.8427338860818187	0.16923693544563922	2.3389877087616004
61.86666666666667	61.86666666666667	0.0	-3.3556281565987605	0.0	-3.0687597286229122	-0.8427352811692552	0.16930600300520882	2.339518539531354
60.8	60.8	0.0	-3.2979831993156687	0.0	-3.0765848384452936	-0.8427443599690372	0.169256477401198	2.3392824263483742
59.733333333333334	59.733333333333334	0.0	-3.2403694732091295	0.0	-3.075372893794507	-0.8427637087586429	0.1692530969970239	2.3388911150537544
58.66666666666667	58.66666666666667	0.0	-3.1827854456281033	0.0	-3.0747600640777897	-0.8427419561260687	0.16926094168099606	2.338991411109031
57.6	57.6	0.0	-3.1252296822833725	0.0	-3.0761972724238715	-0.842806301851237	0.16923847004181983	2.338763604062022
56.53333333333333	56.53333333333333	0.0	-3.0677008406732234	0.0	-3.0756929697783058	-0.8427660804072863	0.16925501792511022	2.3388231099069277
55.46666666666667	55.46666666666667	0.0	-3.0101976638012173	0.0	-3.0759682634553793	-0.8427663808876575	0.1692514980121923	2.338948152667042
54.4	54.4	0.0	-2.9527189741799083	0.0	-3.063841154698069	-0.8426775245493667	0.16934828488598958	2.340307150265122
53.33333333333333	53.33333333333333	0.0	-2.895263668114395	0.0	-3.0813206451844564	-0.8428012795364639	0.16920534208091365	2.3390737534621353
52.266666666666666	52.266666666666666	0.0	-2.837830710259539	0.0	-3.0757149370397165	-0.8427559499262058	0.1692542881870662	2.339073560296183
51.2	51.2	0.0	-2.7804191284447413	0.0	-3.0709168986694237	-0.8427337143787493	0.169302676258244	2.3393359225858585
50.13333333333333	50.13333333333333	0.0	-2.7230280087601257	0.0	-3.0726900869960856	-0.8427356675011609	0.1692710077734257	2.3392864506390576
49.06666666666666	49.06666666666666	0.0	-2.665656490897999	0.0	-3.0782255256597706	-0.8427884447320444	0.16924692641797595	2.3390995840426028
48.0	48.0	0.0	-2.6083037637434527	0.0	-3.0794822955430465	-0.842759502033449	0.16921557987641236	2.338907362456676
46.93333333333334	46.93333333333334	0.0	-2.5509690612079656	0.0	-3.075960107559594	-0.8427815229520687	0.16923730031466125	2.339087768725153
45.86666666666667	45.86666666666667	0.0	-2.4936516582998802	0.0	-3.0735257765651323	-0.842757967437268	0.1692632167466625	2.3392530543921044
44.8	44.8	0.0	-2.4363508674256087	0.0	-3.088181867633781	-0.842839794681165	0.16914702742605006	2.3383317171858744
43.733333333333334	43.733333333333334	0.0	-2.3790660349154367	0.0	-3.07427605458871	-0.8427367191824594	0.1692790670862344	2.3391513417865104
42.666666666666664	42.666666666666664	0.0	-2.3217965377677903	0.0	-3.0879534810889124	-0.8428316495168218	0.16916294215427274	2.338010364160498
41.6	41.6	0.0	-2.264541780605829	0.0	-3.0794383932145526	-0.8427519685612894	0.16923116192993873	2.3386748013809395
40.53333333333333	40.53333333333333	0.0	-2.207301192840227	0.0	-3.0799238192539526	-0.8427978562065221	0.1692148072126011	2.338727278131452
39.46666666666667	39.46666666666667	0.0	-2.1500742260320136	0.0	-3.085368577234238	-0.8427906446776176	0.16917691449152575	2.3380796141545797
38.4	38.4	0.0	-2.092860351449327	0.0	-3.0850055003630565	-0.8428130948539103	0.1691751008778578	2.3380188956567474
37.333333333333336	37.333333333333336	0.0	-2.0356590578119564	0.0	-3.0773657547352746	-0.8427480301221405	0.1692445225750076	2.338828379044864
36.266666666666666	36.266666666666666	0.0	-1.978469849217529	0.0	-3.080008704958768	-0.8427987469161939	0.1692197866016068	2.3387692702633016
35.2	35.2	0.0	-1.9212922432432114	0.0	-3.0822718372618363	-0.842786802821445	0.169199514908004	2.338910056048574
34.13333333333333	34.13333333333333	0.0	-1.8641257692167834	0.0	-3.0794551879210057	-0.8428044453118017	0.16922271628522434	2.3388313194599233
33.06666666666667	33.06666666666667	0.0	-1.8069699666509589	0.0	-3.081781603536499	-0.8427771552552464	0.1691925394708194	2.338692637037249
32.0	32.0	0.0	-1.7498243838348049	0.0	-3.081496565710253	-0.8427777347531047	0.1692041079651041	2.3388610026280054
30.933333333333337	30.933333333333337	0.0	-1.6926885765761346	0.0	-3.084790667629211	-0.8427913636842201	0.16918454454666168	2.3387510482750873
29.866666666666667	29.866666666666667	0.0	-1.6355621070887316	0.0	-3.081694002776902	-0.8428291276279931	0.16921826273686785	2.3389002904365146
28.799999999999997	28.799999999999997	0.0	-1.5784445430182759	0.0	-3.0858484873125427	-0.8428136099631182	0.16917962954630686	2.3388807162866305
27.733333333333334	27.733333333333334	0.0	-1.5213354566008253	0.0	-3.0872010031197603	-0.8428050999297527	0.16915514039606777	2.3381835374371893
26.666666666666664	26.666666666666664	0.0	-1.4642344239477312	0.0	-3.0933830218846925	-0.8428330660671425	0.1691055933291733	2.3381440564627236
25.6	25.6	0.0	-1.4071410244508409	0.0	-3.0892111846076302	-0.8428448813845882	0.1691508478193388	2.338144303285885
24.53333333333333	24.53333333333333	0.0	-1.3500548403018546	0.0	-3.0870661840161433	-0.8427738177768396	0.1691657215977048	2.3387077898331015
23.46666666666667	23.46666666666667	0.0	-1.292975456119707	0.0	-3.094634672870219	-0.8428430463080372	0.16909080540234186	2.338219820441988
22.4	22.4	0.0	-1.2359024586798253	0.0	-3.098054525824456	-0.8428514382955423	0.16906617674335905	2.337184783609647
21.333333333333336	21.333333333333336	0.0	-1.1788354367391438	0.0	-3.08783239823083	-0.8428100578558748	0.16915825251419644	2.338324355416784
20.266666666666666	20.266666666666666	0.0	-1.121773980950723	0.0	-3.097775873206092	-0.8428567825535699	0.16905968422105652	2.338380266228678
19.200000000000003	19.200000000000003	0.0	-1.0647176838618537	0.0	-3.089904929395685	-0.8428702397816155	0.1691387856787303	2.3383921352033346
18.133333333333333	18.133333333333333	0.0	-1.0076661399894944	0.0	-3.092661450467989	-0.8428478539939738	0.16909984127635638	2.3383037832428095
17.06666666666667	17.06666666666667	0.0	-0.9506189459669213	0.0	-3.1042999888734433	-0.8429005024475549	0.16901851841022528	2.338347610451213
16.0	16.0	0.0	-0.8935757007554419	0.0	-3.1055752168366566	-0.8428920889971658	0.1690165760192555	2.337357516897225
14.933333333333337	14.933333333333337	0.0	-0.8365360059150497	0.0	-3.1022506054285968	-0.8428798229591635	0.16905217221178076	2.3377801532705234
13.866666666666674	13.866666666666674	0.0	-0.77949946592787	0.0	-3.1108474454267605	-0.8428865301103019	0.16897768527409063	2.337455591544042
12.799999999999997	12.799999999999997	0.0	-0.7224656885682738	0.0	-3.102722520582743	-0.8429117704614687	0.1690375345251348	2.33786617650817
11.733333333333334	11.733333333333334	0.0	-0.6654342853135198	0.0	-3.105843953602776	-0.8429056750025132	0.16899801062490252	2.3378623346520016
10.666666666666671	10.666666666666671	0.0	-0.6084048717887804	0.0	-3.110757655453032	-0.8429187995558629	0.16896242516381907	2.337676970457399
9.599999999999994	9.599999999999994	0.0	-0.551377068240432	0.0	-3.1179119106527593	-0.8429387063804437	0.1689155931517055	2.337271010744694
8.533333333333331	8.533333333333331	0.0	-0.49435050003146297	0.0	-3.12072865657657	-0.8430060783722054	0.16889929209157703	2.3368726166984755
7.466666666666669	7.466666666666669	0.0	-0.4373247981528619	0.0	-3.1219117443802946	-0.8429310977881909	0.1688783657800232	2.3370801735147646
6.400000000000006	6.400000000000006	0.0	-0.3802995997448602	0.0	-3.1189143024390766	-0.8429610170479919	0.16890398173165352	2.33779150713597
5.333333333333329	5.333333333333329	0.0	-0.3232745486218845	0.0	-3.1204673888939594	-0.8429583127246526	0.16889787554125646	2.33737019073002
4.266666666666666	4.266666666666666	0.0	-0.2662492957950903	0.0	-3.1221363963834072	-0.8430050266909065	0.16885696728502908	2.337134410221735
3.200000000000003	3.200000000000003	0.0	-0.20922349998633066	0.0	-3.1383505640273857	-0.843018977565276	0.1687364424619202	2.33658235266006
2.13333333333334	2.13333333333334	0.0	-0.15219682812743746	0.0	-3.1323959659775524	-0.8430309538543493	0.1687981697152835	2.336737722474765
1.0666666666666629	1.0666666666666629	0.0	-0.09516895583866962	0.0	-3.1258810042300755	-0.8429741630642249	0.16886090572417792	2.3376104247866567
0.0	0.0	0.0	-0.0381395678802	0.0	-3.142385757855721	-0.8430679987915205	0.16870759634630128	2.3364078164902593
-1.0666666666666629	-1.0666666666666629	0.0	0.01889164142950607	0.0	-3.143385284347072	-0.8430564088343526	0.16871284402135256	2.3362771611860698
-2.1333333333333258	-2.1333333333333258	0.0	0.07592496783454125	0.0	-3.140410303313589	-0.843060669216756	0.16871632100850303	2.3361527837753453
-3.200000000000003	-3.200000000000003	0.0	0.13296069680778344	0.0	-3.1435166801207464	-0.8430372854050247	0.16869955849637627	2.336059731443302
-4.266666666666666	-4.266666666666666	0.0	0.1899991032686266	0.0	-3.146182799527135	-0.8430652300795302	0.16867373864735122	2.336382243464394
-5.333333333333329	-5.333333333333329	0.0	0.2470404513583625	0.0	-3.149611699086825	-0.8430873690440103	0.16864407694215391	2.335675427780196
-6.400000000000006	-6.400000000000006	0.0	0.3040849942793354	0.0	-3.1470237689655574	-0.8431127489039207	0.16865444351495434	2.335822148052791
-7.466666666666669	-7.466666666666669	0.0	0.36113297420401097	0.0	-3.1536263314726303	-0.843092305507249	0.16861130311882783	2.335556931199592
-8.533333333333331	-8.533333333333331	0.0	0.4181846222601038	0.0	-3.156959066582152	-0.8431464778255686	0.16858233895734887	2.335246889113898
-9.599999999999994	-9.599999999999994	0.0	0.4752401585978824	0.0	-3.1642869887048937	-0.8431802496729843	0.16851190850466757	2.3344465274513313
-10.666666666666671	-10.666666666666671	0.0	0.5322997925458017	0.0	-3.163676305276543	-0.8431536464287066	0.16852295115830299	2.3343516615056195
-11.733333333333334	-11.733333333333334	0.0	0.5893637228605886	0.0	-3.1741690047128377	-0.8431689280018618	0.16845122220116127	2.3341737878574107
-12.799999999999997	-12.799999999999997	0.0	0.6464321380779278	0.0	-3.175941334524156	-0.8432239695669693	0.16843483528949826	2.332871913724154
-13.86666666666666	-13.86666666666666	0.0	0.7035052169698697	0.0	-3.174810025927225	-0.8431698616373003	0.16844050149078066	2.332695907346823
-14.933333333333337	-14.933333333333337	0.0	0.7605831291151076	0.0	-3.1733703171551997	-0.8432011115958873	0.1684582512955551	2.332626120780653
-16.0	-16.0	0.0	0.8176660355882505	0.0	-3.1752910735383613	-0.8431835656885077	0.16842702279985136	2.3320441439591733
-17.066666666666663	-17.066666666666663	0.0	0.8747540897742391	0.0	-3.170993131088439	-0.8431895001758355	0.16846372433088452	2.331989757012018
-18.133333333333326	-18.133333333333326	0.0	0.9318474383140274	0.0	-3.1731057441885064	-0.8431558893000477	0.1684639926169301	2.331666429401347
-19.200000000000003	-19.200000000000003	0.0	0.9889462221876749	0.0	-3.1785466495811763	-0.8432309986613633	0.168413082656924	2.331454708785633
-20.266666666666666	-20.266666666666666	0.0	1.0460505779409777	0.0	-3.1754143456105783	-0.8431983750782228	0.16843742156697744	2.3309639492196417
-21.33333333333333	-21.33333333333333	0.0	1.1031606390617854	0.0	-3.178322716584666	-0.8432213510951648	0.16840229755789235	2.330572090621492
-22.400000000000006	-22.400000000000006	0.0	1.1602765375121282	0.0	-3.172389130697923	-0.8431744976201675	0.16844823886033464	2.3309899729660644
-23.46666666666667	-23.46666666666667	0.0	1.2173984054222904	0.0	-3.1792659244693318	-0.8432431788478323	0.16841183780967253	2.3305679268220656
-24.53333333333333	-24.53333333333333	0.0	1.2745263769529795	0.0	-3.176681675232607	-0.8431985145869669	0.16842707645706048	2.3304754539878823
-25.599999999999994	-25.599999999999994	0.0	1.3316605903317076	0.0	-3.173362676368622	-0.8431986648271524	0.16844563111997166	2.3306182250898906
-26.66666666666667	-26.66666666666667	0.0	1.3888011900695343	0.0	-3.175317945068683	-0.8431908523375052	0.16844325947132902	2.3306923686214414
-27.733333333333334	-27.733333333333334	0.0	1.4459483293643003	0.0	-3.176402131904572	-0.8432254183116156	0.16843541478735663	2.329968017761305
-28.799999999999997	-28.799999999999997	0.0	1.5031021726964937	0.0	-3.1784818531354517	-0.8432074002207954	0.1684085325255912	2.3298335098695016
-29.86666666666666	-29.86666666666666	0.0	1.5602628986238758	0.0	-3.179847708124857	-0.843216307317508	0.16839560113819513	2.3299981731128256
-30.933333333333337	-30.933333333333337	0.0	1.6174307027810082	0.0	-3.180485681609763	-0.8432255900146847	0.1683889154499397	2.329491885150523
-32.0	-32.0	0.0	1.6746058010898164	0.0	-3.1826361981623448	-0.8432403028214237	0.16837890301471922	2.3291879277923417
-33.06666666666666	-33.06666666666666	0.0	1.731788433187324	0.0	-3.1848812157916173	-0.8432269099820285	0.16835008909342578	2.3290743247492096
-34.133333333333326	-34.133333333333326	0.0	1.788978866076694	0.0	-3.181030463253884	-0.8432592652791239	0.16838955933644897	2.329270624283025
-35.2	-35.2	0.0	1.8461773980077143	0.0	-3.181003377094724	-0.8432249568596174	0.16839342265550503	2.3287983335284177
-36.266666666666666	-36.266666666666666	0.0	1.903384362592853	0.0	-3.1884398048257334	-0.8432436832255974	0.16831751916749446	2.3284594345956613
-37.33333333333333	-37.33333333333333	0.0	1.9606001331650438	0.0	-3.189851504534602	-0.8432357204957656	0.168313677311322	2.3285779311762638
-38.39999999999999	-38.39999999999999	0.0	2.0178251273833046	0.0	-3.185862627609172	-0.843261915945254	0.1683678925554092	2.3284973809739444
-39.46666666666667	-39.46666666666667	0.0	2.0750598120923507	0.0	-3.189111324797778	-0.8432136244570526	0.16832403315268066	2.328368217340172
-40.53333333333333	-40.53333333333333	0.0	2.1323047084423257	0.0	-3.2003251663931085	-0.8433007423017681	0.16822923159562048	2.327249110392591
-41.599999999999994	-41.599999999999994	0.0	2.18956039727479	0.0	-3.1940936112927205	-0.8432673460548158	0.16829363097799754	2.327326355310832
-42.66666666666667	-42.66666666666667	0.0	2.246827524781106	0.0	-3.198499565704586	-0.8432574516654556	0.16823808503512402	2.3271485245883907
-43.733333333333334	-43.733333333333334	0.0	2.304106808439335	0.0	-3.2016471619797837	-0.8432675606836524	0.16822212738113393	2.327116265874269
-44.8	-44.8	0.0	2.3613990432358243	0.0	-3.2033215137272593	-0.8433190823358427	0.16820479610259056	2.326554002711421
-45.86666666666666	-45.86666666666666	0.0	2.4187051081775675	0.0	-3.1960919989260277	-0.8432431895792736	0.16825275491609554	2.3270616857611626
-46.93333333333334	-46.93333333333334	0.0	2.4760259731015175	0.0	-3.2017651112568553	-0.8432975657949876	0.16821816747910137	2.3268737996777316
-48.0	-48.0	0.0	2.53336270578696	0.0	-3.1999252270192655	-0.8432767360664114	0.16823635727299066	2.3266857740855604
-49.06666666666666	-49.06666666666666	0.0	2.5907164793770994	0.0	-3.2006989854375543	-0.8433158199775286	0.16823171055868152	2.326287530279526
-50.133333333333326	-50.133333333333326	0.0	2.6480885801159855	0.0	-3.2024079246220247	-0.843295011711835	0.1682277291937653	2.325872706395876
-51.19999999999999	-51.19999999999999	0.0	2.705480415406914	0.0	-3.2054200471756538	-0.8433369823808023	0.16817422222483827	2.326355911026819
-52.26666666666665	-52.26666666666665	0.0	2.762893522198445	0.0	-3.1960081756339545	-0.8432745683151631	0.16827067642393917	2.3268114178064185
-53.33333333333334	-53.33333333333334	0.0	2.820329575704172	0.0	-3.19841862917036	-0.8432833359031321	0.16824968572373433	2.3267466106292534
-54.400000000000006	-54.400000000000006	0.0	2.877790398462363	0.0	-3.2078609780068383	-0.8433205954691396	0.16817420076195463	2.3261517453461455
-55.46666666666667	-55.46666666666667	0.0	2.935277969741645	0.0	-3.201056063432755	-0.843334428297649	0.16822954280743324	2.3257903962371005
-56.53333333333333	-56.53333333333333	0.0	2.9927944352988205	0.0	-3.2009830896283655	-0.8432832929773643	0.16823752700014935	2.3263245215594894
-57.599999999999994	-57.599999999999994	0.0	3.050342117494992	0.0	-3.206691712300179	-0.8433095957412715	0.16817513439739318	2.32545496356005
-58.66666666666666	-58.66666666666666	0.0	3.1079235257761075	0.0	-3.196693066982507	-0.8432751048872538	0.16826460242786756	2.32640312937084
-59.73333333333332	-59.73333333333332	0.0	3.1655413675240673	0.0	-3.2011945741523595	-0.8433130405340967	0.1682264950779557	2.3261817289945994
-60.80000000000001	-60.80000000000001	0.0	3.223198559284539	0.0	-3.202737422811742	-0.8432835290690849	0.16822974670482804	2.3257868870556213
-61.866666666666674	-61.866666666666674	0.0	3.28089823837759	0.0	-3.195952050193221	-0.8432784960228703	0.16827244711183983	2.3267104993275214
-62.93333333333334	-62.93333333333334	0.0	3.338643774897311	0.0	-3.1929509166360175	-0.8432624310544614	0.1683165318748467	2.3266346494967185
-64.0	-64.0	0.0	3.39643878410653	0.0	-3.1924311177884617	-0.8432741605203735	0.16829014325940517	2.326907421284959
-65.06666666666666	-65.06666666666666	0.0	3.454287139232773	0.0	-3.2057929862418693	-0.8433103791365241	0.16820604094984212	2.325983476338368
-66.13333333333333	-66.13333333333333	0.0	3.5121929846716027	0.0	-3.200271702349947	-0.8433108083941976	0.168244566825985	2.326028097673467
-67.19999999999999	-67.19999999999999	0.0	3.570160749603466	0.0	-3.2008489358741397	-0.8432797301386789	0.16824745358383514	2.3260245241033397
-68.26666666666665	-68.26666666666665	0.0	3.628195162030197	0.0	-3.190016854590202	-0.8432621949627412	0.1683180557395855	2.3267829580227057
-69.33333333333334	-69.33333333333334	0.0	3.6863012632373016	0.0	-3.1930313487924775	-0.8432700396467134	0.16829769819444812	2.3265209713334913
-70.4	-70.4	0.0	3.7444844226881497	0.0	-3.1887389008407707	-0.8432453895248468	0.16832508483397932	2.3274472020771935
-71.46666666666667	-71.46666666666667	0.0	3.802750353356249	0.0	-3.197892251948967	-0.8432859221806113	0.16825456852976342	2.3263600426319204
-72.53333333333333	-72.53333333333333	0.0	3.861105127501684	0.0	-3.1914212569186358	-0.8432495962500414	0.1682955841004091	2.3267199429963226
-73.6	-73.6	0.0	3.9195551928979	0.0	-3.1873635270624687	-0.8432214476781412	0.1683426092784755	2.3272185794406046
-74.66666666666666	-74.66666666666666	0.0	3.9781073895149364	0.0	-3.192206047259117	-0.8432588467528932	0.16831485776992236	2.3268703548849077
-75.73333333333332	-75.73333333333332	0.0	4.036768966665268	0.0	-3.191830994098861	-0.8432670026486779	0.1682986103670032	2.327116662937619
-76.80000000000001	-76.80000000000001	0.0	4.09554760061838	0.0	-3.191614218974044	-0.8432661655962161	0.1683108227477973	2.32698071703261
-77.86666666666667	-77.86666666666667	0.0	4.1544514126901975	0.0	-3.1951638687171258	-0.8432582135978253	0.16827797380437853	2.3269046847672987
-78.93333333333334	-78.93333333333334	0.0	4.213488987813546	0.0	-3.191053962590817	-0.8432643627139897	0.16832060982273936	2.3265635107688767
-80.0	-80.0	0.0	4.272669393595734	0.0	-3.191363725659024	-0.8432418159547207	0.16831001788966035	2.3268977093301135
-80.0	-80.0	0.0	4.334632001425141	0.0	-3.1888498639492138	-0.8383680457994866	0.168322444899291	2.3276313321559856
-78.93333333333334	-78.93333333333334	0.0	4.2765525217646445	0.0	-3.1933896930978154	-0.8432515922982203	0.1682996620483017	2.3272894606138452
-77.86666666666666	-77.86666666666666	0.0	4.2185409905834925	0.0	-3.188263218950545	-0.843245786588194	0.168336470893753	2.327285114379907
-76.8	-76.8	0.0	4.160591136621887	0.0	-3.1864818854595387	-0.8432317713251749	0.1683449594642347	2.3274438324044615
-75.73333333333333	-75.73333333333333	0.0	4.1026972267289015	0.0	-3.188088468151905	-0.8432815974095571	0.168329763742614	2.3275096268742748
-74.66666666666667	-74.66666666666667	0.0	4.044854034561523	0.0	-3.189408693050682	-0.8432503259880852	0.16832651211574176	2.327496341349299
-73.6	-73.6	0.0	3.9870568103551984	0.0	-3.188663083204294	-0.8432711449852216	0.16832353950635684	2.327283118331726
-72.53333333333333	-72.53333333333333	0.0	3.9293012517491834	0.0	-3.1894462316341743	-0.843232812275031	0.16832518141695574	2.3274877025386327
-71.46666666666667	-71.46666666666667	0.0	3.8715834756500076	0.0	-3.1984571013892933	-0.843318803318355	0.16824206640004036	2.3264358066111885
-70.4	-70.4	0.0	3.813899991116364	0.0	-3.1889686395473067	-0.8432268885191455	0.16834475556683992	2.327261687642407
-69.33333333333333	-69.33333333333333	0.0	3.7562476732487218	0.0	-3.199306237454943	-0.8433092630665748	0.1682394586596774	2.326577418717479
-68.26666666666667	-68.26666666666667	0.0	3.6986237380669853	0.0	-3.1822228122919	-0.8432283050694659	0.1683795039754613	2.3273950794642615
-67.2	-67.2	0.0	3.641025718359479	0.0	-3.1857387116504463	-0.8432559599950424	0.1683624624458472	2.327590799500221
-66.13333333333333	-66.13333333333333	0.0	3.583451440486598	0.0	-3.187067779257284	-0.8432229608114383	0.16834851157147784	2.3273390398750653
-65.06666666666666	-65.06666666666666	0.0	3.5258990021224057	0.0	-3.1907820278550356	-0.8432717888717305	0.16832575018337237	2.327412196113967
-64.0	-64.0	0.0	3.4683667509174954	0.0	-3.19075408318053	-0.8432563785212736	0.1683140851061112	2.327071065041314
-62.93333333333334	-62.93333333333334	0.0	3.4108532640664255	0.0	-3.1905348398240942	-0.8432860938836798	0.16832159711538697	2.3271085928933686
-61.86666666666667	-61.86666666666667	0.0	3.353357328763028	0.0	-3.189658360044681	-0.8432342824825614	0.16831573774815184	2.327067802683
-60.8	-60.8	0.0	3.2958779235269047	0.0	-3.1911558790938046	-0.8432649314804059	0.1683034073214978	2.3270213891971183
-59.733333333333334	-59.733333333333334	0.0	3.238414200384411	0.0	-3.1953325562511323	-0.8432438120029001	0.16827127738468106	2.3266509290939617
-58.66666666666667	-58.66666666666667	0.0	3.1809654678874364	0.0	-3.191904933733017	-0.8432651783035682	0.16831022178705501	2.327296854577259
-57.6	-57.6	0.0	3.1235311749532944	0.0	-3.1891130418284694	-0.8432364395023672	0.16832541750867575	2.3273283513590077
-56.53333333333333	-56.53333333333333	0.0	3.066110895509022	0.0	-3.1856178648840836	-0.8432674211749084	0.16835448898457306	2.327521603163348
-55.46666666666667	-55.46666666666667	0.0	3.0087043139233947	0.0	-3.1957585301028364	-0.8432444236950833	0.16827337001583664	2.326943393077953
-54.4	-54.4	0.0	2.9513112112099673	0.0	-3.1934365573042527	-0.843302180314972	0.16830047763788022	2.3271263856239104
-53.33333333333333	-53.33333333333333	0.0	2.8939314519844546	0.0	-3.1924397780620124	-0.8432619374081375	0.16830415852242545	2.3269346791471928
-52.266666666666666	-52.266666666666666	0.0	2.836564972159741	0.0	-3.202400401881304	-0.8432983706531253	0.1682254648595408	2.3262987982934415
-51.2	-51.2	0.0	2.7792117673618404	0.0	-3.1944728282524033	-0.8432659509673798	0.16828017374995208	2.3265747251255804
-50.13333333333333	-50.13333333333333	0.0	2.7218718820501118	0.0	-3.1976676214087383	-0.8432917064277532	0.1682500505927563	2.326997103944273
-49.06666666666666	-49.06666666666666	0.0	2.6645453993250308	0.0	-3.1931056747585393	-0.8432324688688928	0.16829158127260932	2.3268722865444365
-48.0	-48.0	0.0	2.60723243140683	0.0	-3.2022272178731725	-0.8433109586343827	0.1682360782555034	2.326325755675298
-46.93333333333334	-46.93333333333334	0.0	2.549933110768312	0.0	-3.1996090680117337	-0.8432891845389254	0.16824983596391974	2.32612256655583
-45.86666666666667	-45.86666666666667	0.0	2.492647581905143	0.0	-3.1990403981781155	-0.8433112269204279	0.1682355094890867	2.3261087873845305
-44.8	-44.8	0.0	2.435375993726936	0.0	-3.207921556995924	-0.8432973726290353	0.16818463172340622	2.326205091343446
-43.733333333333334	-43.733333333333334	0.0	2.378118492552427	0.0	-3.201741909879634	-0.8433287942906919	0.16822668824390846	2.3260088347353953
-42.666666666666664	-42.666666666666664	0.0	2.32087521569205	0.0	-3.1945246289220806	-0.843252536665101	0.16828359707989338	2.3264187972758994
-41.6	-41.6	0.0	2.2636462856012263	0.0	-3.20067198512993	-0.8433018691031587	0.1682316890957979	2.326642247357528
-40.53333333333333	-40.53333333333333	0.0	2.2064318045876616	0.0	-3.2007073881564985	-0.8432848812307544	0.16822926378994596	2.326207377140554
-39.46666666666667	-39.46666666666667	0.0	2.1492318500559726	0.0	-3.204131168818443	-0.843320938875278	0.1682082945526248	2.3259454870343186
-38.4	-38.4	0.0	2.092046470272937	0.0	-3.2046768733665605	-0.8432899464712942	0.1681990225868902	2.326337334901024
-37.333333333333336	-37.333333333333336	0.0	2.0348756806366817	0.0	-3.2013813656287224	-0.8433217759277398	0.1682380528407986	2.3262827011307055
-36.266666666666666	-36.266666666666666	0.0	1.977719460433113	0.0	-3.192178445990748	-0.843260413543399	0.16829617432970942	2.327162765211689
-35.2	-35.2	0.0	1.920577750062899	0.0	-3.1992902476066276	-0.8432949580546256	0.16825186420642432	2.3265240619887355
-34.13333333333333	-34.13333333333333	0.0	1.8634504487223043	0.0	-3.1972970969169308	-0.8432702006183408	0.16824712090913865	2.3270123855174276
-33.06666666666667	-33.06666666666667	0.0	1.8063374125211922	0.0	-3.208883877578476	-0.8433451275451457	0.1681627610449718	2.3261583344514274
-32.0	-32.0	0.0	1.7492384530214933	0.0	-3.1964511588209454	-0.8432694816117389	0.16826745699139237	2.3267499051818916
-30.933333333333337	-30.933333333333337	0.0	1.692153336179458	0.0	-3.207149397562472	-0.8433584559958893	0.16816906040132162	2.3262659708129045
-29.866666666666667	-29.866666666666667	0.0	1.635081781674985	0.0	-3.202557842864284	-0.8433040153915238	0.16821788846161417	2.326446087332457
-28.799999999999997	-28.799999999999997	0.0	1.5780234626113472	0.0	-3.2039063129179333	-0.8433219154364836	0.1682188328284945	2.326148740542435
-27.733333333333334	-27.733333333333334	0.0	1.5209780055686137	0.0	-3.21232844504323	-0.8433215505674617	0.1681293862609038	2.325889318667818
-26.666666666666664	-26.666666666666664	0.0	1.4639449909940745	0.0	-3.208378351548544	-0.843366515308698	0.16818399856833846	2.3259296688890716
-25.6	-25.6	0.0	1.4069239539129832	0.0	-3.204133111209413	-0.8433152297482285	0.1681977670081969	2.3263467893012706
-24.53333333333333	-24.53333333333333	0.0	1.3499143849429092	0.0	-3.201014307392626	-0.8433077070075109	0.16821536657278582	2.326852240211111
-23.46666666666667	-23.46666666666667	0.0	1.2929157315950264	0.0	-3.210994183418551	-0.8433379052847989	0.1681575133699206	2.3259307098389277
-22.4	-22.4	0.0	1.235927399845624	0.0	-3.2062699237107894	-0.8433347931666708	0.16819739140773307	2.326327987815196
-21.333333333333336	-21.333333333333336	0.0	1.1789487559611669	0.0	-3.2114997953000164	-0.8433058075423078	0.16815053793273596	2.325939874490244
-20.266666666666666	-20.266666666666666	0.0	1.1219791285601926	0.0	-3.216268161233673	-0.8433713229946345	0.16810459663029367	2.326081196847606
-19.200000000000003	-19.200000000000003	0.0	1.0650178108953703	0.0	-3.212581760727449	-0.8433243836681025	0.16813551391418444	2.326290256065749
-18.133333333333333	-18.133333333333333	0.0	1.0080640633390137	0.0	-3.2091723065403412	-0.8433588530592365	0.16816510049928915	2.326290170214216
-17.06666666666667	-17.06666666666667	0.0	0.9511171160553648	0.0	-3.2182063025525873	-0.8433440222066377	0.16809705242669237	2.3257142459259246
-16.0	-16.0	0.0	0.8941761718429497	0.0	-3.2111393154377597	-0.8433577477207291	0.16814093329230478	2.3262926277143916
-14.933333333333337	-14.933333333333337	0.0	0.8372404091303182	0.0	-3.2125461538034834	-0.8433256714411215	0.1681363509666467	2.326838010319254
-13.866666666666674	-13.866666666666674	0.0	0.780308985108466	0.0	-3.213008689677473	-0.8433682645337153	0.16813906602142775	2.327151228911729
-12.799999999999997	-12.799999999999997	0.0	0.7233810389832572	0.0	-3.2218519665056506	-0.8433739200035555	0.1680566056224634	2.3261522604553537
-11.733333333333334	-11.733333333333334	0.0	0.6664556953311475	0.0	-3.218205325991381	-0.8433658821536312	0.16808393860478543	2.3267773776729572
-10.666666666666671	-10.666666666666671	0.0	0.6095320675415111	0.0	-3.220221946344344	-0.8433604735069524	0.16807804704322482	2.326733689973297
-9.599999999999994	-9.599999999999994	0.0	0.5526092613288888	0.0	-3.222924048275164	-0.8434007271452283	0.1680546632314936	2.32723661899431
-8.533333333333331	-8.533333333333331	0.0	0.49568637829845885	0.0	-3.214647166214937	-0.8433599154719773	0.16810300837690398	2.3280588191409843
-7.466666666666669	-7.466666666666669	0.0	0.4387625195480302	0.0	-3.2189010239018523	-0.8433823227225022	0.16809462712084064	2.328108752539786
-6.400000000000006	-6.400000000000006	0.0	0.3818367892898798	0.0	-3.210538751759044	-0.8433346751208108	0.16815139644808183	2.328889175183443
-5.333333333333329	-5.333333333333329	0.0	0.3249082984757282	0.0	-3.207340170403749	-0.8433612032449959	0.16818400929978045	2.3293915354380412
-4.266666666666666	-4.266666666666666	0.0	0.26797616840817	0.0	-3.208779246020706	-0.8432846236761504	0.16816474636170897	2.3295350899353005
-3.200000000000003	-3.200000000000003	0.0	0.21103953432185357	0.0	-3.2039050144134746	-0.8433070738524432	0.16819866844930992	2.329963768110341
-2.13333333333334	-2.13333333333334	0.0	0.15409754891773225	0.0	-3.2037570814879506	-0.843318524300868	0.16821727676943024	2.329523736069853
-1.0666666666666629	-1.0666666666666629	0.0	0.09714938583368175	0.0	-3.1944740623682124	-0.8432995725746096	0.16827583824745576	2.33020552603172
0.0	0.0	0.0	0.0401942430348	0.0	-3.191163788166428	-0.8432410969481182	0.1683025702690357	2.3309133504714503
1.0666666666666629	1.0666666666666629	0.0	-0.01676865389331629	0.0	-3.178979513018529	-0.8432377272753863	0.16840728767833987	2.3316909400144685
2.1333333333333258	2.1333333333333258	0.0	-0.07374004856499573	0.0	-3.1817825763540144	-0.8432164146319266	0.1683994537258094	2.3313404511245457
3.200000000000003	3.200000000000003	0.0	-0.13072065074532263	0.0	-3.1793952061489654	-0.8432278006917001	0.1684129324167385	2.331199783385137
4.266666666666666	4.266666666666666	0.0	-0.1877111334480573	0.0	-3.1748043489945004	-0.8431928805800096	0.1684447296788587	2.332211715423233
5.333333333333329	5.333333333333329	0.0	-0.244712130197352	0.0	-3.163270828478719	-0.8431788438541058	0.1685431906575804	2.332435090384769
6.400000000000006	6.400000000000006	0.0	-0.30172423246994073	0.0	-3.1621009725427602	-0.8431248217759711	0.16855054169522873	2.3325068300733496
7.466666666666669	7.466666666666669	0.0	-0.35874798733450286	0.0	-3.164998676463681	-0.8431656441806639	0.1685179610378555	2.3329103322858775
8.533333333333331	8.533333333333331	0.0	-0.4157838953049008	0.0	-3.1580783452328003	-0.8431101626264415	0.168583669656135	2.3329346175387213
9.599999999999994	9.599999999999994	0.0	-0.47283240842397	0.0	-3.146378508831651	-0.8430704026344893	0.16867166747907955	2.3331825889649163
10.666666666666671	10.666666666666671	0.0	-0.5298939285945675	0.0	-3.1447351924139273	-0.843035267893962	0.16869410692393053	2.3342933039249876
11.733333333333334	11.733333333333334	0.0	-0.5869688061745607	0.0	-3.1406361035809764	-0.8430686534094721	0.16870733879169766	2.3339450149806407
12.799999999999997	12.799999999999997	0.0	-0.6440573388524645	0.0	-3.1365788351768096	-0.8430216389628481	0.16874847240820337	2.3342928317415486
13.86666666666666	13.86666666666666	0.0	-0.7011597708204031	0.0	-3.1424453388207207	-0.8430740405932667	0.16869765903117373	2.3338429911632335
14.933333333333337	14.933333333333337	0.0	-0.7582762922611015	0.0	-3.142941174358689	-0.8430540371857103	0.16868879486022834	2.334356780403371
16.0	16.0	0.0	-0.815407039165591	0.0	-3.135630046942397	-0.8430418462677994	0.1687603199199753	2.3339695685195307
17.066666666666663	17.066666666666663	0.0	-0.8725520934983348	0.0	-3.1377460297151964	-0.8430207589846177	0.16873776242926453	2.3342303747501414
18.133333333333326	18.133333333333326	0.0	-0.9297114837264504	0.0	-3.140380480636766	-0.8430757468925166	0.168727567559533	2.334228754302428
19.200000000000003	19.200000000000003	0.0	-0.9868851857297346	0.0	-3.1305704296776806	-0.8429989741577185	0.16879918920225656	2.3340997194459523
20.266666666666666	20.266666666666666	0.0	-1.0440731241081747	0.0	-3.1242979233952997	-0.8429803980319234	0.16884933722989318	2.335196472800215
21.33333333333333	21.33333333333333	0.0	-1.1012751739036517	0.0	-3.1291531066932974	-0.8429961839828445	0.16880610025079032	2.334983646845991
22.400000000000006	22.400000000000006	0.0	-1.1584911627525145	0.0	-3.1207428650055435	-0.8429851091348836	0.16887087523363092	2.3357685981580985
23.46666666666667	23.46666666666667	0.0	-1.2157208734857228	0.0	-3.116742773723409	-0.8429672734785748	0.1689105601054907	2.3357710663897167
24.53333333333333	24.53333333333333	0.0	-1.272964047193262	0.0	-3.1174076723958457	-0.8429641184346793	0.16890402465742088	2.3358035290012302
25.599999999999994	25.599999999999994	0.0	-1.3302203867695057	0.0	-3.1059725484701364	-0.8429117275357015	0.1689977745331823	2.336686952023502
26.66666666666667	26.66666666666667	0.0	-1.3874895609562332	0.0	-3.1083771533707507	-0.8429451774398619	0.16897875841827298	2.3366294100324514
27.733333333333334	27.733333333333334	0.0	-1.4447712088999851	0.0	-3.109754158328207	-0.8428927221522338	0.16895990327499066	2.3366034936004483
28.799999999999997	28.799999999999997	0.0	-1.5020649452404609	0.0	-3.1092593852029804	-0.8429213536390162	0.1689745194987529	2.3368875655969346
29.86666666666666	29.86666666666666	0.0	-1.5593703657466396	0.0	-3.105113174608988	-0.842869467117804	0.1690157604296769	2.336787215884453
30.933333333333337	30.933333333333337	0.0	-1.616687053517327	0.0	-3.1035320147022993	-0.8428864657216514	0.16902524702424798	2.337054654146111
32.0	32.0	0.0	-1.6740145857628108	0.0	-3.1021077484750568	-0.8428721177839347	0.1690335209658932	2.3370885118450606
33.06666666666666	33.06666666666666	0.0	-1.731352541184335	0.0	-3.088110106482312	-0.8428577698462176	0.16914249875760107	2.3381183975853252
34.133333333333326	34.133333333333326	0.0	-1.788700507968065	0.0	-3.0913129052942465	-0.8428305119839885	0.1691052284601514	2.3384093055102513
35.2	35.2	0.0	-1.8460580924102532	0.0	-3.089295308380078	-0.8428479935027172	0.16913709011092246	2.3385333395148367
36.266666666666666	36.266666666666666	0.0	-1.9034249281902877	0.0	-3.084737976249861	-0.8427694608114601	0.16917184925098558	2.3382715781859
37.33333333333333	37.33333333333333	0.0	-1.9608006863083274	0.0	-3.0834008707931018	-0.842807589624256	0.16917472527739405	2.338757133002604
38.39999999999999	38.39999999999999	0.0	-2.018185085704204	0.0	-3.091573765182068	-0.8428331519186765	0.16911796668159457	2.3383980696906614
39.46666666666667	39.46666666666667	0.0	-2.0755779045742972	0.0	-3.079101318626907	-0.8428089954431341	0.169237246657452	2.3388815318762086
40.53333333333333	40.53333333333333	0.0	-2.132978992403061	0.0	-3.082167141315416	-0.8427801922532826	0.16920826103308945	2.3391898354683294
41.599999999999994	41.599999999999994	0.0	-2.1903882827259142	0.0	-3.085686388883811	-0.8428478861882993	0.16915019320138774	2.3383406242825875
42.66666666666667	42.66666666666667	0.0	-2.247805806640169	0.0	-3.0777530202763264	-0.842781877089649	0.1692204412195579	2.339253880713127
43.733333333333334	43.733333333333334	0.0	-2.3052317070806954	0.0	-3.0776645180756166	-0.8427630970664595	0.16922353187480288	2.3392812566212156
44.8	44.8	0.0	-2.3626662538770318	0.0	-3.0788629840354713	-0.842796214295924	0.16921652424329267	2.338914820808742
45.86666666666666	45.86666666666666	0.0	-2.420109859608605	0.0	-3.0734575138636977	-0.8427980601039173	0.16927439890904153	2.3394450506177527
46.93333333333334	46.93333333333334	0.0	-2.4775630962747797	0.0	-3.0638204215524696	-0.8427237985265051	0.1693356325160809	2.3400898278367728
48.0	48.0	0.0	-2.5350267127964097	0.0	-3.0727739639453713	-0.8427741397200949	0.16927619105982594	2.3394877724876455
49.06666666666666	49.06666666666666	0.0	-2.5925016533656065	0.0	-3.07921409534902	-0.8427766401460396	0.16922527036837803	2.339260662984357
50.133333333333326	50.133333333333326	0.0	-2.6499890766603915	0.0	-3.0734286677480793	-0.842786276980796	0.1692537516149751	2.339399527841541
51.19999999999999	51.19999999999999	0.0	-2.707490375940949	0.0	-3.07123012799334	-0.8427203322707966	0.1692945310939006	2.3395598985081354
52.26666666666665	52.26666666666665	0.0	-2.765007200044159	0.0	-3.075047602329982	-0.8427660589444024	0.16925132630912312	2.33955291233951
53.33333333333334	53.33333333333334	0.0	-2.822541475293108	0.0	-3.076445061415555	-0.8427712422308029	0.16923984366637312	2.338925734685076
54.400000000000006	54.400000000000006	0.0	-2.8800954283382634	0.0	-3.0772758252528023	-0.8427890242299025	0.16922860784678492	2.339254707034147
55.46666666666667	55.46666666666667	0.0	-2.9376716099470257	0.0	-3.07104128681159	-0.8427235302404595	0.1692975251661691	2.3394303807367804
56.53333333333333	56.53333333333333	0.0	-2.9952729197583214	0.0	-3.0719880789978244	-0.8427709417504318	0.16927521449862015	2.339074536857389
57.599999999999994	57.599999999999994	0.0	-3.052902632018954	0.0	-3.0674728677767633	-0.8427120046719423	0.16931224870434958	2.3399887483862503
58.66666666666666	58.66666666666666	0.0	-3.110564422318395	0.0	-3.066536474357655	-0.8427498973930178	0.16932245430552284	2.340113072139762
59.73333333333332	59.73333333333332	0.0	-3.1682623953387075	0.0	-3.0654717543572354	-0.8427056945841507	0.16934070848806296	2.3397740444297064
60.80000000000001	60.80000000000001	0.0	-3.2260011136363067	0.0	-3.061166589646965	-0.8426971094306923	0.16936878193987073	2.3406273872205476
61.866666666666674	61.866666666666674	0.0	-3.2837856274722257	0.0	-3.067934351969458	-0.8427312139528046	0.16931078922826182	2.3400586422668375
62.93333333333334	62.93333333333334	0.0	-3.341621505707621	0.0	-3.060115241023056	-0.8427193020523815	0.1693858342009266	2.3403228181701827
64.0	64.0	0.0	-3.3995148677811597	0.0	-3.0623489477126493	-0.8426867750522175	0.1693614630965476	2.3404848951360293
65.06666666666666	65.06666666666666	0.0	-3.4574724167850257	0.0	-3.06951370899392	-0.8427611010182804	0.16930563813618693	2.339987557196206
66.13333333333333	66.13333333333333	0.0	-3.51550147365621	0.0	-3.0672586789294276	-0.8427347231342804	0.16932756247183034	2.3395527191735557
67.19999999999999	67.19999999999999	0.0	-3.5736100124997923	0.0	-3.070025598768856	-0.8427709310189897	0.16929745004607646	2.339480485838649
68.26666666666665	68.26666666666665	0.0	-3.6318066970609046	0.0	-3.0594776002128476	-0.8426834697681364	0.16936836341363964	2.3402064678779424
69.33333333333334	69.33333333333334	0.0	-3.6901009183620634	0.0	-3.0565156686126183	-0.8426931709915437	0.16941689099356108	2.3406536363272457
70.4	70.4	0.0	-3.748502833522565	0.0	-3.0609192621072827	-0.8426773528462974	0.16936631370825134	2.3405531256431367
71.46666666666667	71.46666666666667	0.0	-3.8070234057766568	0.0	-3.0614258612813985	-0.8427313856558737	0.169366764428808	2.3404265375554
72.53333333333333	72.53333333333333	0.0	-3.865674445707142	0.0	-3.0589498279040153	-0.8426694759679998	0.16936909315168353	2.340292018932153
73.6	73.6	0.0	-3.9244686537111386	0.0	-3.0624719085730487	-0.8427197098471712	0.16934016118452994	2.340249629736954
74.66666666666666	74.66666666666666	0.0	-3.9834196637146766	0.0	-3.0568019298232376	-0.8426741763395177	0.16940955068735455	2.3405596610912056
75.73333333333332	75.73333333333332	0.0	-4.042542088152829	0.0	-3.0645413168883384	-0.8427321690511268	0.16934076214527202	2.3403087170556285
76.80000000000001	76.80000000000001	0.0	-4.1018515642320645	0.0	-3.0567096286921185	-0.8426390308675492	0.16940770487936088	2.340493845158509
77.86666666666667	77.86666666666667	0.0	-4.161364801491512	0.0	-3.0570581644596317	-0.842705941407313	0.1693972846493512	2.3407420097506537
78.93333333333334	78.93333333333334	0.0	-4.221099630679855	0.0	-3.060260909614355	-0.8426619103015152	0.16937357889436522	2.340441550842509
80.0	80.0	0.0	-4.28107505396451	0.0	-3.060378311587893	-0.8427008225095634	0.1693663673654605	2.3405173577475424
