Hysterese	V-MOKE
Charge	2020_0446
Sample	1
Sample State	bFC
User	Meike Reginka
Sample Angle	180.0
Magnetic Field Angle	0.0
Detektor Averages	300
Hysteresus Points	150
Magnetic Field [kA/m]	80
Hysteresis Averages	100
Polarization	p-polarization
Measurement Method	Scan Both Angles
Max Voltage Correction	No
Training Effect Elimination	No
Magnetic field [kA/m]	Magnetic field transversal [kA/m]	Magnetic field longitudinal [kA/m]	Magnetic field transversal [V]	Magnetic field longitudinal [V]	Detector diff transversal [V]	Detector diff longitudinal [V]	Detector raw transversal [V]	Detector raw longitudinal [V]
80.0	0.0	80.0	0.0	4.381030188287403	-1.5845737232994934	-0.8091215293547023	0.18160572700423447	1.8093451027861647
78.93333333333334	0.0	78.93333333333334	0.0	4.319818714176459	-1.5877664667504374	-0.8205154982010237	0.18159759257133318	1.8088973548390026
77.86666666666666	0.0	77.86666666666666	0.0	4.258793669369702	-1.5868366624366081	-0.8205968961872472	0.18158402802886947	1.8086486644062083
76.8	0.0	76.8	0.0	4.197942654193435	-1.5880057993659635	-0.8205444623625017	0.1815851011730518	1.8089293559985182
75.73333333333333	0.0	75.73333333333333	0.0	4.137253993604595	-1.5831755666702028	-0.8204478793860999	0.1816260630864882	1.8092106270886856
74.66666666666667	0.0	74.66666666666667	0.0	4.0767167056162315	-1.583907622705569	-0.8204284662078427	0.1816182505968415	1.8093554908218488
73.6	0.0	73.6	0.0	4.0163204706037074	-1.5836736450795112	-0.8205012039205157	0.18160381680759013	1.8090542699813315
72.53333333333333	0.0	72.53333333333333	0.0	3.9560556014798554	-1.5883051851299277	-0.8205656247657761	0.18158447874942601	1.8089272419044784
71.46666666666667	0.0	71.46666666666667	0.0	3.89591301472721	-1.5921742133130865	-0.8207648003260023	0.18154148859348498	1.808433863866688
70.4	0.0	70.4	0.0	3.8358842022755653	-1.5885545731064419	-0.8206304212115009	0.18159134687219247	1.8086918369966591
69.33333333333333	0.0	69.33333333333333	0.0	3.775961204212982	-1.5852442237845648	-0.8205511158564324	0.18159837596658612	1.8087671717182536
68.26666666666667	0.0	68.26666666666667	0.0	3.716136582318465	-1.5882373946119344	-0.8205956728028793	0.18157762135810135	1.8086767056636903
67.2	0.0	67.2	0.0	3.6564033944044745	-1.5885851469841938	-0.820651937752355	0.18157518532080785	1.8087577387808913
66.13333333333333	0.0	66.13333333333333	0.0	3.596755169457454	-1.5909565595352522	-0.8207176141763084	0.18156827427227398	1.8083976881763042
65.06666666666666	0.0	65.06666666666666	0.0	3.5371858835645753	-1.5892988415226013	-0.8206963659215003	0.18157100005849686	1.808250291822872
64.0	0.0	64.0	0.0	3.4776899366148504	-1.588860655290104	-0.8206219219095771	0.18157925253725843	1.8084523541409496
62.93333333333334	0.0	62.93333333333334	0.0	3.4182621297628257	-1.588761915293895	-0.8206700416947095	0.1815770740545685	1.8086605548437467
61.86666666666667	0.0	61.86666666666667	0.0	3.3588976436430196	-1.5896335015358367	-0.8206716084852155	0.18158954398996616	1.8084816831714496
60.8	0.0	60.8	0.0	3.2995920173232944	-1.5927837162828382	-0.8208660085538304	0.18154512655226285	1.8082685889311803
59.733333333333334	0.0	59.733333333333334	0.0	3.2403411279853396	-1.5905021580941605	-0.8207177429536103	0.1815625114880154	1.808352122474326
58.66666666666667	0.0	58.66666666666667	0.0	3.181141171320454	-1.5913718663337832	-0.8208013301539664	0.18155361512274443	1.808275607294132
57.6	0.0	57.6	0.0	3.121988642628807	-1.588903076679628	-0.8206087222361355	0.18157843694767986	1.8085581661573187
56.53333333333333	0.0	56.53333333333333	0.0	3.062880318610361	-1.5904510335053184	-0.8207713250426306	0.181574380462671	1.8082186984581463
55.46666666666667	0.0	55.46666666666667	0.0	3.003813239835633	-1.5874087019429581	-0.8205934835887477	0.1816024861088042	1.8085368320509747
54.4	0.0	54.4	0.0	2.9447846938844906	-1.5931500018551246	-0.8207953849351963	0.18154550215272652	1.8080835896056004
53.33333333333333	0.0	53.33333333333333	0.0	2.885792199141142	-1.5913769423057658	-0.8206759976449207	0.18157440192555463	1.8080588643636415
52.266666666666666	0.0	52.266666666666666	0.0	2.8268334892335334	-1.5887583953809763	-0.8207304167864032	0.1815728887922576	1.8081495450470424
51.2	0.0	51.2	0.0	2.7679064981053	-1.5891261511607928	-0.8205884505425328	0.18156778062595014	1.8084981988604136
50.13333333333333	0.0	50.13333333333333	0.0	2.7090093457084867	-1.5908361849523285	-0.8207632979241469	0.18155814379119362	1.8084939170151264
49.06666666666666	0.0	49.06666666666666	0.0	2.6501403243051973	-1.5961947479918948	-0.8208739820151046	0.1815149497378578	1.80781590452078
48.0	0.0	48.0	0.0	2.591297885366365	-1.587308062481546	-0.8206211063199987	0.18157903790842192	1.8081914620588007
46.93333333333334	0.0	46.93333333333334	0.0	2.532480627055822	-1.5905276452684887	-0.8206657383865386	0.18157064592091687	1.8087545944684387
45.86666666666667	0.0	45.86666666666667	0.0	2.4736872822878553	-1.5872280059255501	-0.820662701388503	0.18158153833436663	1.8083256480073495
44.8	0.0	44.8	0.0	2.4149167073464275	-1.5891943816679004	-0.8206148391579741	0.18156059055992904	1.8084676893713132
43.733333333333334	0.0	43.733333333333334	0.0	2.356167871054244	-1.590685161371561	-0.8207490465694068	0.1815521341837729	1.8082306210900114
42.666666666666664	0.0	42.666666666666664	0.0	2.2974398444798476	-1.5940972125675898	-0.8207696402062641	0.1815372174796395	1.8080260583459888
41.6	0.0	41.6	0.0	2.2387317911709355	-1.5884217822453297	-0.8206393712339807	0.18158025056134805	1.8084578164448366
40.53333333333333	0.0	40.53333333333333	0.0	2.1800429579020566	-1.5878154665137985	-0.8205906826824318	0.18157702039735937	1.8088040449523564
39.46666666666667	0.0	39.46666666666667	0.0	2.1213726659248966	-1.589467990508607	-0.8207308460440766	0.1815781150044254	1.808655951055205
38.4	0.0	38.4	0.0	2.0627203027093186	-1.5947055243473003	-0.8207818525870578	0.18154340952157116	1.8083183935526765
37.333333333333336	0.0	37.333333333333336	0.0	2.0040853141633432	-1.5956987192879744	-0.8209686977206299	0.18151804039310268	1.8077767776838949
36.266666666666666	0.0	36.266666666666666	0.0	1.9454671973202513	-1.5888262288247375	-0.8206045047794995	0.1815933107260459	1.808508297147168
35.2	0.0	35.2	0.0	1.8868654934810003	-1.5903579489789506	-0.8206801077871387	0.18155761795054431	1.8086260532582883
34.13333333333333	0.0	34.13333333333333	0.0	1.8282797818001153	-1.5884574750208322	-0.8205944601499534	0.18157485264611117	1.8084615617180315
33.06666666666667	0.0	33.06666666666667	0.0	1.7697096733032631	-1.5931468897369954	-0.8208480441202199	0.18153535020876252	1.8082565804477797
32.0	0.0	32.0	0.0	1.7111548053246695	-1.5947626692750045	-0.8208180390088841	0.18152164615755517	1.8079991009641307
30.933333333333337	0.0	30.933333333333337	0.0	1.652614836352576	-1.5955456674647013	-0.8209016905978905	0.18151833014203209	1.8078423038676634
29.866666666666667	0.0	29.866666666666667	0.0	1.5940894412709112	-1.596116451392358	-0.820861984263147	0.18150739480281478	1.8079403677830368
28.799999999999997	0.0	28.799999999999997	0.0	1.5355783069853621	-1.5976660179343207	-0.8209535127304516	0.18150270516273828	1.807547371652055
27.733333333333334	0.0	27.733333333333334	0.0	1.4770811284220267	-1.5960094696488296	-0.8208505660090484	0.1815257133740058	1.8081067480570534
26.666666666666664	0.0	26.666666666666664	0.0	1.4185976048868278	-1.597982176941855	-0.8210523493096373	0.18149660970378328	1.8076411215278159
25.6	0.0	25.6	0.0	1.360127436773878	-1.5980939556398783	-0.8209696420875106	0.18150273735706382	1.8077487900836215
24.53333333333333	0.0	24.53333333333333	0.0	1.3016703226109647	-1.5984055430531947	-0.8210427339377637	0.18149918524982056	1.8079102124315174
23.46666666666667	0.0	23.46666666666667	0.0	1.243225956430354	-1.5949392980759618	-0.8208495465220751	0.18153388000123274	1.8081040973909248
22.4	0.0	22.4	0.0	1.1847940254530787	-1.6027138198815902	-0.8212133316684168	0.18147114399233832	1.807490280381559
21.333333333333336	0.0	21.333333333333336	0.0	1.1263742080749082	-1.6040388631977434	-0.8211950238286673	0.18146410416650272	1.8074376211965357
20.266666666666666	0.0	20.266666666666666	0.0	1.0679661721421683	-1.5997207778315214	-0.8211013276101146	0.18148389294522357	1.807785609660515
19.200000000000003	0.0	19.200000000000003	0.0	1.0095695735056076	-1.600791228421876	-0.821055622399393	0.1814858460676352	1.8078714719265379
18.133333333333333	0.0	18.133333333333333	0.0	0.9511840548404781	-1.6015348744144093	-0.8211222217273432	0.18148040522663111	1.808078620948037
17.06666666666667	0.0	17.06666666666667	0.0	0.8928092447210244	-1.60322408920881	-0.8211382545014263	0.18145728970094555	1.8079809219016838
16.0	0.0	16.0	0.0	0.8344447569375557	-1.6035573970603758	-0.8212718824149996	0.18145207422021975	1.8081728322757968
14.933333333333337	0.0	14.933333333333337	0.0	0.7760901900442883	-1.6041073941852222	-0.8211475157357191	0.18145290054124008	1.8081077675440271
13.866666666666674	0.0	13.866666666666674	0.0	0.7177451271261349	-1.6098979943411214	-0.8214288082887705	0.18140559634568634	1.8078196497939758
12.799999999999997	0.0	12.799999999999997	0.0	0.6594091357726295	-1.6130059486702266	-0.8215074912202135	0.1813895850344872	1.807752352922307
11.733333333333334	0.0	11.733333333333334	0.0	0.6010817682471681	-1.6115891729893732	-0.8215355002833707	0.1813939312684253	1.8082647148806807
10.666666666666671	0.0	10.666666666666671	0.0	0.5427625618397398	-1.6179088224956824	-0.821673892957114	0.1813511450098789	1.8081803442850721
9.599999999999994	0.0	9.599999999999994	0.0	0.4844510393913435	-1.6251759724633847	-0.8220464993486334	0.18128644514713094	1.8078421214331528
8.533333333333331	0.0	8.533333333333331	0.0	0.4261467099782665	-1.6309385742875688	-0.8221097719296192	0.18123025531774808	1.8080015262699831
7.466666666666669	0.0	7.466666666666669	0.0	0.36784906974439924	-1.6380930441161339	-0.8224019998218886	0.181166896885228	1.8077609917329736
6.400000000000006	0.0	6.400000000000006	0.0	0.30955760286978407	-1.6408546626233007	-0.8225055045782668	0.181154373292621	1.8086481171026747
5.333333333333329	0.0	5.333333333333329	0.0	0.25127178266356687	-1.6536130269829383	-0.8230280184806053	0.18104800324127626	1.8080609569947979
4.266666666666666	0.0	4.266666666666666	0.0	0.19299107276954444	-1.6680124756204	-0.8234189219804322	0.1809404205370054	1.80830910012406
3.200000000000003	0.0	3.200000000000003	0.0	0.13471492847247593	-1.676863060560458	-0.8237514035109784	0.18085257295424628	1.8086427943075316
2.13333333333334	0.0	2.13333333333334	0.0	0.07644279809335723	-1.6930433383111583	-0.8242190260883947	0.18072476148213998	1.808017870255879
1.0666666666666629	0.0	1.0666666666666629	0.0	0.018174124461827576	-1.7046747939650135	-0.8246273037925325	0.1806294555473141	1.8083335034227646
0.0	0.0	0.0	0.0	-0.0400916535461	-1.7187278853176533	-0.8249869573337726	0.1805236327995023	1.8081364848823447
-1.0666666666666629	0.0	-1.0666666666666629	0.0	-0.09835509941681445	-1.7244307452052114	-0.8252088191620115	0.18046128312251333	1.8087259200558885
-2.1333333333333258	0.0	-2.1333333333333258	0.0	-0.156616777366191	-1.736944604394363	-0.8255045991615237	0.18035700570232382	1.8082479845628812
-3.200000000000003	0.0	-3.200000000000003	0.0	-0.21487725067681432	-1.745184849312207	-0.8258361041308633	0.1802762408711676	1.8080177951357883
-4.266666666666666	0.0	-4.266666666666666	0.0	-0.27313708001714876	-1.7529215535168534	-0.8260340348438379	0.18022325974288989	1.8084496605490523
-5.333333333333329	0.0	-5.333333333333329	0.0	-0.331396821754486	-1.7662394659845586	-0.8264493952995786	0.18011088008412435	1.8075292784411419
-6.400000000000006	0.0	-6.400000000000006	0.0	-0.3896570262734731	-1.7681407126064885	-0.8264244983545506	0.18011245760607225	1.8082185052921935
-7.466666666666669	0.0	-7.466666666666669	0.0	-0.4479182363120456	-1.778087117265368	-0.8267503585854918	0.18002759336413976	1.8078614809541997
-8.533333333333331	0.0	-8.533333333333331	0.0	-0.506180985326591	-1.784111587732906	-0.8268649274583884	0.17998433492215318	1.807907207627806
-9.599999999999994	0.0	-9.599999999999994	0.0	-0.564445795898144	-1.7845334192480653	-0.8269626694305084	0.17996116573925836	1.8083147341310166
-10.666666666666671	0.0	-10.666666666666671	0.0	-0.6227131781914472	-1.7951183983525965	-0.8272333915133652	0.17989506005763164	1.8079475041918491
-11.733333333333334	0.0	-11.733333333333334	0.0	-0.6809836284786798	-1.7986863559354236	-0.8273811098100521	0.17984659686636106	1.8079030116340533
-12.799999999999997	0.0	-12.799999999999997	0.0	-0.7392576277396917	-1.8031232598255036	-0.827373061228685	0.1798093909575624	1.807984398888836
-13.86666666666666	0.0	-13.86666666666666	0.0	-0.7975356403505398	-1.809692232919675	-0.8276376234639361	0.1797654242404155	1.8080779448672024
-14.933333333333337	0.0	-14.933333333333337	0.0	-0.8558181128721578	-1.8181948186643107	-0.8278182014354837	0.17970265603719546	1.8079696538877712
-16.0	0.0	-16.0	0.0	-0.9141054729509707	-1.821651255103718	-0.8279730239466572	0.17967845663588566	1.8080016872416111
-17.066666666666663	0.0	-17.066666666666663	0.0	-0.9723981283432802	-1.8302397996973536	-0.8281516058700251	0.17960566526600355	1.8078647325810724
-18.133333333333326	0.0	-18.133333333333326	0.0	-1.0306964660752267	-1.832762987030106	-0.8282592958887149	0.17957591770927142	1.8079983926889716
-19.200000000000003	0.0	-19.200000000000003	0.0	-1.0890008517501555	-1.8407047368936567	-0.8284187436513137	0.17952243220322794	1.8077429521792707
-20.266666666666666	0.0	-20.266666666666666	0.0	-1.147311629015197	-1.8430325475965896	-0.8285446771211009	0.17948692186223741	1.8083838446163538
-21.33333333333333	0.0	-21.33333333333333	0.0	-1.2056291191988913	-1.8550030846177092	-0.8287722266135056	0.1794028946727671	1.8080660866239888
-22.400000000000006	0.0	-22.400000000000006	0.0	-1.263953621131659	-1.863721511851723	-0.8290597755971406	0.17932696972187248	1.807613209047636
-23.46666666666667	0.0	-23.46666666666667	0.0	-1.322285411160945	-1.8677089293010674	-0.8290486148976451	0.17930969210053838	1.8082262963189575
-24.53333333333333	0.0	-24.53333333333333	0.0	-1.3806247433728562	-1.8742563858543833	-0.8293039910186955	0.17924492784913945	1.8083752809257785
-25.599999999999994	0.0	-25.599999999999994	0.0	-1.438971850032102	-1.8836387566625146	-0.829500140312327	0.17916912094410498	1.8080390111962696
-26.66666666666667	0.0	-26.66666666666667	0.0	-1.497326942252062	-1.8919391083860049	-0.8297355237572627	0.1790961149453865	1.8081646012599193
-27.733333333333334	0.0	-27.733333333333334	0.0	-1.555690210906793	-1.9016062594657808	-0.8299077741299563	0.1790177861515239	1.8080419516113293
-28.799999999999997	0.0	-28.799999999999997	0.0	-1.614061827796803	-1.9125400318924264	-0.8302309085746744	0.17893724668064578	1.807954479629034
-29.86666666666666	0.0	-29.86666666666666	0.0	-1.6724419470803977	-1.9127547036546444	-0.8301836151105623	0.1789171466901122	1.8084759740443994
-30.933333333333337	0.0	-30.933333333333337	0.0	-1.7308307069824265	-1.9255381044680524	-0.8305507913925204	0.17882430898690557	1.8082353965816231
-32.0	0.0	-32.0	0.0	-1.7892282317922377	-1.927642068026009	-0.8305474646455555	0.17881531603865838	1.8085416397369116
-33.06666666666666	0.0	-33.06666666666666	0.0	-1.8476346341626735	-1.93189938123719	-0.8306919527782537	0.1787659514062747	1.8085609026749825
-34.133333333333326	0.0	-34.133333333333326	0.0	-1.9060500177219062	-1.9397280002410469	-0.8307688757532375	0.17870371977514585	1.8082889142819913
-35.2	0.0	-35.2	0.0	-1.9644744800099465	-1.9401635143445302	-0.8308767911322049	0.17868366271037955	1.8084218768461726
-36.266666666666666	0.0	-36.266666666666666	0.0	-2.0229081157516333	-1.945462399836121	-0.8309011729680253	0.1786557502301992	1.808060624320101
-37.33333333333333	0.0	-37.33333333333333	0.0	-2.0813510204779293	-1.9476236263676432	-0.8310001490559548	0.1786469826422301	1.807933961112269
-38.39999999999999	0.0	-38.39999999999999	0.0	-2.139803294507338	-1.9492660520756968	-0.830992068280262	0.17861937064242092	1.8082303957297332
-39.46666666666667	0.0	-39.46666666666667	0.0	-2.1982650472992535	-1.9481313094173835	-0.8310474317886246	0.17864112327499512	1.8083001393701366
-40.53333333333333	0.0	-40.53333333333333	0.0	-2.256736402191068	-1.947751512959841	-0.830976636466922	0.1786470470308811	1.8086834342777118
-41.599999999999994	0.0	-41.599999999999994	0.0	-2.315217501530861	-1.953882600301887	-0.8311388744043944	0.17860870358924924	1.808067889506214
-42.66666666666667	0.0	-42.66666666666667	0.0	-2.37370851221747	-1.9542761759307277	-0.8310949398815728	0.17858806702662455	1.8078799497655769
-43.733333333333334	0.0	-43.733333333333334	0.0	-2.432209631659771	-1.9526867098880687	-0.8310737238210897	0.17860859627483103	1.8080962634383937
-44.8	0.0	-44.8	0.0	-2.4907210941669966	-1.9518440663447207	-0.8310871488548095	0.17861248105677086	1.808169591380366
-45.86666666666666	0.0	-45.86666666666666	0.0	-2.549243177781886	-1.9543718252716902	-0.8311392178105328	0.17858019014832668	1.8082107893855237
-46.93333333333334	0.0	-46.93333333333334	0.0	-2.6077762115685053	-1.950587435970187	-0.8310408104890199	0.17862623876518724	1.8084134741272258
-48.0	0.0	-48.0	0.0	-2.666320583366545	-1.9527542213885736	-0.831142040179732	0.17858914017080685	1.8084540497087562
-49.06666666666666	0.0	-49.06666666666666	0.0	-2.724876748023921	-1.9551264066034424	-0.8311038899040529	0.17857694925289638	1.8082770023815689
-50.133333333333326	0.0	-50.133333333333326	0.0	-2.7834452361194826	-1.9479265105816423	-0.8309879581380442	0.17863050987903262	1.808387461112248
-51.19999999999999	0.0	-51.19999999999999	0.0	-2.842026663187659	-1.9542648757224876	-0.8311416860421518	0.17860872505213293	1.8083712029778867
-52.26666666666665	0.0	-52.26666666666665	0.0	-2.9006217394568647	-1.953970662513482	-0.8311853737418115	0.1785817354759493	1.8082033632277819
-53.33333333333334	0.0	-53.33333333333334	0.0	-2.9592312801134577	-1.9542237313745405	-0.8311108760726792	0.17860220033550483	1.8080683080324453
-54.400000000000006	0.0	-54.400000000000006	0.0	-3.0178562161030937	-1.954281541651639	-0.8311199548724614	0.17859292836977025	1.808258544301634
-55.46666666666667	0.0	-55.46666666666667	0.0	-3.076497605481298	-1.9540291488714152	-0.8311001768251823	0.17860319835959426	1.8083883625533608
-56.53333333333333	0.0	-56.53333333333333	0.0	-3.135156645325031	-1.951121024720487	-0.8311140311165752	0.17862186033692365	1.8085336233498708
-57.599999999999994	0.0	-57.599999999999994	0.0	-3.193834684217122	-1.9523077719458724	-0.8310602343987188	0.17860891821808564	1.808563564072556
-58.66666666666666	0.0	-58.66666666666666	0.0	-3.25253323531534	-1.9469966096848372	-0.8310218587627617	0.17864137009815706	1.808757266597452
-59.73333333333332	0.0	-59.73333333333332	0.0	-3.311253990017958	-1.955239183325555	-0.8311522135865794	0.17857179816082155	1.8084731516751997
-60.80000000000001	0.0	-60.80000000000001	0.0	-3.3699988322376004	-1.954512750565704	-0.831156624209169	0.1785846973538923	1.808172113269195
-61.866666666666674	0.0	-61.866666666666674	0.0	-3.4287698532951953	-1.9554155116461411	-0.831159253412415	0.1785851802687743	1.8082062285227483
-62.93333333333334	0.0	-62.93333333333334	0.0	-3.4875693674458788	-1.953624004748289	-0.8311518809118832	0.17859032062940725	1.8081302713775285
-64.0	0.0	-64.0	0.0	-3.546399928048623	-1.9517816415476397	-0.8310846698917489	0.1786063426720483	1.8086627762522047
-65.06666666666666	0.0	-65.06666666666666	0.0	-3.605264344391439	-1.9540669450095134	-0.8311537481827601	0.17859627657961877	1.8086552857058111
-66.13333333333333	0.0	-66.13333333333333	0.0	-3.6641656991839646	-1.9521823643167349	-0.8310852279267236	0.1786002901388603	1.808751010166869
-67.19999999999999	0.0	-67.19999999999999	0.0	-3.723107366729244	-1.951222705131756	-0.8310916775232586	0.17860656803232655	1.8086589129331474
-68.26666666666665	0.0	-68.26666666666665	0.0	-3.782093031786535	-1.9501153276500895	-0.8310213329221124	0.17861907016204992	1.8087436162034536
-69.33333333333334	0.0	-69.33333333333334	0.0	-3.8411267091369456	-1.9511183203971476	-0.8310951867047349	0.1785955468415748	1.8090798859329615
-70.4	0.0	-70.4	0.0	-3.9002127638637214	-1.9491261677315401	-0.8309651001669625	0.17861536781462106	1.8092055511167033
-71.46666666666667	0.0	-71.46666666666667	0.0	-3.959355932359017	-1.9507205058487866	-0.8310603524445793	0.17861509952857552	1.809116007966137
-72.53333333333333	0.0	-72.53333333333333	0.0	-4.018561344068946	-1.9522726157424628	-0.8310475712973681	0.17860462564135665	1.8088632395854491
-73.6	0.0	-73.6	0.0	-4.077834543988736	-1.9549565600737155	-0.8311604124081323	0.1785786770150298	1.8082161551064349
-74.66666666666666	0.0	-74.66666666666666	0.0	-4.137181515919814	-1.9501963929616166	-0.8310252713612608	0.17862014330623194	1.809001771767936
-75.73333333333332	0.0	-75.73333333333332	0.0	-4.19660870650064	-1.952139535132421	-0.8311294843928	0.17860097695113702	1.808638544656569
-76.80000000000001	0.0	-76.80000000000001	0.0	-4.256123050023082	-1.9554937760513524	-0.831115254500943	0.17859908821737627	1.8087847498199585
-77.86666666666667	0.0	-77.86666666666667	0.0	-4.315731994046186	-1.9529329535521285	-0.8310610929140645	0.17859465613190348	1.8088492028595449
-78.93333333333334	0.0	-78.93333333333334	0.0	-4.375443525819141	-1.953431461219109	-0.8311105112036572	0.1785973282609174	1.808882041071522
-80.0	0.0	-80.0	0.0	-4.435266199525242	-1.948634699890394	-0.8310378593425183	0.1786470470308811	1.8092054330708427
-80.0	0.0	-80.0	0.0	-4.380060909566294	-1.9535385932028226	-0.8224323268764789	0.1785924991120973	1.8090634775584147
-78.93333333333334	0.0	-78.93333333333334	0.0	-4.318197730509417	-1.9519770611032277	-0.831050930238659	0.17862250422343304	1.8089451848752054
-77.86666666666666	0.0	-77.86666666666666	0.0	-4.256627645195748	-1.9494046593782772	-0.8310075000936031	0.1786249295292848	1.8092599380638597
-76.8	0.0	-76.8	0.0	-4.195328882143961	-1.953612200162283	-0.8311167676342399	0.17860367054303444	1.8086053308441281
-75.73333333333333	0.0	-75.73333333333333	0.0	-4.1342809326230165	-1.9533418107541243	-0.8310707512117048	0.1785899986861526	1.8085867547183339
-74.66666666666667	0.0	-74.66666666666667	0.0	-4.073464498932334	-1.9484246533796008	-0.831051048284519	0.17864544804604954	1.8088161500187312
-73.6	0.0	-73.6	0.0	-4.012861444010001	-1.9541699883138934	-0.8310961954602664	0.178594505891718	1.80864956584732
-72.53333333333333	0.0	-72.53333333333333	0.0	-3.9524547423527756	-1.9492869461929263	-0.8310668771612069	0.17863054207335805	1.8090173430900196
-71.46666666666667	0.0	-71.46666666666667	0.0	-3.8922284322315646	-1.9522260520163952	-0.8310376232507983	0.17861383321844038	1.8087845137282383
-70.4	0.0	-70.4	0.0	-3.832167569186148	-1.9529249371650863	-0.8311063688671141	0.178600129167233	1.8087134608519317
-69.33333333333333	0.0	-69.33333333333333	0.0	-3.7722581807828357	-1.9546133149070253	-0.8311100175573336	0.1785789989582845	1.8084805992958248
-68.26666666666667	0.0	-68.26666666666667	0.0	-3.712487222618799	-1.9526814944073418	-0.8311006490086226	0.17860650364367564	1.8085805197506355
-67.2	0.0	-67.2	0.0	-3.652842535556789	-1.9485650850272922	-0.8309726336391218	0.17863252739009522	1.8094644900764396
-66.13333333333333	0.0	-66.13333333333333	0.0	-3.5933128041739804	-1.954212828229649	-0.8311719487080917	0.17858447199361394	1.8081984374959854
-65.06666666666666	0.0	-65.06666666666666	0.0	-3.533887516408651	-1.9555511034135697	-0.8311720774853935	0.17860104133978805	1.808324102679727
-64.0	0.0	-64.0	0.0	-3.474556924388418	-1.951086372894842	-0.8310810963216214	0.17860754459353237	1.8087030835476903
-62.93333333333334	0.0	-62.93333333333334	0.0	-3.4153120064237723	-1.9533088008390789	-0.8310934696740433	0.17860332713689608	1.8085611065723781
-61.86666666666667	0.0	-61.86666666666667	0.0	-3.356144430150613	-1.9522950015301035	-0.8311257176567203	0.1785912113390784	1.8084426958433084
-60.8	0.0	-60.8	0.0	-3.2970465168055205	-1.9520311261071306	-0.831076857402102	0.17861597950680497	1.808875849029589
-59.733333333333334	0.0	-59.733333333333334	0.0	-3.2380112066174873	-1.95719904508272	-0.8312287502296581	0.17855604440422618	1.8081108689307137
-58.66666666666667	0.0	-58.66666666666667	0.0	-3.179032025299821	-1.9507885431899412	-0.831031678032029	0.17861710630819622	1.8083768477162852
-57.6	0.0	-57.6	0.0	-3.1201030516259602	-1.9527387681123491	-0.8311355905831961	0.17859574000752765	1.8084473103632916
-56.53333333333333	0.0	-56.53333333333333	0.0	-3.061218886072913	-1.950694954285808	-0.8310329014163972	0.17861856578428423	1.8088483765385257
-55.46666666666667	0.0	-55.46666666666667	0.0	-3.002374620516045	-1.9524900562166705	-0.8311195685405554	0.17859576147041115	1.8085604090286589
-54.4	0.0	-54.4	0.0	-2.943565808958942	-1.9516371748778252	-0.8310551369638532	0.17861964965990812	1.8085479605561456
-53.33333333333333	0.0	-53.33333333333333	0.0	-2.884788439282071	-1.953068523856671	-0.8311489726911491	0.17859542879571472	1.8084408714981983
-52.266666666666666	0.0	-52.266666666666666	0.0	-2.826038905993961	-1.950863706208467	-0.8310352408707139	0.17861509952857552	1.8087615806370645
-51.2	0.0	-51.2	0.0	-2.7673139839686236	-1.9562695412492608	-0.8312017177277071	0.17856425395722042	1.8081598364997498
-50.13333333333333	0.0	-50.13333333333333	0.0	-2.7086108031529483	-1.9511681786758546	-0.8310255503787485	0.17861337176644201	1.808674881318581
-49.06666666666666	0.0	-49.06666666666666	0.0	-2.649926824227785	-1.9556021528823189	-0.8312084463417295	0.17858817434104285	1.8082472333619524
-48.0	0.0	-48.0	0.0	-2.591259815206436	-1.9543742613089847	-0.8311253420562558	0.17859134011638048	1.8080996867683354
-46.93333333333334	0.0	-46.93333333333334	0.0	-2.532607828954294	-1.9527886478539398	-0.83116128165492	0.17859767166705562	1.8081222227961615
-45.86666666666667	0.0	-45.86666666666667	0.0	-2.473969181613334	-1.9492437950653558	-0.8310184890900287	0.17862750507532238	1.8087058522596804
-44.8	0.0	-44.8	0.0	-2.415342431915193	-1.9560259160570057	-0.8311825942983792	0.17857644487513066	1.808268739171365
-43.733333333333334	0.0	-43.733333333333334	0.0	-2.356726361366558	-1.9546734753698807	-0.8311635889149117	0.1785972638722665	1.8079207829017108
-42.666666666666664	0.0	-42.666666666666664	0.0	-2.29811995529058	-1.9526855294294674	-0.8311307614343765	0.17860688997558116	1.807932791385111
-41.6	0.0	-41.6	0.0	-2.2395223847080508	-1.947884496986907	-0.8309413300233256	0.17865133960761015	1.8090701417837871
-40.53333333333333	0.0	-40.53333333333333	0.0	-2.180932989042046	-1.952599377414516	-0.8311175724923767	0.1786065680323265	1.8086066293485885
-39.46666666666667	0.0	-39.46666666666667	0.0	-2.122351259629783	-1.9537534366681109	-0.8310779949349352	0.1785897625944326	1.808201313522394
-38.4	0.0	-38.4	0.0	-2.0637768240253935	-1.9554693083639978	-0.831182368938101	0.17858381737566276	1.8077884642240403
-37.333333333333336	0.0	-37.333333333333336	0.0	-2.0052094310773465	-1.9504186733160858	-0.8310581739618891	0.17862920064313023	1.8085207241567993
-36.266666666666666	0.0	-36.266666666666666	0.0	-1.946648936764245	-1.949316060594591	-0.8310725111681642	0.17861911308781714	1.8085103897783243
-35.2	0.0	-35.2	0.0	-1.8880952907727155	-1.9504418317675394	-0.8310319785124	0.17862095889581053	1.808234505871951
-34.13333333333333	0.0	-34.13333333333333	0.0	-1.8295485238011158	-1.953051696955893	-0.831140172908855	0.17858683291081504	1.8080332698748947
-33.06666666666667	0.0	-33.06666666666667	0.0	-1.771008735572786	-1.9540171296565745	-0.8310765247274052	0.17858482613119428	1.8076923426996354
-32.0	0.0	-32.0	0.0	-1.7124760835425616	-1.9510395408827288	-0.8310934160168338	0.17860618170042092	1.808167294851816
-30.933333333333337	0.0	-30.933333333333337	0.0	-1.6539507722802793	-1.9503021942465457	-0.8309854362492156	0.17860710460441773	1.8081777365447094
-29.866666666666667	0.0	-29.866666666666667	0.0	-1.5954330435149888	-1.9522366761437986	-0.8311151579179665	0.1786077592223689	1.8078281061701325
-28.799999999999997	0.0	-28.799999999999997	0.0	-1.536923166823607	-1.9516760870858736	-0.8310659649886518	0.17861459515080985	1.8081268909733543
-27.733333333333334	0.0	-27.733333333333334	0.0	-1.478421430947724	-1.9536601589757894	-0.8311492624400784	0.17860141694025178	1.8076566499241338
-26.666666666666664	0.0	-26.666666666666664	0.0	-1.4199281357222944	-1.9520018721967214	-0.8310568325316607	0.17862585243328166	1.8079461734930635
-25.6	0.0	-25.6	0.0	-1.3614435845999364	-1.949394646943056	-0.8310604382961136	0.17863384735743942	1.8082071621581866
-24.53333333333333	0.0	-24.53333333333333	0.0	-1.302968077754553	-1.9506311773270566	-0.8310292849205028	0.178633868820323	1.808052071360968
-23.46666666666667	0.0	-23.46666666666667	0.0	-1.2445019057480127	-1.9482480138472023	-0.8310049996676585	0.17864300127731408	1.808164300779549
-22.4	0.0	-22.4	0.0	-1.1860453437435996	-1.9486766598279204	-0.8309788256810529	0.1786512322931919	1.8081967848539449
-21.333333333333336	0.0	-21.333333333333336	0.0	-1.1275986462499692	-1.9519536880229393	-0.8310916345974918	0.17860114865420623	1.8075077404374043
-20.266666666666666	0.0	-20.266666666666666	0.0	-1.0691620423793182	-1.9463042921785396	-0.8309209295524204	0.1786580252958656	1.8080345469164714
-19.200000000000003	0.0	-19.200000000000003	0.0	-1.010735731603509	-1.9490061150918718	-0.8310270742434868	0.17862805237885532	1.807626279943776
-18.133333333333333	0.0	-18.133333333333333	0.0	-0.9523198799918556	-1.9483111791137702	-0.8309877327777663	0.17864724019683387	1.8077550894399719
-17.06666666666667	0.0	-17.06666666666667	0.0	-0.8939146169143085	-1.9425946902950968	-0.8309207578493516	0.17868254664043007	1.8082069367979081
-16.0	0.0	-16.0	0.0	-0.8355200321937496	-1.9454101699087714	-0.8308818885670703	0.17866365930282227	1.8081212033091887
-14.933333333333337	0.0	-14.933333333333337	0.0	-0.7771361736911329	-1.9421200171604036	-0.830871500531386	0.1786840705051688	1.8084083981552426
-13.866666666666674	0.0	-13.866666666666674	0.0	-0.7187630453071814	-1.9390005694571073	-0.8307804549789636	0.1787144404855268	1.8085747784292598
-12.799999999999997	0.0	-12.799999999999997	0.0	-0.6604006053843748	-1.9387516000068235	-0.8307903064425569	0.17871664043110017	1.8085466835145683
-11.733333333333334	0.0	-11.733333333333334	0.0	-0.6020487654929477	-1.937967367701318	-0.8307298454993288	0.17872530070465092	1.8085155086760742
-10.666666666666671	0.0	-10.666666666666671	0.0	-0.5437073895846136	-1.9353344621073703	-0.8307532507739432	0.1787380067317689	1.808392021975022
-9.599999999999994	0.0	-9.599999999999994	0.0	-0.4853762934977529	-1.9387707663619194	-0.8308002652205684	0.17871710188309856	1.8082590379479575
-8.533333333333331	0.0	-8.533333333333331	0.0	-0.4270552447977797	-1.9365808761492889	-0.8307955326547244	0.17872425975479442	1.8076855604284041
-7.466666666666669	0.0	-7.466666666666669	0.0	-0.36874396293640566	-1.9294133998132346	-0.830543182800268	0.1788017836905201	1.808533773590056
-6.400000000000006	0.0	-6.400000000000006	0.0	-0.31044211971353775	-1.9332227289855333	-0.8307039290673276	0.17876840890645213	1.8078061925659303
-5.333333333333329	0.0	-5.333333333333329	0.0	-0.2521493400255208	-1.9300408994109233	-0.8305887055764788	0.1788005173803851	1.80769089395499
-4.266666666666666	0.0	-4.266666666666666	0.0	-0.1938652028834597	-1.9206212690367837	-0.8303982439470129	0.1788613324611933	1.8083019744466902
-3.200000000000003	0.0	-3.200000000000003	0.0	-0.1355892426853284	-1.9255842711307722	-0.8304521157849623	0.17883328047226915	1.807594031961099
-2.13333333333334	0.0	-2.13333333333334	0.0	-0.07732095072560852	-1.915707095003089	-0.8303005019748937	0.1789099351612075	1.8078324094783034
-1.0666666666666629	0.0	-1.0666666666666629	0.0	-0.01905977692616606	-1.9093873489138047	-0.8301454541034419	0.1789449196615489	1.808040921392914
0.0	0.0	0.0	0.0	0.0391948682279	-1.9047848910707288	-0.8300257556013532	0.1789844864875486	1.8080297070362092
1.0666666666666629	0.0	1.0666666666666629	0.0	0.0974436115637267	-1.898245225544175	-0.8298662649129865	0.1790608728904413	1.8079968044355823
2.1333333333333258	0.0	2.1333333333333258	0.0	0.1556871149237345	-1.8925410778835978	-0.8297710233668117	0.17910159871215775	1.8080526293959431
3.200000000000003	0.0	3.200000000000003	0.0	0.2139260727125422	-1.8898887805742772	-0.8296358715884986	0.17912705369216073	1.8078696797757525
4.266666666666666	0.0	4.266666666666666	0.0	0.27216120930401666	-1.8805625674012043	-0.8294787632802167	0.17919617490893958	1.8081807842741882
5.333333333333329	0.0	5.333333333333329	0.0	0.33039327632474647	-1.880447461956216	-0.8293648168309455	0.17919578857703403	1.8077989381112585
6.400000000000006	0.0	6.400000000000006	0.0	0.38862304983020113	-1.870327647928925	-0.8291869968399458	0.17928073867050112	1.807936933721655
7.466666666666669	0.0	7.466666666666669	0.0	0.44685132738985966	-1.8622087434237682	-0.8289376517892001	0.17933922502843394	1.8083838338849116
8.533333333333331	0.0	8.533333333333331	0.0	0.5050789250975919	-1.855953589882814	-0.8288267852637315	0.1793919807964335	1.8080181600048095
9.599999999999994	0.0	9.599999999999994	0.0	0.5633066745235548	-1.84961724225303	-0.8286779723599785	0.17944143128035148	1.8080919923245482
10.666666666666671	0.0	10.666666666666671	0.0	0.621535419623892	-1.8419101246334881	-0.8285524144906549	0.17951045591415415	1.8079333172257597
11.733333333333334	0.0	11.733333333333334	0.0	0.6797660136245051	-1.8375092998508153	-0.8283576066272516	0.1795543153168827	1.8078820102024067
12.799999999999997	0.0	12.799999999999997	0.0	0.7379993158951843	-1.8251302919596049	-0.8279403359748656	0.17964336482112608	1.808107391943563
13.86666666666666	0.0	13.86666666666666	0.0	0.7962361888303604	-1.825451237190191	-0.8280200920504907	0.1796468847340438	1.8077161665004824
14.933333333333337	0.0	14.933333333333337	0.0	0.8544774947527677	-1.8140442511049393	-0.8278008808883821	0.17974181506840597	1.8078330855591382
16.0	0.0	16.0	0.0	0.9127240928562825	-1.8062360862291964	-0.8275298905194794	0.1798171819843255	1.8079583751424146
17.066666666666663	0.0	17.066666666666663	0.0	0.9709768362042303	-1.8038929402958985	-0.8274769201226434	0.17981938192989907	1.8072837537836843
18.133333333333326	0.0	18.133333333333326	0.0	1.0292365687994187	-1.7921447480179	-0.8271232439944985	0.17991790729727175	1.8075551734102595
19.200000000000003	0.0	19.200000000000003	0.0	1.0875041227421884	-1.7815864365462992	-0.8268755408543516	0.17999562439895037	1.807723914601477
20.266666666666666	0.0	20.266666666666666	0.0	1.1457803154927464	-1.7724736717510756	-0.8266330961206968	0.1800746829308569	1.8076876959853265
21.33333333333333	0.0	21.33333333333333	0.0	1.2040659472540736	-1.7681257100508196	-0.82653654533862	0.18011409951667112	1.8079333601515273
22.400000000000006	0.0	22.400000000000006	0.0	1.2623617984916657	-1.760975125004193	-0.8262383507646966	0.1801619080899903	1.807768911537039
23.46666666666667	0.0	23.46666666666667	0.0	1.3206686276063948	-1.755513883529269	-0.8261490973630583	0.18023046054035266	1.807682319532973
24.53333333333333	0.0	24.53333333333333	0.0	1.3789871687767694	-1.7487969882410177	-0.8258979601615282	0.18026194659065994	1.8078095300443378
25.599999999999994	0.0	25.599999999999994	0.0	1.4373181299868607	-1.740870155081601	-0.8257031308352402	0.1803253479489475	1.807866610583391
26.66666666666667	0.0	26.66666666666667	0.0	1.4956621912561816	-1.7370174494214554	-0.8255620123752743	0.180371514611668	1.807907787125665
27.733333333333334	0.0	27.733333333333334	0.0	1.5540200030877847	-1.7341850463240271	-0.825528058093348	0.18038845955830576	1.8075324334850378
28.799999999999997	0.0	28.799999999999997	0.0	1.6123921851508696	-1.7244405322801528	-0.8252159984965902	0.18046570447654425	1.8078439779725877
29.86666666666666	0.0	29.86666666666666	0.0	1.670779325214162	-1.7191311407070182	-0.8249883631526513	0.18049004338659774	1.8077547567652754
30.933333333333337	0.0	30.933333333333337	0.0	1.7291819783463485	-1.7152636471200393	-0.8248912972613662	0.18054434448221968	1.8076327402717534
32.0	0.0	32.0	0.0	1.7876006663998416	-1.7076206176710622	-0.8247121573030229	0.18059029651610362	1.807567096042124
33.06666666666666	0.0	33.06666666666666	0.0	1.8460358777941588	-1.7006029522628494	-0.8244079423902381	0.18067364762473923	1.8074982967686015
34.133333333333326	0.0	34.133333333333326	0.0	1.9044880676151767	-1.6905109112069965	-0.8241813158018294	0.1807498515931211	1.8080748327490748
35.2	0.0	35.2	0.0	1.9629576580465535	-1.6863950276675947	-0.8240283390986498	0.1807803610822225	1.8078124597279548
36.266666666666666	0.0	36.266666666666666	0.0	2.021445039149582	-1.6787994848486811	-0.8238278757654055	0.18084150883772715	1.807678102076338
37.33333333333333	0.0	37.33333333333333	0.0	2.079950570007767	-1.6730882758993852	-0.8234929474661241	0.18088776135198217	1.807629671079391
38.39999999999999	0.0	38.39999999999999	0.0	2.1384745802523812	-1.662972572014312	-0.8232963689148187	0.18097673573613293	1.8076185533056637
39.46666666666667	0.0	39.46666666666667	0.0	2.1970173719853	-1.6545058936740134	-0.8229436693478809	0.18103837713796136	1.8075558387596524
40.53333333333333	0.0	40.53333333333333	0.0	2.2555792221153697	-1.6461148612671221	-0.8227289010026859	0.18110839979585336	1.8076348436343503
41.599999999999994	0.0	41.599999999999994	0.0	2.3141603851246044	-1.6386346707163588	-0.8224026329769556	0.1811873080875744	1.8079945401013575
42.66666666666667	0.0	42.66666666666667	0.0	2.3727610962804784	-1.6298514255737384	-0.8221098899754793	0.18125583907505308	1.8080126977009217
43.733333333333334	0.0	43.733333333333334	0.0	2.4313815753105863	-1.6257759995700076	-0.8219262428115702	0.18127322401080548	1.8075866594605667
44.8	0.0	44.8	0.0	2.490022030555963	-1.6176872611478137	-0.821739891324323	0.1813383209369009	1.8079133996697376
45.86666666666666	0.0	45.86666666666666	0.0	2.548682663619322	-1.6195139779062864	-0.8217080618678767	0.18133333081645348	1.8074450902800439
46.93333333333334	0.0	46.93333333333334	0.0	2.607363674524507	-1.612264803103637	-0.8215102062749948	0.18138074232642537	1.8075555168163988
48.0	0.0	48.0	0.0	2.6660652674034075	-1.6047897314506232	-0.821235749650384	0.1814420510535574	1.808081153568307
49.06666666666666	0.0	49.06666666666666	0.0	2.724787656726653	-1.6048099172926917	-0.821271506814536	0.18145112985333942	1.807734871403578
50.133333333333326	0.0	50.133333333333326	0.0	2.783531074094322	-1.6085086804198925	-0.8213237045475613	0.1814204915869359	1.8076139065913543
51.19999999999999	0.0	51.19999999999999	0.0	2.8422957756029708	-1.6016103271818647	-0.8211817490351327	0.18147483560832522	1.8078532928640896
52.26666666666665	0.0	52.26666666666665	0.0	2.901082049805243	-1.600264336091274	-0.8210371428565745	0.1815036066038515	1.8080837505772283
53.33333333333334	0.0	53.33333333333334	0.0	2.9598902262783517	-1.5995313893462366	-0.8211123809951921	0.1814868762860501	1.8078108500116823
54.400000000000006	0.0	54.400000000000006	0.0	3.0187206848176857	-1.5994909318105668	-0.8210626300309025	0.18149735017326893	1.8079818555371236
55.46666666666667	0.0	55.46666666666667	0.0	3.0775738652718507	-1.5993329542554977	-0.8210461250733799	0.18149647019503948	1.8077560123439687
56.53333333333333	0.0	56.53333333333333	0.0	3.13645027803539	-1.598243788030604	-0.8209721532448977	0.1815168277401768	1.8079091929445432
57.599999999999994	0.0	57.599999999999994	0.0	3.195350515215478	-1.5945248390613338	-0.8209413540068664	0.18152778454227764	1.8082107679226391
58.66666666666666	0.0	58.66666666666666	0.0	3.2542752624888656	-1.5978384400100836	-0.8209962882575558	0.1815132327071662	1.8077129470679347
59.73333333333332	0.0	59.73333333333332	0.0	3.3132253116653385	-1.5965497011616159	-0.8209908581479936	0.18151582971608726	1.8077320919601456
60.80000000000001	0.0	60.80000000000001	0.0	3.372201573973985	-1.596311677781992	-0.8208899396690947	0.1815323024792849	1.8080719459912233
61.866666666666674	0.0	61.866666666666674	0.0	3.431205094088528	-1.5961309388388178	-0.8209397335591513	0.18151442389720868	1.8080045739994604
62.93333333333334	0.0	62.93333333333334	0.0	3.490237064908026	-1.5953098976878601	-0.8208124479276943	0.18152679724962997	1.8078201112459737
64.0	0.0	64.0	0.0	3.549298843109189	-1.5900800797558394	-0.820656573735222	0.18156420705582327	1.808380571526597
65.06666666666666	0.0	65.06666666666666	0.0	3.6083919654866037	-1.5943942803401212	-0.8208297362804702	0.18154453632296252	1.8078552781808268
66.13333333333333	0.0	66.13333333333333	0.0	3.667518166097146	-1.5932182216307913	-0.8208860763500389	0.18154407487096416	1.807830112949752
67.19999999999999	0.0	67.19999999999999	0.0	3.7266793942248477	-1.5907611077853385	-0.8206965698188948	0.18157533556099317	1.8084717136619957
68.26666666666665	0.0	68.26666666666665	0.0	3.7858778331825	-1.5902273366005268	-0.8207421999095241	0.18156708308223163	1.808236909714919
69.33333333333334	0.0	69.33333333333334	0.0	3.845115919966272	-1.5903473248515458	-0.8206857847198631	0.18156440022177617	1.80843811351765
70.4	0.0	70.4	0.0	3.9043963657796077	-1.5883952755840287	-0.8206586449034942	0.18159518872836486	1.808418990088322
71.46666666666667	0.0	71.46666666666667	0.0	3.9637221774427083	-1.5900129438557977	-0.8206794746320711	0.18157318927262867	1.8086125423730326
72.53333333333333	0.0	72.53333333333333	0.0	4.023096679703835	-1.5913806231903103	-0.8207804360367374	0.18155638383473474	1.8084295712899583
73.6	0.0	73.6	0.0	4.082523538468745	-1.5871448587143098	-0.820571988510777	0.18158675381509234	1.8085187603029462
74.66666666666666	0.0	74.66666666666666	0.0	4.142006784964515	-1.5921609599824356	-0.820840349676433	0.18156066568002197	1.8084084625438956
75.73333333333332	0.0	75.73333333333332	0.0	4.201550840854042	-1.5923459271136877	-0.8207522981962794	0.1815574569789169	1.8082362014397595
76.80000000000001	0.0	76.80000000000001	0.0	4.261160544317486	-1.5869633363758815	-0.8205846730750114	0.18159762476565852	1.8085561915720227
77.86666666666667	0.0	77.86666666666667	0.0	4.320841177116942	-1.5894853217871514	-0.820655124990576	0.18158148467715754	1.808633254055751
78.93333333333334	0.0	78.93333333333334	0.0	4.380598492660622	-1.5919033087957188	-0.820865525638949	0.18155728527584777	1.808662883566624
80.0	0.0	80.0	0.0	4.440438745082791	-1.591435922310022	-0.8207658090815338	0.18156657870446602	1.8083060953203491
