Hysterese	V-MOKE
Charge	2020_0446
Sample	1
Sample State	bFC
User	Meike Reginka
Sample Angle	150.0
Magnetic Field Angle	0.0
Detektor Averages	300
Hysteresus Points	150
Magnetic Field [kA/m]	80
Hysteresis Averages	100
Polarization	p-polarization
Measurement Method	Scan Both Angles
Max Voltage Correction	No
Training Effect Elimination	No
Magnetic field [kA/m]	Magnetic field transversal [kA/m]	Magnetic field longitudinal [kA/m]	Magnetic field transversal [V]	Magnetic field longitudinal [V]	Detector diff transversal [V]	Detector diff longitudinal [V]	Detector raw transversal [V]	Detector raw longitudinal [V]
80.0	0.0	80.0	0.0	4.381030188287403	-10.564406957477331	-0.8465526911172471	0.07855439550587713	0.9919258563693769
78.93333333333334	0.0	78.93333333333334	0.0	4.319818714176459	-10.564406957477331	-0.847258959497913	0.07858572058455711	0.9919826578909436
77.86666666666666	0.0	77.86666666666666	0.0	4.258793669369702	-10.564406957477331	-0.8472691758305284	0.07851325115792956	0.9916717680213449
76.8	0.0	76.8	0.0	4.197942654193435	-10.564406957477331	-0.8472692187562955	0.07853455306994732	0.9919311898959623
75.73333333333333	0.0	75.73333333333333	0.0	4.137253993604595	-10.564406957477331	-0.8472691329047606	0.0785071986247417	0.9913989962331005
74.66666666666667	0.0	74.66666666666667	0.0	4.0767167056162315	-10.564406957477331	-0.8472602794652572	0.07851609499001251	0.991571407577421
73.6	0.0	73.6	0.0	4.0163204706037074	-10.564406957477331	-0.8472615135810665	0.07852080609297266	0.9915840814102129
72.53333333333333	0.0	72.53333333333333	0.0	3.9560556014798554	-10.564406957477331	-0.8472545703382076	0.078539650504813	0.9917037691808601
71.46666666666667	0.0	71.46666666666667	0.0	3.89591301472721	-10.564406957477331	-0.8472697767912699	0.07855702470912364	0.9917371546963689
70.4	0.0	70.4	0.0	3.8358842022755653	-10.564406957477331	-0.8472557937225758	0.07848826836136674	0.9914535226890006
69.33333333333333	0.0	69.33333333333333	0.0	3.775961204212982	-10.564406957477331	-0.8472640676642209	0.0784959628051534	0.9913892520839249
68.26666666666667	0.0	68.26666666666667	0.0	3.716136582318465	-10.564406957477331	-0.8472554932422041	0.07852295238133715	0.9917989356069415
67.2	0.0	67.2	0.0	3.6564033944044745	-10.564406957477331	-0.8472499236238982	0.07851402382174076	0.9914910290781697
66.13333333333333	0.0	66.13333333333333	0.0	3.596755169457454	-10.564406957477331	-0.8472672227081165	0.0785332652969286	0.9917804560641238
65.06666666666666	0.0	65.06666666666666	0.0	3.5371858835645753	-10.564406957477331	-0.8472443003483838	0.07851621303587258	0.9916973517786496
64.0	0.0	64.0	0.0	3.4776899366148504	-10.564406957477331	-0.8472522201524485	0.07856470842146862	0.9918963556358068
62.93333333333334	0.0	62.93333333333334	0.0	3.4182621297628257	-10.564406957477331	-0.8472557293339246	0.07853644180370804	0.9917289666062584
61.86666666666667	0.0	61.86666666666667	0.0	3.3588976436430196	-10.564406957477331	-0.847251318711336	0.07854200069057214	0.991713813810406
60.8	0.0	60.8	0.0	3.2995920173232944	-10.564406957477331	-0.8472616316269268	0.07854629326730113	0.9918959907667849
59.733333333333334	0.0	59.733333333333334	0.0	3.2403411279853396	-10.564406957477331	-0.84727413375665	0.07855601595359231	0.9919837524980093
58.66666666666667	0.0	58.66666666666667	0.0	3.181141171320454	-10.564406957477331	-0.8472562337116899	0.07854288066880152	0.991593085089902
57.6	0.0	57.6	0.0	3.121988642628807	-10.564406957477331	-0.8472636276751058	0.07853822322305057	0.9916739679669182
56.53333333333333	0.0	56.53333333333333	0.0	3.062880318610361	-10.564406957477331	-0.8472657846949125	0.0785118453390508	0.9916210190329663
55.46666666666667	0.0	55.46666666666667	0.0	3.003813239835633	-10.564406957477331	-0.8472532718337473	0.07850189729248137	0.9915088969288043
54.4	0.0	54.4	0.0	2.9447846938844906	-10.564406957477331	-0.8472652266599375	0.07845041856605872	0.9910870654136447
53.33333333333333	0.0	53.33333333333333	0.0	2.885792199141142	-10.564406957477331	-0.8472641964415228	0.07851622376731437	0.991459843508234
52.266666666666666	0.0	52.266666666666666	0.0	2.8268334892335334	-10.564406957477331	-0.8472646042363121	0.07855091851872664	0.9916841199108828
51.2	0.0	51.2	0.0	2.7679064981053	-10.564406957477331	-0.847271611867822	0.07854707666255412	0.9918800975014456
50.13333333333333	0.0	50.13333333333333	0.0	2.7090093457084867	-10.564406957477331	-0.847246639802701	0.07851224240239824	0.9917081583405651
49.06666666666666	0.0	49.06666666666666	0.0	2.6501403243051973	-10.564406957477331	-0.8472496338749693	0.07852407918272855	0.991550631506053
48.0	0.0	48.0	0.0	2.591297885366365	-10.564406957477331	-0.8472582834170781	0.07854298798321983	0.991733913800939
46.93333333333334	0.0	46.93333333333334	0.0	2.532480627055822	-10.564406957477331	-0.8472787375451917	0.07852715910653155	0.9919951170948991
45.86666666666667	0.0	45.86666666666667	0.0	2.4736872822878553	-10.564406957477331	-0.8472591848581907	0.07855130485063226	0.9916616160773806
44.8	0.0	44.8	0.0	2.4149167073464275	-10.564406957477331	-0.8472746810601832	0.0785373647077048	0.9916903441471399
43.733333333333334	0.0	43.733333333333334	0.0	2.356167871054244	-10.564406957477331	-0.8472581653712177	0.07850319579694184	0.9916929733503861
42.666666666666664	0.0	42.666666666666664	0.0	2.2974398444798476	-10.564406957477331	-0.8472583370742874	0.07850924833012979	0.9914271126106746
41.6	0.0	41.6	0.0	2.2387317911709355	-10.564406957477331	-0.8472502777614789	0.07851473209690112	0.9915511358838177
40.53333333333333	0.0	40.53333333333333	0.0	2.1800429579020566	-10.564406957477331	-0.8472617496727867	0.07851304726053494	0.9914084399019041
39.46666666666667	0.0	39.46666666666667	0.0	2.1213726659248966	-10.564406957477331	-0.8472494836347839	0.07850954881050085	0.991513146579766
38.4	0.0	38.4	0.0	2.0627203027093186	-10.564406957477331	-0.8472658383521215	0.07849453552339108	0.9913875457846747
37.333333333333336	0.0	37.333333333333336	0.0	2.0040853141633432	-10.564406957477331	-0.8472631662231072	0.07849712180087029	0.9916523763059719
36.266666666666666	0.0	36.266666666666666	0.0	1.9454671973202513	-10.564406957477331	-0.8472629837885964	0.07850602889758299	0.9917435720985798
35.2	0.0	35.2	0.0	1.8868654934810003	-10.564406957477331	-0.8472616208954845	0.07854559572358272	0.9916911275423926
34.13333333333333	0.0	34.13333333333333	0.0	1.8282797818001153	-10.564406957477331	-0.8472506426305003	0.07845897152519124	0.991577739128096
33.06666666666667	0.0	33.06666666666667	0.0	1.7697096733032631	-10.564406957477331	-0.8472449656977762	0.07848908395094525	0.991443928780011
32.0	0.0	32.0	0.0	1.7111548053246695	-10.564406957477331	-0.8472496016806436	0.07846780350181116	0.9910928711236707
30.933333333333337	0.0	30.933333333333337	0.0	1.652614836352576	-10.564406957477331	-0.8472438174335011	0.07848348213831391	0.9911164159070297
29.866666666666667	0.0	29.866666666666667	0.0	1.5940894412709112	-10.564406957477331	-0.8472660959067251	0.07851069707477577	0.9914122388323089
28.799999999999997	0.0	28.799999999999997	0.0	1.5355783069853621	-10.564406957477331	-0.8472627584283178	0.07852955221805798	0.9917045311132294
27.733333333333334	0.0	27.733333333333334	0.0	1.4770811284220267	-10.564406957477331	-0.8472751854379486	0.07850153242345936	0.9916326841102269
26.666666666666664	0.0	26.666666666666664	0.0	1.4185976048868278	-10.564406957477331	-0.8472621038103669	0.07853652765524258	0.9918856241939845
25.6	0.0	25.6	0.0	1.360127436773878	-10.564406957477331	-0.8472778897612876	0.07850101731425196	0.9919310718501028
24.53333333333333	0.0	24.53333333333333	0.0	1.3016703226109647	-10.564406957477331	-0.8472644325332425	0.07853224580995538	0.9917928723423121
23.46666666666667	0.0	23.46666666666667	0.0	1.243225956430354	-10.564406957477331	-0.8472567380894551	0.07853063609368205	0.9918343279020725
22.4	0.0	22.4	0.0	1.1847940254530787	-10.564406957477331	-0.8472511792025919	0.07847073318542878	0.9918112874964798
21.333333333333336	0.0	21.333333333333336	0.0	1.1263742080749082	-10.564406957477331	-0.8472577468449878	0.07852930539489611	0.9917174732320668
20.266666666666666	0.0	20.266666666666666	0.0	1.0679661721421683	-10.564406957477331	-0.847252123569472	0.07849165949698261	0.991735308888376
19.200000000000003	0.0	19.200000000000003	0.0	1.0095695735056076	-10.564406957477331	-0.8472615457753921	0.07848939516275813	0.9917026638423515
18.133333333333333	0.0	18.133333333333333	0.0	0.9511840548404781	-10.564406957477331	-0.8472605584827447	0.07843402092295385	0.9914850087393077
17.06666666666667	0.0	17.06666666666667	0.0	0.8928092447210244	-10.564406957477331	-0.8472508787222207	0.078468415193995	0.9915826863227758
16.0	0.0	16.0	0.0	0.8344447569375557	-10.564406957477331	-0.8472566951636886	0.0784506224634533	0.9916314929201843
14.933333333333337	0.0	14.933333333333337	0.0	0.7760901900442883	-10.564406957477331	-0.8472607945744646	0.07849615597110629	0.9922644977475288
13.866666666666674	0.0	13.866666666666674	0.0	0.7177451271261349	-10.564406957477331	-0.8472696480139686	0.07847469308746127	0.9920587652763492
12.799999999999997	0.0	12.799999999999997	0.0	0.6594091357726295	-10.564406957477331	-0.8472595068014468	0.0784528116775851	0.9917723752884313
11.733333333333334	0.0	11.733333333333334	0.0	0.6010817682471681	-10.564406957477331	-0.8472510718881735	0.0784285800819498	0.9916867276512454
10.666666666666671	0.0	10.666666666666671	0.0	0.5427625618397398	-10.564406957477331	-0.8472698197170375	0.07840110759088421	0.9916486095698918
9.599999999999994	0.0	9.599999999999994	0.0	0.4844510393913435	-10.564406957477331	-0.8472677700116494	0.07846906981194623	0.9926301930905145
8.533333333333331	0.0	8.533333333333331	0.0	0.4261467099782665	-10.564406957477331	-0.8472520591808212	0.07841784864012731	0.9924625787006888
7.466666666666669	0.0	7.466666666666669	0.0	0.36784906974439924	-10.564406957477331	-0.8472586160917744	0.07831515947332761	0.9920042388204487
6.400000000000006	0.0	6.400000000000006	0.0	0.30955760286978407	-10.564406957477331	-0.84725552543653	0.07832438851329504	0.9922670196363564
5.333333333333329	0.0	5.333333333333329	0.0	0.25127178266356687	-10.564406957477331	-0.8472599897163274	0.07823013425976778	0.9919579219175422
4.266666666666666	0.0	4.266666666666666	0.0	0.19299107276954444	-10.564406957477331	-0.8472510504252898	0.07824532998138851	0.9918645369108029
3.200000000000003	0.0	3.200000000000003	0.0	0.13471492847247593	-10.564406957477331	-0.8472719767368434	0.07821752481562629	0.9919736971370212
2.13333333333334	0.0	2.13333333333334	0.0	0.07644279809335723	-10.564406957477331	-0.847271966005402	0.07817478148284718	0.9920607720559699
1.0666666666666629	0.0	1.0666666666666629	0.0	0.018174124461827576	-10.564406957477331	-0.8472464466367481	0.07815966088131926	0.9921036656289338
0.0	0.0	0.0	0.0	-0.0400916535461	-10.564406957477331	-0.8472627476968766	0.0781040827441204	0.9920755385199174
-1.0666666666666629	0.0	-1.0666666666666629	0.0	-0.09835509941681445	-10.564406957477331	-0.8472569634497341	0.07810471589918792	0.9921639226747679
-2.1333333333333258	0.0	-2.1333333333333258	0.0	-0.156616777366191	-10.564406957477331	-0.8472662783412354	0.07805251816616318	0.9922805734473787
-3.200000000000003	0.0	-3.200000000000003	0.0	-0.21487725067681432	-10.564406957477331	-0.8472584229258219	0.07800210185248098	0.9918083470814198
-4.266666666666666	0.0	-4.266666666666666	0.0	-0.27313708001714876	-10.564406957477331	-0.8472585624345652	0.07799407473399772	0.9921263089711795
-5.333333333333329	0.0	-5.333333333333329	0.0	-0.331396821754486	-10.564406957477331	-0.8472637779152913	0.07795873609607615	0.9918874056133262
-6.400000000000006	0.0	-6.400000000000006	0.0	-0.3896570262734731	-10.564406957477331	-0.8472742303396269	0.0778984253930335	0.9915840599473299
-7.466666666666669	0.0	-7.466666666666669	0.0	-0.4479182363120456	-10.564406957477331	-0.8472645613105442	0.07789017291427201	0.991614998694104
-8.533333333333331	0.0	-8.533333333333331	0.0	-0.506180985326591	-10.564406957477331	-0.847270860666894	0.07788033218212076	0.991487519896694
-9.599999999999994	0.0	-9.599999999999994	0.0	-0.564445795898144	-10.564406957477331	-0.847258122445451	0.07782786616305046	0.9914403981356514
-10.666666666666671	0.0	-10.666666666666671	0.0	-0.6227131781914472	-10.564406957477331	-0.8472728781779573	0.07783488452600244	0.9913675423771182
-11.733333333333334	0.0	-11.733333333333334	0.0	-0.6809836284786798	-10.564406957477331	-0.8472784048704957	0.0778416238714669	0.9916315895031612
-12.799999999999997	0.0	-12.799999999999997	0.0	-0.7392576277396917	-10.564406957477331	-0.8472681778064387	0.07779616548390675	0.9916293466318209
-13.86666666666666	0.0	-13.86666666666666	0.0	-0.7975356403505398	-10.564406957477331	-0.8472553215391353	0.07777825470750495	0.9914990883909789
-14.933333333333337	0.0	-14.933333333333337	0.0	-0.8558181128721578	-10.564406957477331	-0.847280830176347	0.07778732277584498	0.9918222335671386
-16.0	0.0	-16.0	0.0	-0.9141054729509707	-10.564406957477331	-0.8472644110703585	0.07772342777123362	0.9914737621882774
-17.066666666666663	0.0	-17.066666666666663	0.0	-0.9723981283432802	-10.564406957477331	-0.8472626511139001	0.07771064662402294	0.9914897949623602
-18.133333333333326	0.0	-18.133333333333326	0.0	-1.0306964660752267	-10.564406957477331	-0.8472518445519845	0.07772144245449648	0.9916299583240047
-19.200000000000003	0.0	-19.200000000000003	0.0	-1.0890008517501555	-10.564406957477331	-0.847259099006657	0.07765505775538235	0.9914679242839264
-20.266666666666666	0.0	-20.266666666666666	0.0	-1.147311629015197	-10.564406957477331	-0.8472517479690083	0.0776940128891981	0.9914249019336601
-21.33333333333333	0.0	-21.33333333333333	0.0	-1.2056291191988913	-10.564406957477331	-0.8472646578935209	0.0776748465341031	0.9915961006250542
-22.400000000000006	0.0	-22.400000000000006	0.0	-1.263953621131659	-10.564406957477331	-0.8472455130013095	0.07763125541741993	0.991530413469659
-23.46666666666667	0.0	-23.46666666666667	0.0	-1.322285411160945	-10.564406957477331	-0.8472650120311012	0.07761729381160887	0.9916170805938174
-24.53333333333333	0.0	-24.53333333333333	0.0	-1.3806247433728562	-10.564406957477331	-0.8472494407090169	0.0775921500434187	0.9913509837623863
-25.599999999999994	0.0	-25.599999999999994	0.0	-1.438971850032102	-10.564406957477331	-0.8472474446608377	0.07755478316299268	0.9914840214466598
-26.66666666666667	0.0	-26.66666666666667	0.0	-1.497326942252062	-10.564406957477331	-0.8472606550657207	0.07751653630433726	0.9913518208148487
-27.733333333333334	0.0	-27.733333333333334	0.0	-1.555690210906793	-10.564406957477331	-0.8472659456665396	0.07750224202382962	0.9913734124757948
-28.799999999999997	0.0	-28.799999999999997	0.0	-1.614061827796803	-10.564406957477331	-0.8472639603498022	0.07749045890070842	0.9912722686366179
-29.86666666666666	0.0	-29.86666666666666	0.0	-1.6724419470803977	-10.564406957477331	-0.8472762263878053	0.07744025721586269	0.9915178254884011
-30.933333333333337	0.0	-30.933333333333337	0.0	-1.7308307069824265	-10.564406957477331	-0.8472649261795665	0.07743045940947872	0.9914815424835988
-32.0	0.0	-32.0	0.0	-1.7892282317922377	-10.564406957477331	-0.8472744020426956	0.0774399567354917	0.9918081109897001
-33.06666666666666	0.0	-33.06666666666666	0.0	-1.8476346341626735	-10.564406957477331	-0.847246886625863	0.07742485759684736	0.991617423999956
-34.133333333333326	0.0	-34.133333333333326	0.0	-1.9060500177219062	-10.564406957477331	-0.8472673300225351	0.07744138401725403	0.9918790136258212
-35.2	0.0	-35.2	0.0	-1.9644744800099465	-10.564406957477331	-0.8472538942573722	0.07737438762595607	0.9916784537096001
-36.266666666666666	0.0	-36.266666666666666	0.0	-2.0229081157516333	-10.564406957477331	-0.84726182479288	0.0773519052553378	0.9916110173291873
-37.33333333333333	0.0	-37.33333333333333	0.0	-2.0813510204779293	-10.564406957477331	-0.847267533919929	0.07736604929565986	0.9916250218607658
-38.39999999999999	0.0	-38.39999999999999	0.0	-2.139803294507338	-10.564406957477331	-0.8472595819215384	0.07741791435398819	0.9917976371024809
-39.46666666666667	0.0	-39.46666666666667	0.0	-2.1982650472992535	-10.564406957477331	-0.8472606336028372	0.07738240401299744	0.9918477851301181
-40.53333333333333	0.0	-40.53333333333333	0.0	-2.256736402191068	-10.564406957477331	-0.847252982084818	0.07736032943716857	0.9913493740461129
-41.599999999999994	0.0	-41.599999999999994	0.0	-2.315217501530861	-10.564406957477331	-0.8472790916827719	0.07733560419520942	0.9915597532316012
-42.66666666666667	0.0	-42.66666666666667	0.0	-2.37370851221747	-10.564406957477331	-0.8472533684167236	0.07733332912954306	0.9915120412412582
-43.733333333333334	0.0	-43.733333333333334	0.0	-2.432209631659771	-10.564406957477331	-0.8472713113874508	0.07734364204513458	0.991707310556661
-44.8	0.0	-44.8	0.0	-2.4907210941669966	-10.564406957477331	-0.8472520269864957	0.07734678635758853	0.9919948917346215
-45.86666666666666	0.0	-45.86666666666666	0.0	-2.549243177781886	-10.564406957477331	-0.8472627691597596	0.07734033676105319	0.9917977336854572
-46.93333333333334	0.0	-46.93333333333334	0.0	-2.6077762115685053	-10.564406957477331	-0.8472723523373079	0.07733971433742746	0.9917701109542064
-48.0	0.0	-48.0	0.0	-2.666320583366545	-10.564406957477331	-0.8472621038103669	0.07734362058225092	0.9914640395019864
-49.06666666666666	0.0	-49.06666666666666	0.0	-2.724876748023921	-10.564406957477331	-0.847261202369254	0.07731556859332683	0.9914375435721264
-50.133333333333326	0.0	-50.133333333333326	0.0	-2.7834452361194826	-10.564406957477331	-0.8472440535252217	0.07736593124979987	0.9916692997897256
-51.19999999999999	0.0	-51.19999999999999	0.0	-2.842026663187659	-10.564406957477331	-0.8472706031122903	0.0772832132962319	0.9911431908543764
-52.26666666666665	0.0	-52.26666666666665	0.0	-2.9006217394568647	-10.564406957477331	-0.8472743054597188	0.07731954995824299	0.9913930832086555
-53.33333333333334	0.0	-53.33333333333334	0.0	-2.9592312801134577	-10.564406957477331	-0.847246135424935	0.07734647514577568	0.9916485451812413
-54.400000000000006	0.0	-54.400000000000006	0.0	-3.0178562161030937	-10.564406957477331	-0.847264625699195	0.07732853217504845	0.9915978391186294
-55.46666666666667	0.0	-55.46666666666667	0.0	-3.076497605481298	-10.564406957477331	-0.8472792097286321	0.07735658416397251	0.9918486114511381
-56.53333333333333	0.0	-56.53333333333333	0.0	-3.135156645325031	-10.564406957477331	-0.847269862642805	0.07732899362704679	0.9916305378218625
-57.599999999999994	0.0	-57.599999999999994	0.0	-3.193834684217122	-10.564406957477331	-0.8472731357325606	0.07734369570234363	0.9915587874018371
-58.66666666666666	0.0	-58.66666666666666	0.0	-3.25253323531534	-10.564406957477331	-0.8472648295965898	0.07734446836615481	0.9915434736343564
-59.73333333333332	0.0	-59.73333333333332	0.0	-3.311253990017958	-10.564406957477331	-0.8472519625978445	0.07733272816880105	0.9918267836984712
-60.80000000000001	0.0	-60.80000000000001	0.0	-3.3699988322376004	-10.564406957477331	-0.8472724381888423	0.07735754999373651	0.9917672671221236
-61.866666666666674	0.0	-61.866666666666674	0.0	-3.4287698532951953	-10.564406957477331	-0.8472701523917343	0.07734008993789131	0.9915979571644898
-62.93333333333334	0.0	-62.93333333333334	0.0	-3.4875693674458788	-10.564406957477331	-0.8472662568783522	0.07729173406103901	0.9914344421854393
-64.0	0.0	-64.0	0.0	-3.546399928048623	-10.564406957477331	-0.8472516299231484	0.07735001652157708	0.9916067998725515
-65.06666666666666	0.0	-65.06666666666666	0.0	-3.605264344391439	-10.564406957477331	-0.8472763015078985	0.07732929410741782	0.9917446988999707
-66.13333333333333	0.0	-66.13333333333333	0.0	-3.6641656991839646	-10.564406957477331	-0.8472574570960576	0.0773177470760168	0.9917966927356012
-67.19999999999999	0.0	-67.19999999999999	0.0	-3.723107366729244	-10.564406957477331	-0.8472672334395582	0.0773090546081406	0.9916106095343981
-68.26666666666665	0.0	-68.26666666666665	0.0	-3.782093031786535	-10.564406957477331	-0.8472573927074066	0.0773030020749526	0.9914295593794107
-69.33333333333334	0.0	-69.33333333333334	0.0	-3.8411267091369456	-10.564406957477331	-0.8472595282643293	0.0773366988022753	0.9915783400888383
-70.4	0.0	-70.4	0.0	-3.9002127638637214	-10.564406957477331	-0.8472536474342109	0.0773357115096277	0.9918844437353836
-71.46666666666667	0.0	-71.46666666666667	0.0	-3.959355932359017	-10.564406957477331	-0.8472653983630066	0.07734343814773988	0.9917059905893173
-72.53333333333333	0.0	-72.53333333333333	0.0	-4.018561344068946	-10.564406957477331	-0.8472630589086892	0.07732954093057974	0.9917938703664015
-73.6	0.0	-73.6	0.0	-4.077834543988736	-10.564406957477331	-0.8472644432646842	0.07735741048499283	0.9920551487804551
-74.66666666666666	0.0	-74.66666666666666	0.0	-4.137181515919814	-10.564406957477331	-0.8472468329686537	0.07737948506082178	0.9920914317852563
-75.73333333333332	0.0	-75.73333333333332	0.0	-4.19660870650064	-10.564406957477331	-0.8472705387236397	0.07734773072446899	0.9917664622639865
-76.80000000000001	0.0	-76.80000000000001	0.0	-4.256123050023082	-10.564406957477331	-0.8472575000218252	0.0773333183981012	0.9917593365866167
-77.86666666666667	0.0	-77.86666666666667	0.0	-4.315731994046186	-10.564406957477331	-0.8472494621719002	0.07732407862669208	0.9917832784333226
-78.93333333333334	0.0	-78.93333333333334	0.0	-4.375443525819141	-10.564406957477331	-0.8472721699027964	0.07734333083332166	0.9918313338298038
-80.0	0.0	-80.0	0.0	-4.435266199525242	-10.564406957477331	-0.8472547205783933	0.0773482136393509	0.9915630263213571
-80.0	0.0	-80.0	0.0	-4.380060909566294	-10.564406957477331	-0.8465708487168111	0.07735207695840705	0.9918663505244711
-78.93333333333334	0.0	-78.93333333333334	0.0	-4.318197730509417	-10.564406957477331	-0.8472723416058657	0.07734150648821182	0.991741962382306
-77.86666666666666	0.0	-77.86666666666666	0.0	-4.256627645195748	-10.564406957477331	-0.8472680919549039	0.07732318791702081	0.9915984078850459
-76.8	0.0	-76.8	0.0	-4.195328882143961	-10.564406957477331	-0.8472689397388079	0.0773119306345489	0.9915513612440965
-75.73333333333333	0.0	-75.73333333333333	0.0	-4.1342809326230165	-10.564406957477331	-0.8472500202068748	0.07732121333172551	0.9919569346248949
-74.66666666666667	0.0	-74.66666666666667	0.0	-4.073464498932334	-10.564406957477331	-0.8472732967041879	0.07736439665361929	0.992096657997424
-73.6	0.0	-73.6	0.0	-4.012861444010001	-10.564406957477331	-0.8472758829816672	0.07735533931672108	0.9918597077619831
-72.53333333333333	0.0	-72.53333333333333	0.0	-3.9524547423527756	-10.564406957477331	-0.8472600326420953	0.07727580860137438	0.9914458497080973
-71.46666666666667	0.0	-71.46666666666667	0.0	-3.8922284322315646	-10.564406957477331	-0.8472520806437049	0.07734232207779038	0.9916089354294741
-70.4	0.0	-70.4	0.0	-3.832167569186148	-10.564406957477331	-0.8472525528271444	0.07734326644467077	0.9916124768052755
-69.33333333333333	0.0	-69.33333333333333	0.0	-3.7722581807828357	-10.564406957477331	-0.8472617925985546	0.07736322692646061	0.9920104630567055
-68.26666666666667	0.0	-68.26666666666667	0.0	-3.712487222618799	-10.564406957477331	-0.8472578219650796	0.07733611930441692	0.9918458749334736
-67.2	0.0	-67.2	0.0	-3.652842535556789	-10.564406957477331	-0.8472638530353845	0.07735994310526292	0.991775219120514
-66.13333333333333	0.0	-66.13333333333333	0.0	-3.5933128041739804	-10.564406957477331	-0.8472522416153319	0.07732942288471965	0.9917460295987572
-65.06666666666666	0.0	-65.06666666666666	0.0	-3.533887516408651	-10.564406957477331	-0.8472547527727184	0.07734159233974641	0.9914759406709672
-64.0	0.0	-64.0	0.0	-3.474556924388418	-10.564406957477331	-0.8472719445425184	0.07733741780887746	0.9917770112712984
-62.93333333333334	0.0	-62.93333333333334	0.0	-3.4153120064237723	-10.564406957477331	-0.847265087151194	0.07735850509205877	0.9918179624532931
-61.86666666666667	0.0	-61.86666666666667	0.0	-3.356144430150613	-10.564406957477331	-0.847260204345164	0.07730488007727156	0.9913358416979747
-60.8	0.0	-60.8	0.0	-3.2970465168055205	-10.564406957477331	-0.8472522630782159	0.0773249049477124	0.9917944391328183
-59.733333333333334	0.0	-59.733333333333334	0.0	-3.2380112066174873	-10.564406957477331	-0.8472594209499118	0.07728344938795204	0.9911514755274634
-58.66666666666667	0.0	-58.66666666666667	0.0	-3.179032025299821	-10.564406957477331	-0.8472636920637571	0.07732275865934789	0.9913952831542285
-57.6	0.0	-57.6	0.0	-3.1201030516259602	-10.564406957477331	-0.8472696480139688	0.07730082359226272	0.9915580040065848
-56.53333333333333	0.0	-56.53333333333333	0.0	-3.061218886072913	-10.564406957477331	-0.8472707318895921	0.07733037798304188	0.9913706866895725
-55.46666666666667	0.0	-55.46666666666667	0.0	-3.002374620516045	-10.564406957477331	-0.8472488934054831	0.07730916192255875	0.9910862068982986
-54.4	0.0	-54.4	0.0	-2.943565808958942	-10.564406957477331	-0.8472560298142959	0.07731041750125195	0.9916000927214127
-53.33333333333333	0.0	-53.33333333333333	0.0	-2.884788439282071	-10.564406957477331	-0.8472668578390945	0.07729310768559229	0.9911482668263583
-52.266666666666666	0.0	-52.266666666666666	0.0	-2.826038905993961	-10.564406957477331	-0.8472795424033285	0.07727498228035405	0.991191031622021
-51.2	0.0	-51.2	0.0	-2.7673139839686236	-10.564406957477331	-0.8472578326965216	0.07732120260028366	0.9916361825602616
-50.13333333333333	0.0	-50.13333333333333	0.0	-2.7086108031529483	-10.564406957477331	-0.8472621574675763	0.07732109528586542	0.9913882969856032
-49.06666666666666	0.0	-49.06666666666666	0.0	-2.649926824227785	-10.564406957477331	-0.8472445257086619	0.0773194748381502	0.9913292525926952
-48.0	0.0	-48.0	0.0	-2.591259815206436	-10.564406957477331	-0.8472446759488474	0.07726777075144929	0.9912540359169613
-46.93333333333334	0.0	-46.93333333333334	0.0	-2.532607828954294	-10.564406957477331	-0.847244997892102	0.07729610175786072	0.99120297571677
-45.86666666666667	0.0	-45.86666666666667	0.0	-2.473969181613334	-10.564406957477331	-0.8472657417691448	0.07732822096323556	0.9916852467122742
-44.8	0.0	-44.8	0.0	-2.415342431915193	-10.564406957477331	-0.847258079519684	0.0773261176006383	0.9916982746826463
-43.733333333333334	0.0	-43.733333333333334	0.0	-2.356726361366558	-10.564406957477331	-0.8472594638756783	0.07729355840614875	0.9909204705107918
-42.666666666666664	0.0	-42.666666666666664	0.0	-2.29811995529058	-10.564406957477331	-0.8472643037559403	0.07735008091022802	0.9917927113706843
-41.6	0.0	-41.6	0.0	-2.2395223847080508	-10.564406957477331	-0.8472503958073383	0.07737096429601467	0.991875397129928
-40.53333333333333	0.0	-40.53333333333333	0.0	-2.180932989042046	-10.564406957477331	-0.8472643788760333	0.07731203794896724	0.9915872471855508
-39.46666666666667	0.0	-39.46666666666667	0.0	-2.122351259629783	-10.564406957477331	-0.8472441071824306	0.07731855193415349	0.9913159026790688
-38.4	0.0	-38.4	0.0	-2.0637768240253935	-10.564406957477331	-0.8472699163000137	0.07735962116200834	0.9916773161767674
-37.333333333333336	0.0	-37.333333333333336	0.0	-2.0052094310773465	-10.564406957477331	-0.8472578648908464	0.0773531715654729	0.9915586693559773
-36.266666666666666	0.0	-36.266666666666666	0.0	-1.946648936764245	-10.564406957477331	-0.8472551498360663	0.07736537321482516	0.9920120727729789
-35.2	0.0	-35.2	0.0	-1.8880952907727155	-10.564406957477331	-0.8472629086685036	0.07729132626624971	0.9911750632365898
-34.13333333333333	0.0	-34.13333333333333	0.0	-1.8295485238011158	-10.564406957477331	-0.8472494943662255	0.07730239038276873	0.9913066199818923
-33.06666666666667	0.0	-33.06666666666667	0.0	-1.771008735572786	-10.564406957477331	-0.8472652588542624	0.07733760024338839	0.9913583991886855
-32.0	0.0	-32.0	0.0	-1.7124760835425616	-10.564406957477331	-0.847259818013259	0.0773455844361044	0.9915883954498252
-30.933333333333337	0.0	-30.933333333333337	0.0	-1.6539507722802793	-10.564406957477331	-0.8472739620535809	0.0773401435951003	0.9918029813605088
-29.866666666666667	0.0	-29.866666666666667	0.0	-1.5954330435149888	-10.564406957477331	-0.847255461047879	0.07729248526196654	0.9912200923664767
-28.799999999999997	0.0	-28.799999999999997	0.0	-1.536923166823607	-10.564406957477331	-0.8472602472709315	0.0773684316757445	0.9916498651485846
-27.733333333333334	0.0	-27.733333333333334	0.0	-1.478421430947724	-10.564406957477331	-0.8472588199891693	0.07734739804977234	0.9915221287965718
-26.666666666666664	0.0	-26.666666666666664	0.0	-1.4199281357222944	-10.564406957477331	-0.8472662890726775	0.07737242377210257	0.9915850794343022
-25.6	0.0	-25.6	0.0	-1.3614435845999364	-10.564406957477331	-0.8472531323250034	0.07735933141307905	0.9915433877828225
-24.53333333333333	0.0	-24.53333333333333	0.0	-1.302968077754553	-10.564406957477331	-0.8472629730571546	0.07730477276285329	0.9913237259001568
-23.46666666666667	0.0	-23.46666666666667	0.0	-1.2445019057480127	-10.564406957477331	-0.8472723094115402	0.0773440605713656	0.9916569479001878
-22.4	0.0	-22.4	0.0	-1.1860453437435996	-10.564406957477331	-0.8472737474247447	0.07734598149945181	0.9914001981545841
-21.333333333333336	0.0	-21.333333333333336	0.0	-1.1275986462499692	-10.564406957477331	-0.8472674266055116	0.0773698911518324	0.9916609829223135
-20.266666666666666	0.0	-20.266666666666666	0.0	-1.0691620423793182	-10.564406957477331	-0.8472641105899877	0.07736921507099759	0.9915895651769843
-19.200000000000003	0.0	-19.200000000000003	0.0	-1.010735731603509	-10.564406957477331	-0.8472465646826083	0.07736828143555907	0.991606241837577
-18.133333333333333	0.0	-18.133333333333333	0.0	-0.9523198799918556	-10.564406957477331	-0.847259603384423	0.07741207644963674	0.9918466154029596
-17.06666666666667	0.0	-17.06666666666667	0.0	-0.8939146169143085	-10.564406957477331	-0.8472467578485605	0.07735719585615641	0.9914274882111385
-16.0	0.0	-16.0	0.0	-0.8355200321937496	-10.564406957477331	-0.8472727172063295	0.07741437297818672	0.9919493689584102
-14.933333333333337	0.0	-14.933333333333337	0.0	-0.7771361736911329	-10.564406957477331	-0.8472591419324238	0.07736880727620836	0.9915837380040752
-13.866666666666674	0.0	-13.866666666666674	0.0	-0.7187630453071814	-10.564406957477331	-0.8472700880030826	0.07744074013074469	0.9920098191701966
-12.799999999999997	0.0	-12.799999999999997	0.0	-0.6604006053843748	-10.564406957477331	-0.8472640032755696	0.0774018064598126	0.9917214224026576
-11.733333333333334	0.0	-11.733333333333334	0.0	-0.6020487654929477	-10.564406957477331	-0.8472664178499799	0.07738357374015611	0.9916200102774348
-10.666666666666671	0.0	-10.666666666666671	0.0	-0.5437073895846136	-10.564406957477331	-0.8472590453494476	0.07740305130706403	0.9916796234367586
-9.599999999999994	0.0	-9.599999999999994	0.0	-0.4853762934977529	-10.564406957477331	-0.8472596355787476	0.07744394883184962	0.9917511592279482
-8.533333333333331	0.0	-8.533333333333331	0.0	-0.4270552447977797	-10.564406957477331	-0.8472527245302143	0.07747915869246941	0.9920144980788309
-7.466666666666669	0.0	-7.466666666666669	0.0	-0.36874396293640566	-10.564406957477331	-0.8472556327509478	0.07741484516162696	0.9916426536196803
-6.400000000000006	0.0	-6.400000000000006	0.0	-0.31044211971353775	-10.564406957477331	-0.8472500953269672	0.07750168398885485	0.9920995769495999
-5.333333333333329	0.0	-5.333333333333329	0.0	-0.2521493400255208	-10.564406957477331	-0.8472629730571548	0.07749739141212585	0.9921297966897717
-4.266666666666666	0.0	-4.266666666666666	0.0	-0.1938652028834597	-10.564406957477331	-0.8472646042363116	0.077499977689605	0.9919130859536079
-3.200000000000003	0.0	-3.200000000000003	0.0	-0.1355892426853284	-10.564406957477331	-0.8472545059495568	0.07751801724330872	0.9919206623515352
-2.13333333333334	0.0	-2.13333333333334	0.0	-0.07732095072560852	-10.564406957477331	-0.8472600111792116	0.0775459297234891	0.991962332540131
-1.0666666666666629	0.0	-1.0666666666666629	0.0	-0.01905977692616606	-10.564406957477331	-0.8472465217568405	0.0775438585552173	0.9920654187702792
0.0	0.0	0.0	0.0	0.0391948682279	-10.564406957477331	-0.8472588199891692	0.07759154908267658	0.99215687211749
1.0666666666666629	0.0	1.0666666666666629	0.0	0.0974436115637267	-10.564406957477331	-0.847247605632465	0.07762669455464541	0.9923223616818353
2.1333333333333258	0.0	2.1333333333333258	0.0	0.1556871149237345	-10.564406957477331	-0.8472593136354931	0.07763726502484057	0.9922453313924332
3.200000000000003	0.0	3.200000000000003	0.0	0.2139260727125422	-10.564406957477331	-0.8472567917466651	0.07761507240315156	0.9918394897255898
4.266666666666666	0.0	4.266666666666666	0.0	0.27216120930401666	-10.564406957477331	-0.8472746703287409	0.07762279904126385	0.9919473085215799
5.333333333333329	0.0	5.333333333333329	0.0	0.33039327632474647	-10.564406957477331	-0.8472495587548766	0.07765677478607395	0.9918566707639471
6.400000000000006	0.0	6.400000000000006	0.0	0.38862304983020113	-10.564406957477331	-0.8472668256447689	0.0777281710685192	0.9921653284936467
7.466666666666669	0.0	7.466666666666669	0.0	0.44685132738985966	-10.564406957477331	-0.8472660100551905	0.07775374409438231	0.9922675884027735
8.533333333333331	0.0	8.533333333333331	0.0	0.5050789250975919	-10.564406957477331	-0.8472574249017322	0.07775216657243433	0.992148115260963
9.599999999999994	0.0	9.599999999999994	0.0	0.5633066745235548	-10.564406957477331	-0.8472650227625429	0.07775355092842952	0.9921261587309944
10.666666666666671	0.0	10.666666666666671	0.0	0.621535419623892	-10.564406957477331	-0.8472712469987996	0.07779231289629242	0.9921702756883266
11.733333333333334	0.0	11.733333333333334	0.0	0.6797660136245051	-10.564406957477331	-0.847264733013613	0.0778443174633644	0.9923414529168375
12.799999999999997	0.0	12.799999999999997	0.0	0.7379993158951843	-10.564406957477331	-0.84725417327486	0.07786288285771735	0.9919428120474568
13.86666666666666	0.0	13.86666666666666	0.0	0.7962361888303604	-10.564406957477331	-0.847266342729887	0.07783515281204789	0.991591529030837
14.933333333333337	0.0	14.933333333333337	0.0	0.8544774947527677	-10.564406957477331	-0.8472527889188651	0.07792295746903986	0.992039845744416
16.0	0.0	16.0	0.0	0.9127240928562825	-10.564406957477331	-0.8472592277839588	0.07793132799366136	0.9920724907904394
17.066666666666663	0.0	17.066666666666663	0.0	0.9709768362042303	-10.564406957477331	-0.847257006375501	0.07789075241213048	0.9914785698742147
18.133333333333326	0.0	18.133333333333326	0.0	1.0292365687994187	-10.564406957477331	-0.8472839208315925	0.07793021192371183	0.991736618124278
19.200000000000003	0.0	19.200000000000003	0.0	1.0875041227421884	-10.564406957477331	-0.8472596999673986	0.07794058922795426	0.9914894837505476
20.266666666666666	0.0	20.266666666666666	0.0	1.1457803154927464	-10.564406957477331	-0.8472442144968488	0.07795862878165788	0.9912485306873065
21.33333333333333	0.0	21.33333333333333	0.0	1.2040659472540736	-10.564406957477331	-0.8472560834715044	0.07800861583766727	0.9915075876929023
22.400000000000006	0.0	22.400000000000006	0.0	1.2623617984916657	-10.564406957477331	-0.8472596033844227	0.0780333303481844	0.9915602468779247
23.46666666666667	0.0	23.46666666666667	0.0	1.3206686276063948	-10.564406957477331	-0.847262822816969	0.07806587881123224	0.9917671705391469
24.53333333333333	0.0	24.53333333333333	0.0	1.3789871687767694	-10.564406957477331	-0.8472693904593643	0.07805400983657645	0.9919743195606473
25.599999999999994	0.0	25.599999999999994	0.0	1.4373181299868607	-10.564406957477331	-0.8472533362223974	0.07806274523022011	0.9916933704137335
26.66666666666667	0.0	26.66666666666667	0.0	1.4956621912561816	-10.564406957477331	-0.8472802077527216	0.07808252327749896	0.9919574497341023
27.733333333333334	0.0	27.733333333333334	0.0	1.5540200030877847	-10.564406957477331	-0.8472688753501569	0.0780792394563012	0.991361328872303
28.799999999999997	0.0	28.799999999999997	0.0	1.6123921851508696	-10.564406957477331	-0.8472581975655435	0.0781090192073587	0.9913161602336722
29.86666666666666	0.0	29.86666666666666	0.0	1.670779325214162	-10.564406957477331	-0.8472601506879549	0.07813201668718445	0.9915785010604652
30.933333333333337	0.0	30.933333333333337	0.0	1.7291819783463485	-10.564406957477331	-0.847265001299659	0.0781663680324583	0.9915248760456784
32.0	0.0	32.0	0.0	1.7876006663998416	-10.564406957477331	-0.8472455666585189	0.07814707290006138	0.9910587558701173
33.06666666666666	0.0	33.06666666666666	0.0	1.8460358777941588	-10.564406957477331	-0.8472577790393128	0.07818405344858183	0.9912988182236869
34.133333333333326	0.0	34.133333333333326	0.0	1.9044880676151767	-10.564406957477331	-0.847249097302878	0.07822578802582963	0.9915716973263491
35.2	0.0	35.2	0.0	1.9629576580465535	-10.564406957477331	-0.8472547420412766	0.0782195315952471	0.9912222171919577
36.266666666666666	0.0	36.266666666666666	0.0	2.021445039149582	-10.564406957477331	-0.8472675983085804	0.07823350393249998	0.9910936008617148
37.33333333333333	0.0	37.33333333333333	0.0	2.079950570007767	-10.564406957477331	-0.8472565663863868	0.07830794794442282	0.9915932138672043
38.39999999999999	0.0	38.39999999999999	0.0	2.1384745802523812	-10.564406957477331	-0.8472651730027284	0.07829846134985173	0.9911349598384979
39.46666666666667	0.0	39.46666666666667	0.0	2.1970173719853	-10.564406957477331	-0.8472640676642205	0.07829392194996082	0.9911473224594782
40.53333333333333	0.0	40.53333333333333	0.0	2.2555792221153697	-10.564406957477331	-0.8472555683622974	0.07834180564337294	0.9911894648315155
41.599999999999994	0.0	41.599999999999994	0.0	2.3141603851246044	-10.564406957477331	-0.8472471656433498	0.0783496395959034	0.991063338195775
42.66666666666667	0.0	42.66666666666667	0.0	2.3727610962804784	-10.564406957477331	-0.8472537547486289	0.0784090059320656	0.9911656624935529
43.733333333333334	0.0	43.733333333333334	0.0	2.4313815753105863	-10.564406957477331	-0.8472537118228617	0.07841140977503382	0.9913285872433026
44.8	0.0	44.8	0.0	2.490022030555963	-10.564406957477331	-0.8472628979370619	0.07840044224149115	0.9911316867487426
45.86666666666666	0.0	45.86666666666666	0.0	2.548682663619322	-10.564406957477331	-0.8472545381438821	0.07844300313975933	0.9912351915051208
46.93333333333334	0.0	46.93333333333334	0.0	2.607363674524507	-10.564406957477331	-0.8472458993332151	0.07846388652554596	0.9912150056630528
48.0	0.0	48.0	0.0	2.6660652674034075	-10.564406957477331	-0.8472721162455871	0.07843411750593023	0.9912453219862017
49.06666666666666	0.0	49.06666666666666	0.0	2.724787656726653	-10.564406957477331	-0.8472602794652571	0.07847400627518457	0.9913694740366469
50.133333333333326	0.0	50.133333333333326	0.0	2.783531074094322	-10.564406957477331	-0.847250964573755	0.07844740303090655	0.9913738953906772
51.19999999999999	0.0	51.19999999999999	0.0	2.8422957756029708	-10.564406957477331	-0.8472746274029737	0.07848788202946108	0.9913680360234421
52.26666666666665	0.0	52.26666666666665	0.0	2.901082049805243	-10.564406957477331	-0.8472597106988411	0.07849710033798671	0.9916905373130921
53.33333333333334	0.0	53.33333333333334	0.0	2.9598902262783517	-10.564406957477331	-0.8472501704470605	0.07842855861906622	0.9912601743016839
54.400000000000006	0.0	54.400000000000006	0.0	3.0187206848176857	-10.564406957477331	-0.8472572317357796	0.07853831980602702	0.9916284881164743
55.46666666666667	0.0	55.46666666666667	0.0	3.0775738652718507	-10.564406957477331	-0.847256662969363	0.07849348384209248	0.9915733606998329
56.53333333333333	0.0	56.53333333333333	0.0	3.13645027803539	-10.564406957477331	-0.8472557293339239	0.07850849712920223	0.9916545655201028
57.599999999999994	0.0	57.599999999999994	0.0	3.195350515215478	-10.564406957477331	-0.8472613311465561	0.07846767472450933	0.9912163041675132
58.66666666666666	0.0	58.66666666666666	0.0	3.2542752624888656	-10.564406957477331	-0.8472466398027007	0.07852852199964304	0.9915465320952758
59.73333333333332	0.0	59.73333333333332	0.0	3.3132253116653385	-10.564406957477331	-0.8472453627611238	0.07849930028356028	0.9915299305547766
60.80000000000001	0.0	60.80000000000001	0.0	3.372201573973985	-10.564406957477331	-0.847257800502196	0.07846885518310977	0.9912276043757524
61.866666666666674	0.0	61.866666666666674	0.0	3.431205094088528	-10.564406957477331	-0.8472523167354248	0.07851444234797189	0.9917848452238287
62.93333333333334	0.0	62.93333333333334	0.0	3.490237064908026	-10.564406957477331	-0.8472630159829224	0.07848564988956204	0.9913374836085732
64.0	0.0	64.0	0.0	3.549298843109189	-10.564406957477331	-0.8472574356331743	0.07845070831498789	0.9911840776477203
65.06666666666666	0.0	65.06666666666666	0.0	3.6083919654866037	-10.564406957477331	-0.8472539693774653	0.07849683205194113	0.9914531256256527
66.13333333333333	0.0	66.13333333333333	0.0	3.667518166097146	-10.564406957477331	-0.8472564805348519	0.07851714667131113	0.9914247516934739
67.19999999999999	0.0	67.19999999999999	0.0	3.7266793942248477	-10.564406957477331	-0.8472576717248941	0.0784972291152885	0.9913187357797096
68.26666666666665	0.0	68.26666666666665	0.0	3.7858778331825	-10.564406957477331	-0.8472660637123998	0.07847422090402102	0.9914738265769286
69.33333333333334	0.0	69.33333333333334	0.0	3.845115919966272	-10.564406957477331	-0.8472612452950211	0.07851148047002883	0.9915365733172647
70.4	0.0	70.4	0.0	3.9043963657796077	-10.564405809213056	-0.8472455344641934	0.07855901002586087	0.9917743820680514
71.46666666666667	0.0	71.46666666666667	0.0	3.9637221774427083	-10.564406957477331	-0.8472574785589415	0.07849899980318926	0.9913843156206867
72.53333333333333	0.0	72.53333333333333	0.0	4.023096679703835	-10.564406957477331	-0.8472505460475245	0.07853085072251854	0.9915856589321602
73.6	0.0	73.6	0.0	4.082523538468745	-10.564406957477331	-0.8472513401742195	0.07854559572358272	0.9918146464377697
74.66666666666666	0.0	74.66666666666666	0.0	4.142006784964515	-10.564406957477331	-0.8472672334395583	0.07853527207654941	0.9917460832559655
75.73333333333332	0.0	75.73333333333332	0.0	4.201550840854042	-10.564406957477331	-0.8472482924447415	0.07846897322896983	0.9914319095651694
76.80000000000001	0.0	76.80000000000001	0.0	4.261160544317486	-10.564406957477331	-0.8472670617364892	0.07851570865810693	0.991350264755784
77.86666666666667	0.0	77.86666666666667	0.0	4.320841177116942	-10.564406957477331	-0.8472734576758151	0.07850357139740563	0.9916234550702598
78.93333333333334	0.0	78.93333333333334	0.0	4.380598492660622	-10.564406957477331	-0.8472496124120857	0.07855982561543935	0.9918447374006405
80.0	0.0	80.0	0.0	4.440438745082791	-10.564406957477331	-0.8472514474886372	0.07852832883369025	0.9918118777257798
