Hysterese	V-MOKE
Charge	2020_0446
Sample	1
Sample State	bFC
User	Meike Reginka
Sample Angle	0.0
Magnetic Field Angle	90.0
Detektor Averages	300
Hysteresus Points	150
Magnetic Field [kA/m]	80
Hysteresis Averages	100
Polarization	p-polarization
Measurement Method	Scan Both Angles
Max Voltage Correction	No
Training Effect Elimination	No
Magnetic field [kA/m]	Magnetic field transversal [kA/m]	Magnetic field longitudinal [kA/m]	Magnetic field transversal [V]	Magnetic field longitudinal [V]	Detector diff transversal [V]	Detector diff longitudinal [V]	Detector raw transversal [V]	Detector raw longitudinal [V]
80.0	80.0	0.0	-4.342489581062203	0.0	-10.564406957477331	-0.8472643144873822	0.06701000403952982	0.855137243429647
78.93333333333334	78.93333333333334	0.0	-4.283945631442396	0.0	-10.564406957477331	-0.8478485878374096	0.06700926357004403	0.8549618702073835
77.86666666666666	77.86666666666666	0.0	-4.225481927972428	0.0	-10.564406957477331	-0.8478513350865164	0.06699631071976425	0.8549746728174772
76.8	76.8	0.0	-4.167093947216811	0.0	-10.564406957477331	-0.8478447996384465	0.06703098400829285	0.8550915811446922
75.73333333333333	75.73333333333333	0.0	-4.108777426500553	0.0	-10.564406957477331	-0.8478452718218867	0.06699725508664467	0.8550586463497389
74.66666666666667	74.66666666666667	0.0	-4.050528351430542	0.0	-10.564406957477331	-0.8478539428268794	0.06699300543568294	0.8549112070705391
73.6	73.6	0.0	-3.992342943813344	0.0	-10.564406957477331	-0.8478552091370145	0.0669923293548481	0.85498057511048
72.53333333333333	72.53333333333333	0.0	-3.934217649963252	0.0	-10.564406957477331	-0.8478594051307669	0.06702866601685914	0.8551573219572967
71.46666666666667	71.46666666666667	0.0	-3.876149129394453	0.0	-10.564406957477331	-0.8478554452287345	0.06701233276240526	0.8551718737924087
70.4	70.4	0.0	-3.818134243891202	0.0	-10.564406957477331	-0.8478448532956557	0.06699278007540459	0.8549613550981761
69.33333333333333	69.33333333333333	0.0	-3.760170046949834	0.0	-10.564406957477331	-0.8478468278809504	0.06699903650598715	0.8548703524715209
68.26666666666667	68.26666666666667	0.0	-3.7022537735865026	0.0	-10.564406957477331	-0.8478478473679238	0.06700342566569267	0.8549228292220329
67.2	67.2	0.0	-3.6443828305044987	0.0	-10.564406957477331	-0.8478528696826975	0.06700873772939468	0.8550470027353612
66.13333333333333	66.13333333333333	0.0	-3.586554786615013	0.0	-10.564406957477331	-0.8478431791907307	0.06701477953114086	0.855093952793335
65.06666666666666	65.06666666666666	0.0	-3.5287673639052177	0.0	-10.564406957477331	-0.8478427928588259	0.06700478855880404	0.8548525275466534
64.0	64.0	0.0	-3.4710184286475108	0.0	-10.564406957477331	-0.8478602421832291	0.06699957307807833	0.8549458052389751
62.93333333333334	62.93333333333334	0.0	-3.4133059829438133	0.0	-10.564406957477331	-0.8478523760363729	0.06700303933378693	0.8548315475778909
61.86666666666667	61.86666666666667	0.0	-3.3556281565987605	0.0	-10.564406957477331	-0.8478460659485814	0.06699537708432571	0.8549381322580717
60.8	60.8	0.0	-3.2979831993156687	0.0	-10.564406957477331	-0.8478454327935139	0.06701084109199193	0.8549820775123355
59.733333333333334	59.733333333333334	0.0	-3.2403694732091295	0.0	-10.564406957477331	-0.8478620557968973	0.06699354200777408	0.854923387257008
58.66666666666667	58.66666666666667	0.0	-3.1827854456281033	0.0	-10.564406957477331	-0.8478471068984379	0.06699608535948594	0.854826729160512
57.6	57.6	0.0	-3.1252296822833725	0.0	-10.564406957477331	-0.8478672927405068	0.0670029212879269	0.8548579469247742
56.53333333333333	56.53333333333333	0.0	-3.0677008406732234	0.0	-10.564406957477331	-0.8478618840938278	0.06702216276311472	0.854973063101204
55.46666666666667	55.46666666666667	0.0	-3.0101976638012173	0.0	-10.564406957477331	-0.8478559388750584	0.06699023672369273	0.8547341597433514
54.4	54.4	0.0	-2.9527189741799083	0.0	-10.564406957477331	-0.8478617660479679	0.06698020282558863	0.8546705544876693
53.33333333333333	53.33333333333333	0.0	-2.895263668114395	0.0	-10.564406957477331	-0.8478416875203177	0.06698166230167649	0.8546895598711369
52.266666666666666	52.266666666666666	0.0	-2.837830710259539	0.0	-10.564406957477331	-0.8478522794533968	0.0669898718546707	0.8547137807353304
51.2	51.2	0.0	-2.7804191284447413	0.0	-10.564406957477331	-0.8478627855349408	0.06698648071905478	0.8546240980760192
50.13333333333333	50.13333333333333	0.0	-2.7230280087601257	0.0	-10.564406957477331	-0.8478508736345179	0.06699118109057309	0.8545414981683119
49.06666666666666	49.06666666666666	0.0	-2.665656490897999	0.0	-10.564406957477331	-0.8478685375877584	0.06698346518390273	0.8546555841263274
48.0	48.0	0.0	-2.6083037637434527	0.0	-10.564406957477331	-0.8478632791812645	0.06698495685431607	0.854583136162583
46.93333333333334	46.93333333333334	0.0	-2.5509690612079656	0.0	-10.564406957477331	-0.8478531808945097	0.06700947819888048	0.8547244907142689
45.86666666666667	45.86666666666667	0.0	-2.4936516582998802	0.0	-10.564406957477331	-0.8478598021941143	0.06699016160359991	0.8546862438556131
44.8	44.8	0.0	-2.4363508674256087	0.0	-10.564406957477331	-0.8478525262765583	0.06702458806896662	0.8546266843534986
43.733333333333334	43.733333333333334	0.0	-2.3790660349154367	0.0	-10.564406957477331	-0.8478545330561795	0.0670170224024817	0.8547413712722558
42.666666666666664	42.666666666666664	0.0	-2.3217965377677903	0.0	-10.564406957477331	-0.8478470317783454	0.06701517659448823	0.8547119671216624
41.6	41.6	0.0	-2.264541780605829	0.0	-10.564406957477331	-0.8478483946714571	0.06701553073206844	0.8547633385336669
40.53333333333333	40.53333333333333	0.0	-2.207301192840227	0.0	-10.564406957477331	-0.8478481156539697	0.06700218081844116	0.8547089301236261
39.46666666666667	39.46666666666667	0.0	-2.1500742260320136	0.0	-10.564406957477331	-0.8478680117471085	0.06700593682307901	0.8546247419625287
38.4	38.4	0.0	-2.092860351449327	0.0	-10.564406957477331	-0.8478506160799141	0.06701187131040691	0.8545869994816391
37.333333333333336	37.333333333333336	0.0	-2.0356590578119564	0.0	-10.564406957477331	-0.8478537818552522	0.06701628193299591	0.8545856365885277
36.266666666666666	36.266666666666666	0.0	-1.978469849217529	0.0	-10.564406957477331	-0.847864502565633	0.06701057280594638	0.8546463443549176
35.2	35.2	0.0	-1.9212922432432114	0.0	-10.564406957477331	-0.8478566793445439	0.06704129692388422	0.8547430131828544
34.13333333333333	34.13333333333333	0.0	-1.8641257692167834	0.0	-10.564406957477331	-0.8478602743775541	0.06701663607057616	0.8546895062139279
33.06666666666667	33.06666666666667	0.0	-1.8069699666509589	0.0	-10.564406957477331	-0.8478433830881257	0.06702244178060215	0.8544893970182638
32.0	32.0	0.0	-1.7498243838348049	0.0	-10.564406957477331	-0.8478630752838702	0.06702142229362895	0.854522181573031
30.933333333333337	30.933333333333337	0.0	-1.6926885765761346	0.0	-10.564406957477331	-0.8478541574557158	0.0670094138102295	0.8544277985422021
29.866666666666667	29.866666666666667	0.0	-1.6355621070887316	0.0	-10.564406957477331	-0.8478585358839793	0.06701490830844273	0.8543759549467573
28.799999999999997	28.799999999999997	0.0	-1.5784445430182759	0.0	-10.564406957477331	-0.8478449713415159	0.06702632656254184	0.8544053805602347
27.733333333333334	27.733333333333334	0.0	-1.5213354566008253	0.0	-10.564406957477331	-0.847844273797797	0.06702862309109194	0.8543369890814992
26.666666666666664	26.666666666666664	0.0	-1.4642344239477312	0.0	-10.564406957477331	-0.847862871386476	0.06703482586446524	0.8544859092996705
25.6	25.6	0.0	-1.4071410244508409	0.0	-10.564406957477331	-0.8478488883177806	0.06703118790568746	0.8542699926902014
24.53333333333333	24.53333333333333	0.0	-1.3500548403018546	0.0	-10.564406957477331	-0.8478547798793419	0.06703284054772812	0.8542745320900923
23.46666666666667	23.46666666666667	0.0	-1.292975456119707	0.0	-10.564406957477331	-0.8478615621505732	0.06705372393351473	0.8544786011877895
22.4	22.4	0.0	-1.2359024586798253	0.0	-10.564406957477331	-0.8478524296935823	0.06706817918564967	0.8543789704819094
21.333333333333336	21.333333333333336	0.0	-1.1788354367391438	0.0	-10.564406957477331	-0.8478472464071812	0.06705560193583364	0.8543122960338659
20.266666666666666	20.266666666666666	0.0	-1.121773980950723	0.0	-10.564406957477331	-0.8478577632201678	0.06703580242567114	0.8542540994248624
19.200000000000003	19.200000000000003	0.0	-1.0647176838618537	0.0	-10.564406957477331	-0.8478514853267017	0.06705130935910468	0.8542289019994628
18.133333333333333	18.133333333333333	0.0	-1.0076661399894944	0.0	-10.564406957477331	-0.8478423421382689	0.06706351100845691	0.8541606500294718
17.06666666666667	17.06666666666667	0.0	-0.9506189459669213	0.0	-10.564406957477331	-0.8478637191703797	0.06707713993957155	0.8541227573083964
16.0	16.0	0.0	-0.8935757007554419	0.0	-10.564406957477331	-0.8478583856437933	0.06708132520188224	0.854218792981266
14.933333333333337	14.933333333333337	0.0	-0.8365360059150497	0.0	-10.564406957477331	-0.8478460015599306	0.06708732407786103	0.8541476864477496
13.866666666666674	13.866666666666674	0.0	-0.77949946592787	0.0	-10.564406957477331	-0.8478405607189267	0.06710603971239953	0.8540238670720024
12.799999999999997	12.799999999999997	0.0	-0.7224656885682738	0.0	-10.564406957477331	-0.8478589329473266	0.06709937548702775	0.8539729785748793
11.733333333333334	11.733333333333334	0.0	-0.6654342853135198	0.0	-10.564406957477331	-0.8478635796616354	0.06714352463868563	0.8540974525685787
10.666666666666671	10.666666666666671	0.0	-0.6084048717887804	0.0	-10.564406957477331	-0.8478451215817009	0.06712738455018455	0.8539397218366718
9.599999999999994	9.599999999999994	0.0	-0.551377068240432	0.0	-10.564406957477331	-0.8478409792451578	0.06714207589403955	0.8537813579496969
8.533333333333331	8.533333333333331	0.0	-0.49435050003146297	0.0	-10.564406957477331	-0.847850508765496	0.0671485684163422	0.8538427954541306
7.466666666666669	7.466666666666669	0.0	-0.4373247981528619	0.0	-10.564406957477331	-0.8478538462439027	0.06712567825093481	0.8534573971839585
6.400000000000006	6.400000000000006	0.0	-0.3802995997448602	0.0	-10.564406957477331	-0.8478520218987928	0.06714891182248052	0.8534853955156733
5.333333333333329	5.333333333333329	0.0	-0.3232745486218845	0.0	-10.564406957477331	-0.8478497897588941	0.06715058592740482	0.8533754411627599
4.266666666666666	4.266666666666666	0.0	-0.2662492957950903	0.0	-10.564406957477331	-0.8478436406427295	0.06713185956142456	0.853150810622531
3.200000000000003	3.200000000000003	0.0	-0.20922349998633066	0.0	-10.564406957477331	-0.8478578383402606	0.06711140543331076	0.852925783018954
2.13333333333334	2.13333333333334	0.0	-0.15219682812743746	0.0	-10.564406957477331	-0.8478725296841155	0.06710078130590647	0.8526879206109578
1.0666666666666629	1.0666666666666629	0.0	-0.09516895583866962	0.0	-10.564406957477331	-0.8478536852722752	0.06709702530126864	0.8527199325019147
0.0	0.0	0.0	-0.0381395678802	0.0	-10.564406957477331	-0.8478565934930096	0.0670779877234755	0.8523838881326836
-1.0666666666666629	-1.0666666666666629	0.0	0.01889164142950607	0.0	-10.564406957477331	-0.8478555418117105	0.0670557521760192	0.8521807312075421
-2.1333333333333258	-2.1333333333333258	0.0	0.07592496783454125	0.0	-10.564406957477331	-0.8478504121825194	0.06703439660679239	0.8520989468894119
-3.200000000000003	-3.200000000000003	0.0	0.13296069680778344	0.0	-10.564406957477331	-0.847852569202326	0.06699998087286754	0.8518355543813207
-4.266666666666666	-4.266666666666666	0.0	0.1899991032686266	0.0	-10.564406957477331	-0.8478550159710614	0.06701276202007822	0.8519602322724146
-5.333333333333329	-5.333333333333329	0.0	0.2470404513583625	0.0	-10.564406957477331	-0.8478492639182444	0.06700018477026218	0.8518219791074148
-6.400000000000006	-6.400000000000006	0.0	0.3040849942793354	0.0	-10.564406957477331	-0.8478623992030354	0.06698690997672771	0.8517638576185043
-7.466666666666669	-7.466666666666669	0.0	0.36113297420401097	0.0	-10.564406957477331	-0.8478369764173572	0.06696351543355462	0.851637773908531
-8.533333333333331	-8.533333333333331	0.0	0.4181846222601038	0.0	-10.564406957477331	-0.8478750837672696	0.06694625927510402	0.8515423821221707
-9.599999999999994	-9.599999999999994	0.0	0.4752401585978824	0.0	-10.564406957477331	-0.847846581057789	0.06694890994123412	0.8514277381291805
-10.666666666666671	-10.666666666666671	0.0	0.5322997925458017	0.0	-10.564406957477331	-0.8478526657853019	0.06690393446855601	0.8511521010459692
-11.733333333333334	-11.733333333333334	0.0	0.5893637228605886	0.0	-10.564406957477331	-0.8478455079136065	0.06691214402155021	0.851192665896058
-12.799999999999997	-12.799999999999997	0.0	0.6464321380779278	0.0	-10.564406957477331	-0.8478584607638863	0.06687339278512908	0.8511256802362018
-13.86666666666666	-13.86666666666666	0.0	0.7035052169698697	0.0	-10.564406957477331	-0.8478500795078229	0.06685013775069963	0.8509594502023711
-14.933333333333337	-14.933333333333337	0.0	0.7605831291151076	0.0	-10.564406957477331	-0.8478479761452258	0.06683642296805052	0.8507066818216827
-16.0	-16.0	0.0	0.8176660355882505	0.0	-10.564406957477331	-0.8478403460900898	0.06681687028104971	0.850505145344257
-17.066666666666663	-17.066666666666663	0.0	0.8747540897742391	0.0	-10.564406957477331	-0.8478620557968966	0.06680180333673104	0.8505945597175217
-18.133333333333326	-18.133333333333326	0.0	0.9318474383140274	0.0	-10.564406957477331	-0.8478461303372327	0.06677634835672802	0.8505845150879762
-19.200000000000003	-19.200000000000003	0.0	0.9889462221876749	0.0	-10.564406957477331	-0.8478621523798734	0.06676288039724074	0.8504445019665177
-20.266666666666666	-20.266666666666666	0.0	1.0460505779409777	0.0	-10.564406957477331	-0.8478479546823423	0.06677589763617138	0.8505460321376006
-21.33333333333333	-21.33333333333333	0.0	1.1031606390617854	0.0	-10.564406957477331	-0.8478521292132117	0.06672955927038177	0.8502551993327678
-22.400000000000006	-22.400000000000006	0.0	1.1602765375121282	0.0	-10.564406957477331	-0.8478582461350499	0.06672033023041438	0.8501718482241324
-23.46666666666667	-23.46666666666667	0.0	1.2173984054222904	0.0	-10.564406957477331	-0.8478642342795868	0.06669577669152446	0.8502342622897724
-24.53333333333333	-24.53333333333333	0.0	1.2745263769529795	0.0	-10.564406957477331	-0.8478401636555791	0.06669463915869128	0.8500400231927848
-25.599999999999994	-25.599999999999994	0.0	1.3316605903317076	0.0	-10.564406957477331	-0.8478402280442302	0.06668837199666693	0.850097940784301
-26.66666666666667	-26.66666666666667	0.0	1.3888011900695343	0.0	-10.564406957477331	-0.8478425138413379	0.06668033414674189	0.8499646240825399
-27.733333333333334	-27.733333333333334	0.0	1.4459483293643003	0.0	-10.564406957477331	-0.8478618089737349	0.06667131973561094	0.8499552555338289
-28.799999999999997	-28.799999999999997	0.0	1.5031021726964937	0.0	-10.564406957477331	-0.8478607680238782	0.06663417821546308	0.8498213486027669
-29.86666666666666	-29.86666666666666	0.0	1.5602628986238758	0.0	-10.564406957477331	-0.8478564217899403	0.06663367383769754	0.8497172643485303
-30.933333333333337	-30.933333333333337	0.0	1.6174307027810082	0.0	-10.564406957477331	-0.8478550910911545	0.06662198729755282	0.8496494738305377
-32.0	-32.0	0.0	1.6746058010898164	0.0	-10.564406957477331	-0.847851442400935	0.06659146707700955	0.8495042344969115
-33.06666666666666	-33.06666666666666	0.0	1.731788433187324	0.0	-10.564406957477331	-0.847840367552974	0.0665829785065279	0.8494419814028992
-34.133333333333326	-34.133333333333326	0.0	1.788978866076694	0.0	-10.564406957477331	-0.8478365793540106	0.06660401213250004	0.8494162152110831
-35.2	-35.2	0.0	1.8461773980077143	0.0	-10.564406957477331	-0.8478543076959008	0.06656915640946051	0.8494286744150392
-36.266666666666666	-36.266666666666666	0.0	1.903384362592853	0.0	-10.564406957477331	-0.8478560354580345	0.06656992907327168	0.849321005859234
-37.33333333333333	-37.33333333333333	0.0	1.9606001331650438	0.0	-10.564406957477331	-0.8478726799243013	0.06656146196567372	0.8493166488938537
-38.39999999999999	-38.39999999999999	0.0	2.0178251273833046	0.0	-10.564406957477331	-0.8478444776951913	0.06655132075315147	0.8492048272700632
-39.46666666666667	-39.46666666666667	0.0	2.0750598120923507	0.0	-10.564406957477331	-0.847845346941979	0.0665197917770769	0.8490684735702662
-40.53333333333333	-40.53333333333333	0.0	2.1323047084423257	0.0	-10.564406957477331	-0.8478550267025032	0.06653845375440631	0.8490757172934962
-41.599999999999994	-41.599999999999994	0.0	2.18956039727479	0.0	-10.564406957477331	-0.847854457936087	0.06652193806544142	0.8489892004095232
-42.66666666666667	-42.66666666666667	0.0	2.246827524781106	0.0	-10.564406957477331	-0.8478597592683471	0.06653056614466674	0.8489605903856247
-43.733333333333334	-43.733333333333334	0.0	2.304106808439335	0.0	-10.564406957477331	-0.847847525424669	0.06650634528047326	0.848946714631348
-44.8	-44.8	0.0	2.3613990432358243	0.0	-10.564406957477331	-0.8478512706978653	0.06649478751763041	0.8489807547648088
-45.86666666666666	-45.86666666666666	0.0	2.4187051081775675	0.0	-10.564406957477331	-0.8478563252069644	0.0664914393077818	0.8488885287537865
-46.93333333333334	-46.93333333333334	0.0	2.4760259731015175	0.0	-10.564406957477331	-0.8478610685042497	0.06650649552065879	0.8490051473320714
-48.0	-48.0	0.0	2.53336270578696	0.0	-10.564406957477331	-0.8478647708516782	0.06647918400122049	0.848927215601556
-49.06666666666666	-49.06666666666666	0.0	2.5907164793770994	0.0	-10.564406957477331	-0.8478517214184217	0.06646625261382433	0.8486886985756087
-50.133333333333326	-50.133333333333326	0.0	2.6480885801159855	0.0	-10.564406957477331	-0.8478400241468356	0.06646410632545977	0.8487506619206922
-51.19999999999999	-51.19999999999999	0.0	2.705480415406914	0.0	-10.564406957477331	-0.8478626782205232	0.06646769062702859	0.8487847235170366
-52.26666666666665	-52.26666666666665	0.0	2.762893522198445	0.0	-10.564406957477331	-0.8478603065718804	0.06646829158777051	0.8487942852317008
-53.33333333333334	-53.33333333333334	0.0	2.820329575704172	0.0	-10.564406957477331	-0.8478455508393746	0.06648035372837917	0.8488056927543579
-54.400000000000006	-54.400000000000006	0.0	2.877790398462363	0.0	-10.564406957477331	-0.847857731025842	0.06648916424211543	0.8489261639202574
-55.46666666666667	-55.46666666666667	0.0	2.935277969741645	0.0	-10.564406957477331	-0.8478465381320213	0.06645088518913447	0.8487425060249069
-56.53333333333333	-56.53333333333333	0.0	2.9927944352988205	0.0	-10.564406957477331	-0.8478595661023941	0.06645524215451439	0.8487299180436488
-57.599999999999994	-57.599999999999994	0.0	3.050342117494992	0.0	-10.564406957477331	-0.8478483517456895	0.06645278465433704	0.848704656229599
-58.66666666666666	-58.66666666666666	0.0	3.1079235257761075	0.0	-10.564406957477331	-0.8478489527064318	0.06646487898927102	0.848701705083098
-59.73333333333332	-59.73333333333332	0.0	3.1655413675240673	0.0	-10.564406957477331	-0.8478420201950143	0.0664495544903485	0.8487566286023451
-60.80000000000001	-60.80000000000001	0.0	3.223198559284539	0.0	-10.564406957477331	-0.847855842292082	0.06646351609615964	0.8487572832202964
-61.866666666666674	-61.866666666666674	0.0	3.28089823837759	0.0	-10.564406957477331	-0.8478431791907312	0.06646098347588943	0.8488678385339522
-62.93333333333334	-62.93333333333334	0.0	3.338643774897311	0.0	-10.564406957477331	-0.8478490278265244	0.0664518510188985	0.8488494448426686
-64.0	-64.0	0.0	3.39643878410653	0.0	-10.564406957477331	-0.8478462269202086	0.06646177760258434	0.8488990992239812
-65.06666666666666	-65.06666666666666	0.0	3.454287139232773	0.0	-10.564406957477331	-0.8478335316245326	0.06645377194698467	0.8489563621975462
-66.13333333333333	-66.13333333333333	0.0	3.5121929846716027	0.0	-10.564406957477331	-0.8478480941910855	0.06643984253549919	0.8487569827399254
-67.19999999999999	-67.19999999999999	0.0	3.570160749603466	0.0	-10.564406957477331	-0.8478442845292388	0.06644911450123377	0.8487373978585993
-68.26666666666665	-68.26666666666665	0.0	3.628195162030197	0.0	-10.564406957477331	-0.8478605212007166	0.06645541385758356	0.8489145310373218
-69.33333333333334	-69.33333333333334	0.0	3.6863012632373016	0.0	-10.564406957477331	-0.847846323503185	0.06644740820198398	0.8489455449041892
-70.4	-70.4	0.0	3.7444844226881497	0.0	-10.564406957477331	-0.8478567222703116	0.0664466677324982	0.8488676775623248
-71.46666666666667	-71.46666666666667	0.0	3.802750353356249	0.0	-10.564406957477331	-0.847852612128093	0.0664564655388822	0.8490241956413059
-72.53333333333333	-72.53333333333333	0.0	3.861105127501684	0.0	-10.564406957477331	-0.84786778638683	0.06641590068879308	0.8487859147070792
-73.6	-73.6	0.0	3.9195551928979	0.0	-10.564406957477331	-0.8478515604467942	0.06642887500195646	0.8488066263897969
-74.66666666666666	-74.66666666666666	0.0	3.9781073895149364	0.0	-10.564406957477331	-0.8478740857431802	0.06645877279887397	0.8488394538703317
-75.73333333333332	-75.73333333333332	0.0	4.036768966665268	0.0	-10.564406957477331	-0.847853052117208	0.06645733478566987	0.8488885824109951
-76.80000000000001	-76.80000000000001	0.0	4.09554760061838	0.0	-10.564406957477331	-0.8478450786559335	0.06644622774338349	0.8488549071465558
-77.86666666666667	-77.86666666666667	0.0	4.1544514126901975	0.0	-10.564406957477331	-0.8478534491805553	0.06645415827889038	0.8488971782958946
-78.93333333333334	-78.93333333333334	0.0	4.213488987813546	0.0	-10.564406957477331	-0.8478522901848389	0.06642768381191419	0.8489308750232173
-80.0	-80.0	0.0	4.272669393595734	0.0	-10.564406957477331	-0.8478582568664917	0.06643533532993366	0.8487865263992629
-80.0	-80.0	0.0	4.334632001425141	0.0	-10.564406957477331	-0.8472787268137505	0.06644201028674723	0.8489413703733202
-78.93333333333334	-78.93333333333334	0.0	4.2765525217646445	0.0	-10.564406957477331	-0.8478597056111381	0.06645420120465764	0.8490113286425607
-77.86666666666666	-77.86666666666666	0.0	4.2185409905834925	0.0	-10.564406957477331	-0.847843662105613	0.06645213003638586	0.8488256532361474
-76.8	-76.8	0.0	4.160591136621887	0.0	-10.564406957477331	-0.8478462269202086	0.06645809671803915	0.8490006937837151
-75.73333333333333	-75.73333333333333	0.0	4.1026972267289015	0.0	-10.564406957477331	-0.8478540286784141	0.06646213174016453	0.8489557826996879
-74.66666666666667	-74.66666666666667	0.0	4.044854034561523	0.0	-10.564406957477331	-0.8478463556975107	0.0664529348945226	0.8488688258265996
-73.6	-73.6	0.0	3.9870568103551984	0.0	-10.564406957477331	-0.8478491351409425	0.06644405999213535	0.8488874019523945
-72.53333333333333	-72.53333333333333	0.0	3.9293012517491834	0.0	-10.564406957477331	-0.8478443703807735	0.06642008595110385	0.8487793148703582
-71.46666666666667	-71.46666666666667	0.0	3.8715834756500076	0.0	-10.564406957477331	-0.8478493283068953	0.06646196003709531	0.848899228001283
-70.4	-70.4	0.0	3.813899991116364	0.0	-10.564406957477331	-0.8478479761452259	0.066461498585097	0.8488922525640984
-69.33333333333333	-69.33333333333333	0.0	3.7562476732487218	0.0	-10.564406957477331	-0.8478426104243142	0.0664449936275739	0.8488890545944351
-68.26666666666667	-68.26666666666667	0.0	3.6986237380669853	0.0	-10.564406957477331	-0.8478339716136476	0.06644896426104821	0.8488048449704537
-67.2	-67.2	0.0	3.641025718359479	0.0	-10.564406957477331	-0.8478574520083552	0.06646530824694392	0.8488804372466521
-66.13333333333333	-66.13333333333333	0.0	3.583451440486598	0.0	-10.564406957477331	-0.847843597716962	0.06644616335473258	0.8489418962139694
-65.06666666666666	-65.06666666666666	0.0	3.5258990021224057	0.0	-10.564406957477331	-0.8478513780122835	0.06645473777674875	0.8489513613456571
-64.0	-64.0	0.0	3.4683667509174954	0.0	-10.564406957477331	-0.8478568725104965	0.0664564118816731	0.8489684672639222
-62.93333333333334	-62.93333333333334	0.0	3.4108532640664255	0.0	-10.564406957477331	-0.847850401451078	0.06643763185848371	0.8488661858919118
-61.86666666666667	-61.86666666666667	0.0	3.353357328763028	0.0	-10.564406957477331	-0.847834733546017	0.0664578391634355	0.8488117023617788
-60.8	-60.8	0.0	3.2958779235269047	0.0	-10.564406957477331	-0.8478575378598897	0.06647381828030921	0.8488910399111724
-59.733333333333334	-59.733333333333334	0.0	3.238414200384411	0.0	-10.564406957477331	-0.8478541359928315	0.06646324781011402	0.8488728608487256
-58.66666666666667	-58.66666666666667	0.0	3.1809654678874364	0.0	-10.564406957477331	-0.847847911756575	0.06647041641325145	0.849029228687521
-57.6	-57.6	0.0	3.1235311749532944	0.0	-10.564406957477331	-0.8478605533950421	0.06644547654245589	0.8489245220096591
-56.53333333333333	-56.53333333333333	0.0	3.066110895509022	0.0	-10.564406957477331	-0.8478542433072501	0.06646039324658926	0.8488410528551639
-55.46666666666667	-55.46666666666667	0.0	3.0087043139233947	0.0	-10.564406957477331	-0.8478586539298396	0.06646112298463316	0.8489362729384544
-54.4	-54.4	0.0	2.9513112112099673	0.0	-10.564406957477331	-0.8478499292676379	0.06647390413184377	0.8489191455573056
-53.33333333333333	-53.33333333333333	0.0	2.8939314519844546	0.0	-10.564406957477331	-0.8478492424553606	0.06645426559330855	0.8487833176981582
-52.266666666666666	-52.266666666666666	0.0	2.836564972159741	0.0	-10.564406957477331	-0.8478560569209179	0.06647223002691949	0.848878752410286
-51.2	-51.2	0.0	2.7792117673618404	0.0	-10.564406957477331	-0.8478547262221321	0.066465179469642	0.8487976227101073
-50.13333333333333	-50.13333333333333	0.0	2.7218718820501118	0.0	-10.564406957477331	-0.8478513136236326	0.06646196003709524	0.8488114233442908
-49.06666666666666	-49.06666666666666	0.0	2.6645453993250308	0.0	-10.564406957477331	-0.8478364613081506	0.06643976741540632	0.848688387363796
-48.0	-48.0	0.0	2.60723243140683	0.0	-10.564406957477331	-0.8478559603379417	0.06644257905316389	0.8486728482360374
-46.93333333333334	-46.93333333333334	0.0	2.549933110768312	0.0	-10.564406957477331	-0.8478547798793418	0.06647762794215617	0.8488569246576187
-45.86666666666667	-45.86666666666667	0.0	2.492647581905143	0.0	-10.564406957477331	-0.8478454220620723	0.06647026617306595	0.8487594187772194
-44.8	-44.8	0.0	2.435375993726936	0.0	-10.564406957477331	-0.8478641698909363	0.0664682915877706	0.8488840322796627
-43.733333333333334	-43.733333333333334	0.0	2.378118492552427	0.0	-10.564406957477331	-0.8478408826621805	0.06645181882457303	0.8486105522162575
-42.666666666666664	-42.666666666666664	0.0	2.32087521569205	0.0	-10.564406957477331	-0.8478472356757406	0.06646426729708715	0.848791677491338
-41.6	-41.6	0.0	2.2636462856012263	0.0	-10.564406957477331	-0.8478405714503684	0.0664753850708153	0.8487941564543985
-40.53333333333333	-40.53333333333333	0.0	2.2064318045876616	0.0	-10.564406957477331	-0.8478563895956149	0.066493542670379	0.8488981763199841
-39.46666666666667	-39.46666666666667	0.0	2.1492318500559726	0.0	-10.564406957477331	-0.8478511419205637	0.0664717793063629	0.8488530398756785
-38.4	-38.4	0.0	2.092046470272937	0.0	-10.564406957477331	-0.8478522365276295	0.06647710210150688	0.8487560920302544
-37.333333333333336	-37.333333333333336	0.0	2.0348756806366817	0.0	-10.564406957477331	-0.8478514853267022	0.06646927888041829	0.8486123121727164
-36.266666666666666	-36.266666666666666	0.0	1.977719460433113	0.0	-10.564406957477331	-0.847855541811711	0.06648082591181935	0.8487449527936424
-35.2	-35.2	0.0	1.920577750062899	0.0	-10.564406957477331	-0.8478587719756995	0.06648011763665902	0.848723779658927
-34.13333333333333	-34.13333333333333	0.0	1.8634504487223043	0.0	-10.564406957477331	-0.8478396270834879	0.0664794844815915	0.8486665166853616
-33.06666666666667	-33.06666666666667	0.0	1.8063374125211922	0.0	-10.564406957477331	-0.8478341540481584	0.0664578606263191	0.8485721980431835
-32.0	-32.0	0.0	1.7492384530214933	0.0	-10.564406957477331	-0.8478447352497953	0.06649763134971332	0.8487307765589946
-30.933333333333337	-30.933333333333337	0.0	1.692153336179458	0.0	-10.564406957477331	-0.8478468600752765	0.06647958106456793	0.8486544974705207
-29.866666666666667	-29.866666666666667	0.0	1.635081781674985	0.0	-10.564406957477331	-0.8478454542563975	0.06648688917644907	0.8486577061716255
-28.799999999999997	-28.799999999999997	0.0	1.5780234626113472	0.0	-10.564406957477331	-0.8478492102610357	0.06648854181848966	0.8485944121277555
-27.733333333333334	-27.733333333333334	0.0	1.5209780055686137	0.0	-10.564406957477331	-0.8478463235031852	0.06649025884918133	0.8486054547813915
-26.666666666666664	-26.666666666666664	0.0	1.4639449909940745	0.0	-10.564406957477331	-0.8478583856437936	0.06649669771427485	0.8486615372963565
-25.6	-25.6	0.0	1.4069239539129832	0.0	-10.564406957477331	-0.8478513136236324	0.06650989738771652	0.848745639605919
-24.53333333333333	-24.53333333333333	0.0	1.3499143849429092	0.0	-10.564406957477331	-0.8478513458179584	0.06651980250851873	0.8486999451266393
-23.46666666666667	-23.46666666666667	0.0	1.2929157315950264	0.0	-10.564406957477331	-0.8478347872032262	0.06651454410202569	0.8486568691191632
-22.4	-22.4	0.0	1.235927399845624	0.0	-10.564406957477331	-0.8478548871937593	0.06653966640733225	0.848751627750456
-21.333333333333336	-21.333333333333336	0.0	1.1789487559611669	0.0	-10.564406957477331	-0.8478494463527555	0.06653105979099055	0.8488652844507986
-20.266666666666666	-20.266666666666666	0.0	1.1219791285601926	0.0	-10.564406957477331	-0.847866219596324	0.06655209341696272	0.8488374041649429
-19.200000000000003	-19.200000000000003	0.0	1.0650178108953703	0.0	-10.564406957477331	-0.8478521936018625	0.06657535918283396	0.848906482455955
-18.133333333333333	-18.133333333333333	0.0	1.0080640633390137	0.0	-10.564406957477331	-0.8478474395731349	0.06656783644211633	0.8489194245747929
-17.06666666666667	-17.06666666666667	0.0	0.9511171160553648	0.0	-10.564406957477331	-0.8478479868766675	0.06659418213179066	0.8489175573039156
-16.0	-16.0	0.0	0.8941761718429497	0.0	-10.564406957477331	-0.847848877586339	0.06658653061377116	0.8488951393219486
-14.933333333333337	-14.933333333333337	0.0	0.8372404091303182	0.0	-10.564406957477331	-0.8478556705890121	0.06660485991640408	0.8487500394970664
-13.866666666666674	-13.866666666666674	0.0	0.780308985108466	0.0	-10.564406957477331	-0.84784953220429	0.06663447869583428	0.8489985474953502
-12.799999999999997	-12.799999999999997	0.0	0.7233810389832572	0.0	-10.564406957477331	-0.8478409041250649	0.06665280799846707	0.8491633717103027
-11.733333333333334	-11.733333333333334	0.0	0.6664556953311475	0.0	-10.564406957477331	-0.8478480190709934	0.06663890004986503	0.8490812439860348
-10.666666666666671	-10.666666666666671	0.0	0.6095320675415111	0.0	-10.564406957477331	-0.8478519789730258	0.0666820833717589	0.8491494422988174
-9.599999999999994	-9.599999999999994	0.0	0.5526092613288888	0.0	-10.564406957477331	-0.8478411509482262	0.0667041794104715	0.8491161748291668
-8.533333333333331	-8.533333333333331	0.0	0.49568637829845885	0.0	-10.564406957477331	-0.8478469459268111	0.06672803540564297	0.8492999507703776
-7.466666666666669	-7.466666666666669	0.0	0.4387625195480302	0.0	-10.564406957477331	-0.8478490922151753	0.06673027827698387	0.8492253135925025
-6.400000000000006	-6.400000000000006	0.0	0.3818367892898798	0.0	-10.564406957477331	-0.8478477078591803	0.06676682956783139	0.8493371566791761
-5.333333333333329	-5.333333333333329	0.0	0.3249082984757282	0.0	-10.564406957477331	-0.847863461615776	0.06679417328159525	0.8495807067513388
-4.266666666666666	-4.266666666666666	0.0	0.26797616840817	0.0	-10.564406957477331	-0.8478591690390469	0.06683209819699597	0.8497103747628805
-3.200000000000003	-3.200000000000003	0.0	0.21103953432185357	0.0	-10.564406957477331	-0.84784699958402	0.06685208014166953	0.8499444489719135
-2.13333333333334	-2.13333333333334	0.0	0.15409754891773225	0.0	-10.564406957477331	-0.8478575807856572	0.06687466982670592	0.8500937769848739
-1.0666666666666629	-1.0666666666666629	0.0	0.09714938583368175	0.0	-10.564406957477331	-0.8478439840488678	0.06690725048407917	0.8502443713079694
0.0	0.0	0.0	0.0401942430348	0.0	-10.564406957477331	-0.8478417197146436	0.06691209036434106	0.8504108052391948
1.0666666666666629	1.0666666666666629	0.0	-0.01676865389331629	0.0	-10.564406957477331	-0.8478381568759584	0.066899523845967	0.8502758788211602
2.1333333333333258	2.1333333333333258	0.0	-0.07374004856499573	0.0	-10.564406957477331	-0.8478404104787408	0.06691027675067304	0.8505051131499307
3.200000000000003	3.200000000000003	0.0	-0.13072065074532263	0.0	-10.564406957477331	-0.8478533311346955	0.06692639537629048	0.8506585191107842
4.266666666666666	4.266666666666666	0.0	-0.1877111334480573	0.0	-10.564406957477331	-0.8478376417667508	0.06694137646907478	0.8507698363568091
5.333333333333329	5.333333333333329	0.0	-0.244712130197352	0.0	-10.564406957477331	-0.8478522687219551	0.06694687096728787	0.8508201346246312
6.400000000000006	6.400000000000006	0.0	-0.30172423246994073	0.0	-10.564406957477331	-0.8478264917986971	0.06691564247158427	0.8508568683499899
7.466666666666669	7.466666666666669	0.0	-0.35874798733450286	0.0	-10.564406957477331	-0.84786177677941	0.06695709803134477	0.8510647256466501
8.533333333333331	8.533333333333331	0.0	-0.4157838953049008	0.0	-10.564406957477331	-0.8478550267025033	0.06696741094693617	0.8511707522918563
9.599999999999994	9.599999999999994	0.0	-0.47283240842397	0.0	-10.564406957477331	-0.8478461839944412	0.06697439711556262	0.8513468015949553
10.666666666666671	10.666666666666671	0.0	-0.5298939285945675	0.0	-10.564406957477331	-0.8478705550988203	0.06698766117765527	0.8515643279206977
11.733333333333334	11.733333333333334	0.0	-0.5869688061745607	0.0	-10.564406957477331	-0.8478571729908683	0.0669850534372924	0.851545311805788
12.799999999999997	12.799999999999997	0.0	-0.6440573388524645	0.0	-10.564406957477331	-0.8478385324764223	0.06700897382111483	0.8517946675879767
13.86666666666666	13.86666666666666	0.0	-0.7011597708204031	0.0	-10.564406957477331	-0.8478434152824513	0.06699356347065771	0.8517940880901178
14.933333333333337	14.933333333333337	0.0	-0.7582762922611015	0.0	-10.564406957477331	-0.8478385110135386	0.06698253154846409	0.8518820429872956
16.0	16.0	0.0	-0.815407039165591	0.0	-10.564406957477331	-0.8478450035358408	0.06699148157094414	0.8520744577391732
17.066666666666663	17.066666666666663	0.0	-0.8725520934983348	0.0	-10.564406957477331	-0.8478526228595349	0.0669848173455723	0.8521420014340044
18.133333333333326	18.133333333333326	0.0	-0.9297114837264504	0.0	-10.564406957477331	-0.8478565183729165	0.06699211472601165	0.852276659565993
19.200000000000003	19.200000000000003	0.0	-0.9868851857297346	0.0	-10.564406957477331	-0.8478459800970467	0.06701200008770881	0.852398847762585
20.266666666666666	20.266666666666666	0.0	-1.0440731241081747	0.0	-10.564406957477331	-0.8478460122913724	0.06700685972707579	0.8524704372109824
21.33333333333333	21.33333333333333	0.0	-1.1012751739036517	0.0	-10.564406957477331	-0.8478539106325538	0.06700431637536389	0.8526715658936201
22.400000000000006	22.400000000000006	0.0	-1.1584911627525145	0.0	-10.564406957477331	-0.8478516141040034	0.06700291055648516	0.8528600314749073
23.46666666666667	23.46666666666667	0.0	-1.2157208734857228	0.0	-10.564406957477331	-0.8478459693656049	0.06698431296780671	0.8528958422962697
24.53333333333333	24.53333333333333	0.0	-1.272964047193262	0.0	-10.564406957477331	-0.8478577524887261	0.06699143864517677	0.8528988900257466
25.599999999999994	25.599999999999994	0.0	-1.3302203867695057	0.0	-10.564406957477331	-0.8478583856437936	0.06698748947458619	0.8530434962043054
26.66666666666667	26.66666666666667	0.0	-1.3874895609562332	0.0	-10.564406957477331	-0.8478490922151753	0.06700934942157859	0.8531383192242494
27.733333333333334	27.733333333333334	0.0	-1.4447712088999851	0.0	-10.564406957477331	-0.8478378349327034	0.06698385151580831	0.8531256561228985
28.799999999999997	28.799999999999997	0.0	-1.5020649452404609	0.0	-10.564406957477331	-0.847848244431271	0.06699121328489854	0.8532330134668912
29.86666666666666	29.86666666666666	0.0	-1.5593703657466396	0.0	-10.564406957477331	-0.8478460337542559	0.06696456711485321	0.853236662157111
30.933333333333337	30.933333333333337	0.0	-1.616687053517327	0.0	-10.564406957477331	-0.8478498863418704	0.06700297494513602	0.853449273482499
32.0	32.0	0.0	-1.6740145857628108	0.0	-10.564406957477331	-0.8478486736889446	0.06701120596101391	0.853669139262559
33.06666666666666	33.06666666666666	0.0	-1.731352541184335	0.0	-10.564406957477331	-0.8478394446489769	0.06697835701759515	0.853531250966581
34.133333333333326	34.133333333333326	0.0	-1.788700507968065	0.0	-10.564406957477331	-0.8478569905563569	0.06699839261947775	0.8536364083650002
35.2	35.2	0.0	-1.8460580924102532	0.0	-10.564406957477331	-0.847849596592941	0.06699798482468862	0.8538062870890508
36.266666666666666	36.266666666666666	0.0	-1.9034249281902877	0.0	-10.564406957477331	-0.8478432650422658	0.06699991648421659	0.8537941069025818
37.33333333333333	37.33333333333333	0.0	-1.9608006863083274	0.0	-10.564406957477331	-0.8478460659485816	0.06701472587393167	0.8537924864548665
38.39999999999999	38.39999999999999	0.0	-2.018185085704204	0.0	-10.564406957477331	-0.8478429538304532	0.06697309861110218	0.8539102854917529
39.46666666666667	39.46666666666667	0.0	-2.0755779045742972	0.0	-10.564406957477331	-0.847853159431626	0.0670172906885273	0.8540713858963918
40.53333333333333	40.53333333333333	0.0	-2.132978992403061	0.0	-10.564406957477331	-0.8478479868766672	0.06702826895351176	0.8542698209871324
41.599999999999994	41.599999999999994	0.0	-2.1903882827259142	0.0	-10.564406957477331	-0.8478602958404382	0.06701073377757372	0.8543813850563194
42.66666666666667	42.66666666666667	0.0	-2.247805806640169	0.0	-10.564406957477331	-0.8478585895411886	0.06702263494655489	0.8543834025673819
43.733333333333334	43.733333333333334	0.0	-2.3052317070806954	0.0	-10.564406957477331	-0.8478523009162805	0.06701842822136053	0.8543642254808453
44.8	44.8	0.0	-2.3626662538770318	0.0	-10.564406957477331	-0.8478435655226366	0.06699833896226869	0.8542937199080717
45.86666666666666	45.86666666666666	0.0	-2.420109859608605	0.0	-10.564406957477331	-0.8478634294214504	0.0670329371307045	0.8544431552354497
46.93333333333334	46.93333333333334	0.0	-2.4775630962747797	0.0	-10.564406957477331	-0.8478502834052181	0.06702103596172336	0.8545650966088791
48.0	48.0	0.0	-2.5350267127964097	0.0	-10.564406957477331	-0.8478529555342313	0.06699256544656812	0.8544762188077049
49.06666666666666	49.06666666666666	0.0	-2.5925016533656065	0.0	-10.564406957477331	-0.847845389867747	0.06699533415855839	0.8545161397712852
50.133333333333326	50.133333333333326	0.0	-2.6499890766603915	0.0	-10.564406957477331	-0.8478371266575435	0.0670099181879952	0.8544881521710113
51.19999999999999	51.19999999999999	0.0	-2.707490375940949	0.0	-10.564406957477331	-0.8478533955233464	0.06699720142943556	0.8545788650487373
52.26666666666665	52.26666666666665	0.0	-2.765007200044159	0.0	-10.564406957477331	-0.8478578383402612	0.06698912065374317	0.854661507882213
53.33333333333334	53.33333333333334	0.0	-2.822541475293108	0.0	-10.564406957477331	-0.8478422133609673	0.06700666656112296	0.8545929339689667
54.400000000000006	54.400000000000006	0.0	-2.8800954283382634	0.0	-10.564406957477331	-0.8478674751750174	0.06699769507575935	0.8547143924275141
55.46666666666667	55.46666666666667	0.0	-2.9376716099470257	0.0	-10.564406957477331	-0.8478396378149301	0.06700341493425079	0.8546967070113906
56.53333333333333	56.53333333333333	0.0	-2.9952729197583214	0.0	-10.564406957477331	-0.8478369978802417	0.067033634674423	0.8549017526702939
57.599999999999994	57.599999999999994	0.0	-3.052902632018954	0.0	-10.564406957477331	-0.8478381139501913	0.06699591365641677	0.8548605117393697
58.66666666666666	58.66666666666666	0.0	-3.110564422318395	0.0	-10.564406957477331	-0.8478504121825194	0.06700989672511155	0.8548965586524513
59.73333333333332	59.73333333333332	0.0	-3.1682623953387075	0.0	-10.564406957477331	-0.8478398309808827	0.067026680700122	0.8549416414395482
60.80000000000001	60.80000000000001	0.0	-3.2260011136363067	0.0	-10.564406957477331	-0.8478531808945096	0.06701142058985039	0.8549347733167815
61.866666666666674	61.866666666666674	0.0	-3.2837856274722257	0.0	-10.564406957477331	-0.8478453684048632	0.06702959965229767	0.8551086656000737
62.93333333333334	62.93333333333334	0.0	-3.341621505707621	0.0	-10.564406957477331	-0.8478540930670646	0.06700899528399847	0.8549868959297133
64.0	64.0	0.0	-3.3995148677811597	0.0	-10.564406957477331	-0.8478459479027213	0.06701341663802937	0.8549424784920098
65.06666666666666	65.06666666666666	0.0	-3.4574724167850257	0.0	-10.564406957477331	-0.8478460444856981	0.06699655754292622	0.8548310861258923
66.13333333333333	66.13333333333333	0.0	-3.51550147365621	0.0	-10.564406957477331	-0.8478453791363043	0.06699942283789277	0.854875965015594
67.19999999999999	67.19999999999999	0.0	-3.5736100124997923	0.0	-10.564406957477331	-0.8478570442135659	0.06701399613588775	0.8549055730635824
68.26666666666665	68.26666666666665	0.0	-3.6318066970609046	0.0	-10.564406957477331	-0.8478367725199629	0.0669971048464591	0.8548684852006437
69.33333333333334	69.33333333333334	0.0	-3.6901009183620634	0.0	-10.564406957477331	-0.8478647493887945	0.06699789897315392	0.8548724236397923
70.4	70.4	0.0	-3.748502833522565	0.0	-10.564406957477331	-0.8478544579360867	0.0669881440925373	0.8547209386070258
71.46666666666667	71.46666666666667	0.0	-3.8070234057766568	0.0	-10.564406957477331	-0.8478518287328397	0.06697635023797437	0.8548204083412791
72.53333333333333	72.53333333333333	0.0	-3.865674445707142	0.0	-10.564406957477331	-0.8478517214184221	0.06700403735787645	0.8548933392199047
73.6	73.6	0.0	-3.9244686537111386	0.0	-10.564406957477331	-0.8478454435249554	0.06702408369120097	0.8549846637898145
74.66666666666666	74.66666666666666	0.0	-3.9834196637146766	0.0	-10.564406957477331	-0.8478567759275198	0.06699702972636637	0.8550329982037826
75.73333333333332	75.73333333333332	0.0	-4.042542088152829	0.0	-10.564406957477331	-0.8478581388206318	0.06699834969371055	0.8549578995739089
76.80000000000001	76.80000000000001	0.0	-4.1018515642320645	0.0	-10.564406957477331	-0.8478504658397287	0.06698249935413869	0.8548365698926635
77.86666666666667	77.86666666666667	0.0	-4.161364801491512	0.0	-10.564406957477331	-0.8478560032637091	0.06700654851526294	0.8551158342032114
78.93333333333334	78.93333333333334	0.0	-4.221099630679855	0.0	-10.564406957477331	-0.847854221844367	0.0670223988548348	0.8551904391867613
80.0	80.0	0.0	-4.28107505396451	0.0	-10.564406957477331	-0.8478446601297028	0.06702057450972498	0.855174792744584
