Hysterese	V-MOKE
Charge	2020_0446
Sample	1
Sample State	bFC
User	Meike Reginka
Sample Angle	5.0
Magnetic Field Angle	90.0
Detektor Averages	300
Hysteresus Points	150
Magnetic Field [kA/m]	80
Hysteresis Averages	100
Polarization	p-polarization
Measurement Method	Scan Both Angles
Max Voltage Correction	No
Training Effect Elimination	No
Magnetic field [kA/m]	Magnetic field transversal [kA/m]	Magnetic field longitudinal [kA/m]	Magnetic field transversal [V]	Magnetic field longitudinal [V]	Detector diff transversal [V]	Detector diff longitudinal [V]	Detector raw transversal [V]	Detector raw longitudinal [V]
80.0	80.0	0.0	-4.342489581062203	0.0	-10.564406957477331	-0.8462607744367907	0.07734144209956094	0.9632885531454157
78.93333333333334	78.93333333333334	0.0	-4.283945631442396	0.0	-10.564406957477331	-0.8468959362839409	0.0773349173829328	0.9633832903138245
77.86666666666666	77.86666666666666	0.0	-4.225481927972428	0.0	-10.564406957477331	-0.8468988766990002	0.07735137941468859	0.9635696310696312
76.8	76.8	0.0	-4.167093947216811	0.0	-10.564406957477331	-0.8468947450938987	0.07735973920786829	0.9635804161686623
75.73333333333333	75.73333333333333	0.0	-4.108777426500553	0.0	-10.564406957477331	-0.8469119690580242	0.07735351497161125	0.9636032097510936
74.66666666666667	74.66666666666667	0.0	-4.050528351430542	0.0	-10.564406957477331	-0.8468957645808715	0.0773515189234323	0.9634870740876897
73.6	73.6	0.0	-3.992342943813344	0.0	-10.564406957477331	-0.846892040770559	0.07733037798304186	0.9633470073090222
72.53333333333333	72.53333333333333	0.0	-3.934217649963252	0.0	-10.564406957477331	-0.8469023751490343	0.07734203232886117	0.9633612157379955
71.46666666666667	71.46666666666667	0.0	-3.876149129394453	0.0	-10.564406957477331	-0.8468739797539717	0.0773514545347813	0.9634590328302078
70.4	70.4	0.0	-3.818134243891202	0.0	-10.564406957477331	-0.8469068286973908	0.07733289987187014	0.9633384436184481
69.33333333333333	69.33333333333333	0.0	-3.760170046949834	0.0	-10.564406957477331	-0.8468826400275224	0.0773892292099966	0.9634769758009355
68.26666666666667	68.26666666666667	0.0	-3.7022537735865026	0.0	-10.564406957477331	-0.8469077408699454	0.07735196964398876	0.9635104578994218
67.2	67.2	0.0	-3.6443828305044987	0.0	-10.564406957477331	-0.846879603029487	0.0773511540544103	0.9633869926612533
66.13333333333333	66.13333333333333	0.0	-3.586554786615013	0.0	-10.564406957477331	-0.8468977928233755	0.07733559346376756	0.9634291350332902
65.06666666666666	65.06666666666666	0.0	-3.5287673639052177	0.0	-10.564406957477331	-0.8468883062288046	0.07732868241523394	0.9633116472082173
64.0	64.0	0.0	-3.4710184286475108	0.0	-10.564406957477331	-0.8469069360118092	0.07733716025427373	0.9632107716550852
62.93333333333334	62.93333333333334	0.0	-3.4133059829438133	0.0	-10.564406957477331	-0.846901065913132	0.07733248134563911	0.9632235742651796
61.86666666666667	61.86666666666667	0.0	-3.3556281565987605	0.0	-10.564406957477331	-0.8468905598315886	0.07733722464292468	0.963223166470391
60.8	60.8	0.0	-3.2979831993156687	0.0	-10.564406957477331	-0.8468860418945803	0.07731986117005588	0.963201692855304
59.733333333333334	59.733333333333334	0.0	-3.2403694732091295	0.0	-10.564406957477331	-0.8468990591335109	0.077368045343839	0.9632118018735006
58.66666666666667	58.66666666666667	0.0	-3.1827854456281033	0.0	-10.564406957477331	-0.8469020317428958	0.07737252035507898	0.9633723120488401
57.6	57.6	0.0	-3.1252296822833725	0.0	-10.564406957477331	-0.8468990913278358	0.07735691683866898	0.9633142656800221
56.53333333333333	56.53333333333333	0.0	-3.0677008406732234	0.0	-10.564406957477331	-0.8469017205310833	0.07736631758170548	0.9633723979003748
55.46666666666667	55.46666666666667	0.0	-3.0101976638012173	0.0	-10.564406957477331	-0.8469017741882916	0.07736852825872093	0.9634005035465074
54.4	54.4	0.0	-2.9527189741799083	0.0	-10.564406957477331	-0.846896569439008	0.07733811535259594	0.9633149310294153
53.33333333333333	53.33333333333333	0.0	-2.895263668114395	0.0	-10.564406957477331	-0.8468923734452559	0.07729635931246448	0.9629636265499129
52.266666666666666	52.266666666666666	0.0	-2.837830710259539	0.0	-10.564406957477331	-0.8468867501697409	0.07735249548463813	0.9630425241101921
51.2	51.2	0.0	-2.7804191284447413	0.0	-10.564406957477331	-0.846907815990038	0.07733708513418094	0.9632582260908249
50.13333333333333	50.13333333333333	0.0	-2.7230280087601257	0.0	-10.564406957477331	-0.8468955606834769	0.0773454771216862	0.9631604948501469
49.06666666666666	49.06666666666666	0.0	-2.665656490897999	0.0	-10.564406957477331	-0.8468955499520348	0.07734612100819549	0.9629354779780123
48.0	48.0	0.0	-2.6083037637434527	0.0	-10.564406957477331	-0.8469000035003912	0.07736781998356068	0.9632611557744426
46.93333333333334	46.93333333333334	0.0	-2.5509690612079656	0.0	-10.564406957477331	-0.8469013771249445	0.07735949238470638	0.9631592607343374
45.86666666666667	45.86666666666667	0.0	-2.4936516582998802	0.0	-10.564406957477331	-0.8469001430091354	0.07733853387882701	0.9630055864874388
44.8	44.8	0.0	-2.4363508674256087	0.0	-10.564406957477331	-0.8468983830526758	0.07734460787489855	0.9629561467349632
43.733333333333334	43.733333333333334	0.0	-2.3790660349154367	0.0	-10.564406957477331	-0.8468843355953303	0.07733411252479612	0.9629346623884338
42.666666666666664	42.666666666666664	0.0	-2.3217965377677903	0.0	-10.564406957477331	-0.8469013341991777	0.07733777194645758	0.9629138111969725
41.6	41.6	0.0	-2.264541780605829	0.0	-10.564406957477331	-0.846892384176697	0.07735359009170396	0.9629980852096048
40.53333333333333	40.53333333333333	0.0	-2.207301192840227	0.0	-10.564406957477331	-0.8469137075515991	0.07735264572482362	0.9630322004631583
39.46666666666667	39.46666666666667	0.0	-2.1500742260320136	0.0	-10.564406957477331	-0.8468948202139908	0.07733620515595147	0.9628788481595152
38.4	38.4	0.0	-2.092860351449327	0.0	-10.564406957477331	-0.8468858487286275	0.07737859435115045	0.9629220958700602
37.333333333333336	37.333333333333336	0.0	-2.0356590578119564	0.0	-10.564406957477331	-0.8468896369275903	0.07737969968965823	0.9629748301751755
36.266666666666666	36.266666666666666	0.0	-1.978469849217529	0.0	-10.564406957477331	-0.8468837775603556	0.07737909872891616	0.962834484379021
35.2	35.2	0.0	-1.9212922432432114	0.0	-10.564406957477331	-0.8468961509127775	0.07734192501444298	0.9626789106669195
34.13333333333333	34.13333333333333	0.0	-1.8641257692167834	0.0	-10.564406957477331	-0.8469038024307963	0.0773499092071589	0.9628242895092894
33.06666666666667	33.06666666666667	0.0	-1.8069699666509589	0.0	-10.564406957477331	-0.8468866750496474	0.07736002895679751	0.9628102849777109
32.0	32.0	0.0	-1.7498243838348049	0.0	-10.564406957477331	-0.8469042960771206	0.07736965506011234	0.9628806081159741
30.933333333333337	30.933333333333337	0.0	-1.6926885765761346	0.0	-10.564406957477331	-0.8468917510216291	0.07737351837916842	0.9626261656303616
29.866666666666667	29.866666666666667	0.0	-1.6355621070887316	0.0	-10.564406957477331	-0.8468901734996821	0.07738025772463296	0.9627502747550395
28.799999999999997	28.799999999999997	0.0	-1.5784445430182759	0.0	-10.564406957477331	-0.8468944768078528	0.0773698482260651	0.9627129508003808
27.733333333333334	27.733333333333334	0.0	-1.5213354566008253	0.0	-10.564406957477331	-0.846895539220593	0.07738765168804863	0.9626822588767686
26.666666666666664	26.666666666666664	0.0	-1.4642344239477312	0.0	-10.564406957477331	-0.8468686247645022	0.07736091966646881	0.9626639081112515
25.6	25.6	0.0	-1.4071410244508409	0.0	-10.564406957477331	-0.8469076550184108	0.07735472762453718	0.9626131698543144
24.53333333333333	24.53333333333333	0.0	-1.3500548403018546	0.0	-10.564406957477331	-0.8468947343624563	0.07741437297818682	0.9627035822516693
23.46666666666667	23.46666666666667	0.0	-1.292975456119707	0.0	-10.564406957477331	-0.8468973957600285	0.07739287790021626	0.9626448919963417
22.4	22.4	0.0	-1.2359024586798253	0.0	-10.564406957477331	-0.8468975030744467	0.07740869604546266	0.962728103596234
21.333333333333336	21.333333333333336	0.0	-1.1788354367391438	0.0	-10.564406957477331	-0.8468994669282999	0.07742409566447797	0.9627812135018141
20.266666666666666	20.266666666666666	0.0	-1.121773980950723	0.0	-10.564406957477331	-0.8469201249538082	0.07740517613254481	0.96278554900431
19.200000000000003	19.200000000000003	0.0	-1.0647176838618537	0.0	-10.564406957477331	-0.8469056482387901	0.0774082989821152	0.9627254743929875
18.133333333333333	18.133333333333333	0.0	-1.0076661399894944	0.0	-10.564406957477331	-0.846905015083723	0.07740536929849771	0.9624818921265005
17.06666666666667	17.06666666666667	0.0	-0.9506189459669213	0.0	-10.564406957477331	-0.8469034482932163	0.07743525636397336	0.9626985062796878
16.0	16.0	0.0	-0.8935757007554419	0.0	-10.564406957477331	-0.8468988445046746	0.07747636851759547	0.9627353043936967
14.933333333333337	14.933333333333337	0.0	-0.8365360059150497	0.0	-10.564406957477331	-0.8468900554538219	0.07746561561288928	0.9624893719414501
13.866666666666674	13.866666666666674	0.0	-0.77949946592787	0.0	-10.564406957477331	-0.846897470880121	0.07748024256809342	0.9626407174654732
12.799999999999997	12.799999999999997	0.0	-0.7224656885682738	0.0	-10.564406957477331	-0.846897020159565	0.07746648485967694	0.9623007453885358
11.733333333333334	11.733333333333334	0.0	-0.6654342853135198	0.0	-10.564406957477331	-0.8468908817748421	0.07750669557218594	0.962407222754299
10.666666666666671	10.666666666666671	0.0	-0.6084048717887804	0.0	-10.564406957477331	-0.8468999605746242	0.07750560096512003	0.9623871227637651
9.599999999999994	9.599999999999994	0.0	-0.551377068240432	0.0	-10.564406957477331	-0.8468974386857957	0.07749925868300295	0.9621400098529179
8.533333333333331	8.533333333333331	0.0	-0.49435050003146297	0.0	-10.564406957477331	-0.8468984581727689	0.07750126546262377	0.9619893618726131
7.466666666666669	7.466666666666669	0.0	-0.4373247981528619	0.0	-10.564406957477331	-0.8469107027478883	0.0775190581931655	0.9618585455967967
6.400000000000006	6.400000000000006	0.0	-0.3802995997448602	0.0	-10.564406957477331	-0.8469012161533179	0.07750701751544056	0.9616659162160823
5.333333333333329	5.333333333333329	0.0	-0.3232745486218845	0.0	-10.564406957477331	-0.846879259623348	0.07751301639141943	0.9615406266328044
4.266666666666666	4.266666666666666	0.0	-0.2662492957950903	0.0	-10.564406957477331	-0.8468916973644212	0.07749490171762298	0.9612945975975811
3.200000000000003	3.200000000000003	0.0	-0.20922349998633066	0.0	-10.564406957477331	-0.8469033195159144	0.07750571901098008	0.9611256632404112
2.13333333333334	2.13333333333334	0.0	-0.15219682812743746	0.0	-10.564406957477331	-0.8468817278549678	0.07747777433647429	0.9608927372956525
1.0666666666666629	1.0666666666666629	0.0	-0.09516895583866962	0.0	-10.564406957477331	-0.8468980611094219	0.07748644534146684	0.9608669067151863
0.0	0.0	0.0	-0.0381395678802	0.0	-10.564406957477331	-0.8468972455198428	0.07745930552509767	0.9606699847577428
-1.0666666666666629	-1.0666666666666629	0.0	0.01889164142950607	0.0	-10.564406957477331	-0.8468998961859731	0.07745126767517262	0.9606083755502397
-2.1333333333333258	-2.1333333333333258	0.0	0.07592496783454125	0.0	-10.564406957477331	-0.846900325443646	0.07742052209435109	0.9603525379771913
-3.200000000000003	-3.200000000000003	0.0	0.13296069680778344	0.0	-10.564406957477331	-0.8468955070262675	0.07739048478868985	0.9601363638131184
-4.266666666666666	-4.266666666666666	0.0	0.1899991032686266	0.0	-10.564406957477331	-0.8468924592967908	0.07738635318358818	0.9599489606445715
-5.333333333333329	-5.333333333333329	0.0	0.2470404513583625	0.0	-10.564406957477331	-0.8469137075515987	0.07735864460080241	0.9598781223971016
-6.400000000000006	-6.400000000000006	0.0	0.3040849942793354	0.0	-10.564406957477331	-0.8468941655960404	0.07733984311472936	0.9597184814685492
-7.466666666666669	-7.466666666666669	0.0	0.36113297420401097	0.0	-10.564406957477331	-0.8468882311087121	0.0773168027091364	0.9594320592863059
-8.533333333333331	-8.533333333333331	0.0	0.4181846222601038	0.0	-10.564406957477331	-0.8469195991131593	0.07730633955335942	0.9594226263489434
-9.599999999999994	-9.599999999999994	0.0	0.4752401585978824	0.0	-10.564406957477331	-0.8468883598860141	0.07726302745416373	0.9591793552942695
-10.666666666666671	-10.666666666666671	0.0	0.5322997925458017	0.0	-10.564406957477331	-0.8469056697016738	0.07726135334923939	0.9592559885203238
-11.733333333333334	-11.733333333333334	0.0	0.5893637228605886	0.0	-10.564406957477331	-0.8469003361750876	0.0772279678337295	0.9590666000350393
-12.799999999999997	-12.799999999999997	0.0	0.6464321380779278	0.0	-10.564406957477331	-0.846895056305711	0.07723656371862937	0.9589296775688263
-13.86666666666666	-13.86666666666666	0.0	0.7035052169698697	0.0	-10.564406957477331	-0.8469103915360754	0.07721644226521217	0.9590362515175657
-14.933333333333337	-14.933333333333337	0.0	0.7605831291151076	0.0	-10.564406957477331	-0.8469101876386808	0.07714256701970588	0.95878166952321
-16.0	-16.0	0.0	0.8176660355882505	0.0	-10.564406957477331	-0.8469047253347936	0.07713985196492479	0.9584559488010127
-17.066666666666663	-17.066666666666663	0.0	0.8747540897742391	0.0	-10.564406957477331	-0.8469089320599875	0.07712729617799241	0.9583998018973974
-18.133333333333326	-18.133333333333326	0.0	0.9318474383140274	0.0	-10.564406957477331	-0.8468914827355846	0.07711418235608533	0.958267826625864
-19.200000000000003	-19.200000000000003	0.0	0.9889462221876749	0.0	-10.564406957477331	-0.8469018707712688	0.07709956613232298	0.958276218613369
-20.266666666666666	-20.266666666666666	0.0	1.0460505779409777	0.0	-10.564406957477331	-0.8469053370269769	0.07704375190340411	0.958225201338945
-21.33333333333333	-21.33333333333333	0.0	1.1031606390617854	0.0	-10.564406957477331	-0.8469045858260498	0.07705838959005003	0.9579727549015118
-22.400000000000006	-22.400000000000006	0.0	1.1602765375121282	0.0	-10.564406957477331	-0.8468894437616379	0.07703046637842777	0.9579562606754308
-23.46666666666667	-23.46666666666667	0.0	1.2173984054222904	0.0	-10.564406957477331	-0.8468979430635615	0.07700869228296996	0.957945765325328
-24.53333333333333	-24.53333333333333	0.0	1.2745263769529795	0.0	-10.564406957477331	-0.8468975889259813	0.07700586991377059	0.9577786231189421
-25.599999999999994	-25.599999999999994	0.0	1.3316605903317076	0.0	-10.564406957477331	-0.8468853550823031	0.07699373265306927	0.957689358985862
-26.66666666666667	-26.66666666666667	0.0	1.3888011900695343	0.0	-10.564406957477331	-0.8468883276916889	0.07698265780510843	0.9576294453461671
-27.733333333333334	-27.733333333333334	0.0	1.4459483293643003	0.0	-10.564406957477331	-0.8469073652694817	0.07696228952852927	0.9575633182016571
-28.799999999999997	-28.799999999999997	0.0	1.5031021726964937	0.0	-10.564406957477331	-0.8469025361206616	0.0769549384908809	0.9575738564775266
-29.86666666666666	-29.86666666666666	0.0	1.5602628986238758	0.0	-10.564406957477331	-0.8468970630853317	0.0769049192405461	0.9573644323903604
-30.933333333333337	-30.933333333333337	0.0	1.6174307027810082	0.0	-10.564406957477331	-0.8468928992859055	0.07691265661010012	0.9573619856216249
-32.0	-32.0	0.0	1.6746058010898164	0.0	-10.564406957477331	-0.8469085993852912	0.07690526264668444	0.9572893015661609
-33.06666666666666	-33.06666666666666	0.0	1.731788433187324	0.0	-10.564406957477331	-0.8468870399186699	0.07689960717684395	0.957219987183429
-34.133333333333326	-34.133333333333326	0.0	1.788978866076694	0.0	-10.564406957477331	-0.8469023107603836	0.07686661872468148	0.9570524479136958
-35.2	-35.2	0.0	1.8461773980077143	0.0	-10.564406957477331	-0.8468975567316558	0.07687464584316474	0.956962260876619
-36.266666666666666	-36.266666666666666	0.0	1.903384362592853	0.0	-10.564406957477331	-0.8468985547557455	0.07690247247181058	0.9572214144651909
-37.33333333333333	-37.33333333333333	0.0	1.9606001331650438	0.0	-10.564406957477331	-0.8468871901588554	0.07684273053518456	0.9569678948835763
-38.39999999999999	-38.39999999999999	0.0	2.0178251273833046	0.0	-10.564406957477331	-0.8468965479761245	0.07684681921451894	0.9567766820531822
-39.46666666666667	-39.46666666666667	0.0	2.0750598120923507	0.0	-10.564406957477331	-0.8469068072345073	0.07683226737940763	0.9567270062089861
-40.53333333333333	-40.53333333333333	0.0	2.1323047084423257	0.0	-10.564406957477331	-0.8469053692213031	0.07682925184425553	0.9567166718305105
-41.599999999999994	-41.599999999999994	0.0	2.18956039727479	0.0	-10.564406957477331	-0.8469054872671629	0.07677994086908103	0.9565498515673799
-42.66666666666667	-42.66666666666667	0.0	2.246827524781106	0.0	-10.564406957477331	-0.8469060667650211	0.07682480902734103	0.9566608254072664
-43.733333333333334	-43.733333333333334	0.0	2.304106808439335	0.0	-10.564406957477331	-0.8468976533146326	0.07677716142564898	0.9564060824412834
-44.8	-44.8	0.0	2.3613990432358243	0.0	-10.564406957477331	-0.8469130636650896	0.07677650680769778	0.9565978640380938
-45.86666666666666	-45.86666666666666	0.0	2.4187051081775675	0.0	-10.564406957477331	-0.846899488391184	0.07679554438549094	0.956646928190106
-46.93333333333334	-46.93333333333334	0.0	2.4760259731015175	0.0	-10.564406957477331	-0.846912934887788	0.07675994819296558	0.9565497335215193
-48.0	-48.0	0.0	2.53336270578696	0.0	-10.564406957477331	-0.8468931246461834	0.07677072256055543	0.9564404123236736
-49.06666666666666	-49.06666666666666	0.0	2.5907164793770994	0.0	-10.564406957477331	-0.8469023966119178	0.0767689196783293	0.9564320310676103
-50.133333333333326	-50.133333333333326	0.0	2.6480885801159855	0.0	-10.564406957477331	-0.8469034053674495	0.07674787532091533	0.956401081589394
-51.19999999999999	-51.19999999999999	0.0	2.705480415406914	0.0	-10.564406957477331	-0.8468865033465786	0.07674160815889093	0.9562758563947666
-52.26666666666665	-52.26666666666665	0.0	2.762893522198445	0.0	-10.564406957477331	-0.8468969879652392	0.07675921845492176	0.9563859073306573
-53.33333333333334	-53.33333333333334	0.0	2.820329575704172	0.0	-10.564406957477331	-0.8468976962403996	0.07675515123847093	0.9564194108920272
-54.400000000000006	-54.400000000000006	0.0	2.877790398462363	0.0	-10.564406957477331	-0.8469016239481064	0.0767575443499974	0.9565071618918094
-55.46666666666667	-55.46666666666667	0.0	2.935277969741645	0.0	-10.564406957477331	-0.8469034912189839	0.07674937772277045	0.9564832951651959
-56.53333333333333	-56.53333333333333	0.0	2.9927944352988205	0.0	-10.564406957477331	-0.8468994669283003	0.07675918626059619	0.9564179192216135
-57.599999999999994	-57.599999999999994	0.0	3.050342117494992	0.0	-10.564406957477331	-0.8469065496799034	0.07673702583323273	0.9564961836268253
-58.66666666666666	-58.66666666666666	0.0	3.1079235257761075	0.0	-10.564406957477331	-0.8469056697016737	0.07675178156573872	0.9564552109819471
-59.73333333333332	-59.73333333333332	0.0	3.1655413675240673	0.0	-10.564406957477331	-0.8469020854001046	0.07676125742886801	0.9565346665772009
-60.80000000000001	-60.80000000000001	0.0	3.223198559284539	0.0	-10.564406957477331	-0.8468810303112491	0.07672928846367867	0.9564772319005668
-61.866666666666674	-61.866666666666674	0.0	3.28089823837759	0.0	-10.564406957477331	-0.8469024610005692	0.07673060843102283	0.9563624376673912
-62.93333333333334	-62.93333333333334	0.0	3.338643774897311	0.0	-10.564406957477331	-0.8469078696472474	0.07674260618298046	0.9565553353341505
-64.0	-64.0	0.0	3.39643878410653	0.0	-10.564406957477331	-0.8468866643182063	0.07673770191406755	0.9565626112517068
-65.06666666666666	-65.06666666666666	0.0	3.454287139232773	0.0	-10.564406957477331	-0.8469014951708047	0.07671854629041434	0.9564182948220776
-66.13333333333333	-66.13333333333333	0.0	3.5121929846716027	0.0	-10.564406957477331	-0.8469058843305103	0.07673176742673965	0.9565497979101708
-67.19999999999999	-67.19999999999999	0.0	3.570160749603466	0.0	-10.564406957477331	-0.8469054658042795	0.07675007526648887	0.956431698392914
-68.26666666666665	-68.26666666666665	0.0	3.628195162030197	0.0	-10.564406957477331	-0.8468964406617066	0.07672632658573567	0.9564151075838558
-69.33333333333334	-69.33333333333334	0.0	3.6863012632373016	0.0	-10.564406957477331	-0.8469029439154508	0.07674570756966718	0.9564098706402469
-70.4	-70.4	0.0	3.7444844226881497	0.0	-10.564406957477331	-0.8469116900405363	0.07673229326738899	0.9564494589291299
-71.46666666666667	-71.46666666666667	0.0	3.802750353356249	0.0	-10.564406957477331	-0.8469029009896839	0.07673155279790317	0.9565239887925876
-72.53333333333333	-72.53333333333333	0.0	3.861105127501684	0.0	-10.564406957477331	-0.8468991235221616	0.07674736021170785	0.9565398069378337
-73.6	-73.6	0.0	3.9195551928979	0.0	-10.564406957477331	-0.8469021283258723	0.07669897214053005	0.9563916164577067
-74.66666666666666	-74.66666666666666	0.0	3.9781073895149364	0.0	-10.564406957477331	-0.8468960650612426	0.07674220911963299	0.9564353900089002
-75.73333333333332	-75.73333333333332	0.0	4.036768966665268	0.0	-10.564406957477331	-0.8469050472780475	0.07671197864801903	0.9564729822496052
-76.80000000000001	-76.80000000000001	0.0	4.09554760061838	0.0	-10.564406957477331	-0.8469081701276181	0.07670427347279034	0.9566062130998314
-77.86666666666667	-77.86666666666667	0.0	4.1544514126901975	0.0	-10.564406957477331	-0.8469039741338656	0.07671386738177971	0.9565749631412441
-78.93333333333334	-78.93333333333334	0.0	4.213488987813546	0.0	-10.564406957477331	-0.8468987264588143	0.0767476928864043	0.9566177172054653
-80.0	-80.0	0.0	4.272669393595734	0.0	-10.564406957477331	-0.8469148128901071	0.0767390111499699	0.9565168201894501
-80.0	-80.0	0.0	4.334632001425141	0.0	-10.564406957477331	-0.8462699498195491	0.0766952375987758	0.9563964670694102
-78.93333333333334	-78.93333333333334	0.0	4.2765525217646445	0.0	-10.564406957477331	-0.8469092432718004	0.07669925115801744	0.9563505794241771
-77.86666666666666	-77.86666666666666	0.0	4.2185409905834925	0.0	-10.564406957477331	-0.8468986620701635	0.07671401762196521	0.9564744309942506
-76.8	-76.8	0.0	4.160591136621887	0.0	-10.564406957477331	-0.846910670553563	0.0767336776233841	0.9566552450575186
-75.73333333333333	-75.73333333333333	0.0	4.1026972267289015	0.0	-10.564406957477331	-0.8468960865241262	0.0767122362026227	0.9565152963247108
-74.66666666666667	-74.66666666666667	0.0	4.044854034561523	0.0	-10.564406957477331	-0.8468968806508212	0.0767311664659976	0.9564201620929542
-73.6	-73.6	0.0	3.9870568103551984	0.0	-10.564406957477331	-0.8468802147216702	0.07674348616120985	0.9565801786219704
-72.53333333333333	-72.53333333333333	0.0	3.9293012517491834	0.0	-10.564406957477331	-0.8469022034459651	0.07669937993531933	0.9565741046258984
-71.46666666666667	-71.46666666666667	0.0	3.8715834756500076	0.0	-10.564406957477331	-0.8468939080414359	0.07672617634555016	0.9564658673036761
-70.4	-70.4	0.0	3.813899991116364	0.0	-10.564406957477331	-0.8468952387402213	0.0767299108873044	0.956626602839294
-69.33333333333333	-69.33333333333333	0.0	3.7562476732487218	0.0	-10.564406957477331	-0.8469015059022464	0.07673332348580399	0.9565411590995038
-68.26666666666667	-68.26666666666667	0.0	3.6986237380669853	0.0	-10.564406957477331	-0.8468962582271955	0.07673749801667289	0.9565490789035684
-67.2	-67.2	0.0	3.641025718359479	0.0	-10.564406957477331	-0.8469153601936396	0.07677230008250335	0.9568258749824966
-66.13333333333333	-66.13333333333333	0.0	3.583451440486598	0.0	-10.564406957477331	-0.8468805366649255	0.07673445028719525	0.9567673886245643
-65.06666666666666	-65.06666666666666	0.0	3.5258990021224057	0.0	-10.564406957477331	-0.8468936290239486	0.07671282643192293	0.9566357460277272
-64.0	-64.0	0.0	3.4683667509174954	0.0	-10.564406957477331	-0.8469011624961084	0.07674302470921159	0.9565937646273177
-62.93333333333334	-62.93333333333334	0.0	3.4108532640664255	0.0	-10.564406957477331	-0.8469081272018506	0.07670955334216702	0.9564910754605177
-61.86666666666667	-61.86666666666667	0.0	3.353357328763028	0.0	-10.564406957477331	-0.8468925236854413	0.07674976405467598	0.9567106729545322
-60.8	-60.8	0.0	3.2958779235269047	0.0	-10.564406957477331	-0.846888284765921	0.07671986625775856	0.9565121198179318
-59.733333333333334	-59.733333333333334	0.0	3.238414200384411	0.0	-10.564406957477331	-0.8469092325403588	0.07673339860589673	0.9565976708721405
-58.66666666666667	-58.66666666666667	0.0	3.1809654678874364	0.0	-10.564406957477331	-0.8468940797445056	0.07675360591084857	0.9565622893084524
-57.6	-57.6	0.0	3.1235311749532944	0.0	-10.564406957477331	-0.8468870613815531	0.07674294958911876	0.9565513325063512
-56.53333333333333	-56.53333333333333	0.0	3.066110895509022	0.0	-10.564406957477331	-0.8469006581183429	0.07672689535215226	0.9563759485526456
-55.46666666666667	-55.46666666666667	0.0	3.0087043139233947	0.0	-10.564406957477331	-0.8468839385319832	0.07673267959929456	0.9565372313917961
-54.4	-54.4	0.0	2.9513112112099673	0.0	-10.564406957477331	-0.8469000464261586	0.07673882871545884	0.9565642638937472
-53.33333333333333	-53.33333333333333	0.0	2.8939314519844546	0.0	-10.564406957477331	-0.8468990591335115	0.07670373690069925	0.9563879248417199
-52.266666666666666	-52.266666666666666	0.0	2.836564972159741	0.0	-10.564406957477331	-0.8468982864696999	0.07672266716407415	0.9564193786977013
-51.2	-51.2	0.0	2.7792117673618404	0.0	-10.564406957477331	-0.8469029224525674	0.07673316251417661	0.9563762704959005
-50.13333333333333	-50.13333333333333	0.0	2.7218718820501118	0.0	-10.564406957477331	-0.8468910642093533	0.07674000917405943	0.9565124202983027
-49.06666666666666	-49.06666666666666	0.0	2.6645453993250308	0.0	-10.564406957477331	-0.8468992952252311	0.0767572546010682	0.9566294466713774
-48.0	-48.0	0.0	2.60723243140683	0.0	-10.564406957477331	-0.8469009907930396	0.07672097159626622	0.9563955978226225
-46.93333333333334	-46.93333333333334	0.0	2.549933110768312	0.0	-10.564406957477331	-0.846887555027877	0.07675216789764427	0.9564549641587847
-45.86666666666667	-45.86666666666667	0.0	2.492647581905143	0.0	-10.564406957477331	-0.8469042531513531	0.0767369936389072	0.9564878774908544
-44.8	-44.8	0.0	2.435375993726936	0.0	-10.564406957477331	-0.8468943587619929	0.07675301568154824	0.9564090979764351
-43.733333333333334	-43.733333333333334	0.0	2.378118492552427	0.0	-10.564406957477331	-0.8469014415135958	0.07669751266444216	0.9561166017981207
-42.666666666666664	-42.666666666666664	0.0	2.32087521569205	0.0	-10.564406957477331	-0.8468941441331563	0.07673696144458171	0.9562909984591786
-41.6	-41.6	0.0	2.2636462856012263	0.0	-10.564406957477331	-0.8468877911195973	0.07675328396759383	0.9565580396574902
-40.53333333333333	-40.53333333333333	0.0	2.2064318045876616	0.0	-10.564406957477331	-0.8468921802793029	0.07676727776773043	0.9565102203527287
-39.46666666666667	-39.46666666666667	0.0	2.1492318500559726	0.0	-10.564406957477331	-0.8469044785116313	0.07674802556110079	0.956433372497838
-38.4	-38.4	0.0	2.092046470272937	0.0	-10.564406957477331	-0.8469094900949627	0.07675023623811618	0.9565439170800516
-37.333333333333336	-37.333333333333336	0.0	2.0348756806366817	0.0	-10.564406957477331	-0.8468947558253397	0.07675723313818454	0.9563115813645939
-36.266666666666666	-36.266666666666666	0.0	1.977719460433113	0.0	-10.564406957477331	-0.8468857306827674	0.07676029159910396	0.9564487613854114
-35.2	-35.2	0.0	1.920577750062899	0.0	-10.564406957477331	-0.8469080520817581	0.076767363619265	0.9565266823844846
-34.13333333333333	-34.13333333333333	0.0	1.8634504487223043	0.0	-10.564406957477331	-0.8469026219721963	0.07674931333411951	0.9564087331074131
-33.06666666666667	-33.06666666666667	0.0	1.8063374125211922	0.0	-10.564406957477331	-0.8468978572120269	0.0768028203030466	0.9565573528452136
-32.0	-32.0	0.0	1.7492384530214933	0.0	-10.564406957477331	-0.8468937256069252	0.07676612950345542	0.9563979480083823
-30.933333333333337	-30.933333333333337	0.0	1.692153336179458	0.0	-10.564406957477331	-0.8468989732819768	0.07679369857749745	0.956527573094156
-29.866666666666667	-29.866666666666667	0.0	1.635081781674985	0.0	-10.564406957477331	-0.8468999927689497	0.07681826284782926	0.9567626775216038
-28.799999999999997	-28.799999999999997	0.0	1.5780234626113472	0.0	-10.564406957477331	-0.8469045429002823	0.07681139472506279	0.9566203034829447
-27.733333333333334	-27.733333333333334	0.0	1.5209780055686137	0.0	-10.564406957477331	-0.846893993892971	0.07679493269330699	0.956467530677159
-26.666666666666664	-26.666666666666664	0.0	1.4639449909940745	0.0	-10.564406957477331	-0.8469075477039931	0.07680774603484307	0.9565265321442993
-25.6	-25.6	0.0	1.4069239539129832	0.0	-10.564406957477331	-0.8468863423749514	0.0768194755007552	0.9565011630158307
-24.53333333333333	-24.53333333333333	0.0	1.3499143849429092	0.0	-10.564406957477331	-0.8469077194070614	0.07682830747737517	0.9565706169073064
-23.46666666666667	-23.46666666666667	0.0	1.2929157315950264	0.0	-10.564406957477331	-0.8469087603569183	0.07683260005410414	0.9566351021412177
-22.4	-22.4	0.0	1.235927399845624	0.0	-10.564406957477331	-0.8468912788381898	0.07681575169044277	0.9563168826968547
-21.333333333333336	-21.333333333333336	0.0	1.1789487559611669	0.0	-10.564406957477331	-0.8468878555082492	0.07685890281801112	0.956429552104549
-20.266666666666666	-20.266666666666666	0.0	1.1219791285601926	0.0	-10.564406957477331	-0.8469152206848959	0.07682337101413675	0.956431902290308
-19.200000000000003	-19.200000000000003	0.0	1.0650178108953703	0.0	-10.564406957477331	-0.8468866535867643	0.07687274637796217	0.9566018668658934
-18.133333333333333	-18.133333333333333	0.0	1.0080640633390137	0.0	-10.564406957477331	-0.8469024502691274	0.07686917280783526	0.956584310227072
-17.06666666666667	-17.06666666666667	0.0	0.9511171160553648	0.0	-10.564406957477331	-0.8468807512937616	0.07686902256764978	0.9566024678266354
-16.0	-16.0	0.0	0.8941761718429497	0.0	-10.564406957477331	-0.8468858809229528	0.0768884464773485	0.9566319149029965
-14.933333333333337	-14.933333333333337	0.0	0.8372404091303182	0.0	-10.564406957477331	-0.84690564823879	0.07689658091024996	0.956650694926186
-13.866666666666674	-13.866666666666674	0.0	0.780308985108466	0.0	-10.564406957477331	-0.8468953782489659	0.07694340219092172	0.9566187796182055
-12.799999999999997	-12.799999999999997	0.0	0.7233810389832572	0.0	-10.564406957477331	-0.8469020102800122	0.07691649846627266	0.9565829902597277
-11.733333333333334	-11.733333333333334	0.0	0.6664556953311475	0.0	-10.564406957477331	-0.8469025468521033	0.07696921130850487	0.9567504114836006
-10.666666666666671	-10.666666666666671	0.0	0.6095320675415111	0.0	-10.564406957477331	-0.8468853550823033	0.07699664087380326	0.956744777476644
-9.599999999999994	-9.599999999999994	0.0	0.5526092613288888	0.0	-10.564406957477331	-0.8469100373984954	0.0770165262355003	0.9569603828743005
-8.533333333333331	-8.533333333333331	0.0	0.49568637829845885	0.0	-10.564406957477331	-0.8469099086211936	0.07706465675207436	0.9570993765087856
-7.466666666666669	-7.466666666666669	0.0	0.4387625195480302	0.0	-10.564406957477331	-0.8469100481299374	0.07706368019086858	0.9572288406229328
-6.400000000000006	-6.400000000000006	0.0	0.3818367892898798	0.0	-10.564406957477331	-0.8468929422116723	0.07712218801168491	0.9574616270589469
-5.333333333333329	-5.333333333333329	0.0	0.3249082984757282	0.0	-10.564406957477331	-0.8469076764812944	0.07714280311142602	0.9575643591515138
-4.266666666666666	-4.266666666666666	0.0	0.26797616840817	0.0	-10.564406957477331	-0.8468851297220258	0.07716310699935418	0.9576206562953143
-3.200000000000003	-3.200000000000003	0.0	0.21103953432185357	0.0	-10.564406957477331	-0.8468964513931483	0.0772009997204295	0.9579002532805586
-2.13333333333334	-2.13333333333334	0.0	0.15409754891773225	0.0	-10.564406957477331	-0.8469017419939668	0.07722177579179794	0.9579683657418065
-1.0666666666666629	-1.0666666666666629	0.0	0.09714938583368175	0.0	-10.564406957477331	-0.8468984903670941	0.07722193676342531	0.9579890237673151
0.0	0.0	0.0	0.0401942430348	0.0	-10.564406957477331	-0.8469073545380401	0.0772728037976641	0.958322589173484
1.0666666666666629	1.0666666666666629	0.0	-0.01676865389331629	0.0	-10.564406957477331	-0.8468916544386537	0.0772787597478755	0.9584940346880404
2.1333333333333258	2.1333333333333258	0.0	-0.07374004856499573	0.0	-10.564406957477331	-0.8468902808141001	0.07726728783656729	0.9585785125980678
3.200000000000003	3.200000000000003	0.0	-0.13072065074532263	0.0	-10.564406957477331	-0.8468987479216988	0.07730214355960686	0.958700046176708
4.266666666666666	4.266666666666666	0.0	-0.1877111334480573	0.0	-10.564406957477331	-0.8468929314802303	0.07730814243558562	0.9589283683329238
5.333333333333329	5.333333333333329	0.0	-0.244712130197352	0.0	-10.564406957477331	-0.8468871150387624	0.07731373351677523	0.9588905936577085
6.400000000000006	6.400000000000006	0.0	-0.30172423246994073	0.0	-10.564406957477331	-0.8468759436078253	0.07731718904104203	0.9590911535739298
7.466666666666669	7.466666666666669	0.0	-0.35874798733450286	0.0	-10.564406957477331	-0.8468920622334427	0.07730938728283704	0.9591730130121522
8.533333333333331	8.533333333333331	0.0	-0.4157838953049008	0.0	-10.564406957477331	-0.8469076550184111	0.0773352929833966	0.9594693081208715
9.599999999999994	9.599999999999994	0.0	-0.47283240842397	0.0	-10.564406957477331	-0.8468998210658806	0.07732141722912006	0.9594301705525445
10.666666666666671	10.666666666666671	0.0	-0.5298939285945675	0.0	-10.564406957477331	-0.8468913968840499	0.07734030456672769	0.9596457008301086
11.733333333333334	11.733333333333334	0.0	-0.5869688061745607	0.0	-10.564406957477331	-0.8468930387946485	0.07736519078031416	0.9599222715487589
12.799999999999997	12.799999999999997	0.0	-0.6440573388524645	0.0	-10.564406957477331	-0.8468854731281641	0.0773850439476858	0.9601750935866555
13.86666666666666	13.86666666666666	0.0	-0.7011597708204031	0.0	-10.564406957477331	-0.8468979967207707	0.07735470616165356	0.9602373466806676
14.933333333333337	14.933333333333337	0.0	-0.7582762922611015	0.0	-10.564406957477331	-0.8468897871677761	0.07736054406600507	0.9602636065188075
16.0	16.0	0.0	-0.815407039165591	0.0	-10.564406957477331	-0.8469035878019597	0.07735052089934276	0.9604877112183872
17.066666666666663	17.066666666666663	0.0	-0.8725520934983348	0.0	-10.564406957477331	-0.8468967411420776	0.07735356862882035	0.9604755095690354
18.133333333333326	18.133333333333326	0.0	-0.9297114837264504	0.0	-10.564406957477331	-0.8468866965125313	0.07736076942628328	0.9603926306438401
19.200000000000003	19.200000000000003	0.0	-0.9868851857297346	0.0	-10.564406957477331	-0.8468998747230896	0.07733171941326969	0.9605247883498843
20.266666666666666	20.266666666666666	0.0	-1.0440731241081747	0.0	-10.564406957477331	-0.8469026005093124	0.07734256890095226	0.9606601118312661
21.33333333333333	21.33333333333333	0.0	-1.1012751739036517	0.0	-10.564406957477331	-0.8469026434350794	0.07735848362917508	0.9608886056905517
22.400000000000006	22.400000000000006	0.0	-1.1584911627525145	0.0	-10.564406957477331	-0.8468812985972947	0.07735028480762268	0.9610851413160895
23.46666666666667	23.46666666666667	0.0	-1.2157208734857228	0.0	-10.564406957477331	-0.8468885530519671	0.07733421983921436	0.9608527626748641
24.53333333333333	24.53333333333333	0.0	-1.272964047193262	0.0	-10.564406957477331	-0.8468976425831904	0.07733849095305971	0.9608056409138215
25.599999999999994	25.599999999999994	0.0	-1.3302203867695057	0.0	-10.564406957477331	-0.8468987586531399	0.07732361717469362	0.9612849822257084
26.66666666666667	26.66666666666667	0.0	-1.3874895609562332	0.0	-10.564406957477331	-0.8469025253892197	0.07736904336792844	0.9613858577788399
27.733333333333334	27.733333333333334	0.0	-1.4447712088999851	0.0	-10.564406957477331	-0.846898919624767	0.07732911167290683	0.9614329151512319
28.799999999999997	28.799999999999997	0.0	-1.5020649452404609	0.0	-10.564406957477331	-0.8469116471147687	0.0773256346857563	0.9614130619838597
29.86666666666666	29.86666666666666	0.0	-1.5593703657466396	0.0	-10.564406957477331	-0.8468957860437551	0.07736039382581945	0.9616756067080487
30.933333333333337	30.933333333333337	0.0	-1.616687053517327	0.0	-10.564406957477331	-0.8468770274834492	0.07735575784295218	0.961788276115742
32.0	32.0	0.0	-1.6740145857628108	0.0	-10.564406957477331	-0.8468973313713775	0.07731738220699479	0.961787750275093
33.06666666666666	33.06666666666666	0.0	-1.731352541184335	0.0	-10.564406957477331	-0.8469194703358575	0.07734531615005881	0.9617882868471846
34.133333333333326	34.133333333333326	0.0	-1.788700507968065	0.0	-10.564406957477331	-0.8468888428008964	0.07734663611740297	0.961958466051606
35.2	35.2	0.0	-1.8460580924102532	0.0	-10.564406957477331	-0.8468863638378348	0.07735001652157712	0.9621858438409422
36.266666666666666	36.266666666666666	0.0	-1.9034249281902877	0.0	-10.564406957477331	-0.8469053692213028	0.07733440227372532	0.9620995523172468
37.33333333333333	37.33333333333333	0.0	-1.9608006863083274	0.0	-10.564406957477331	-0.8469023751490344	0.07735181940380327	0.9622810961185579
38.39999999999999	38.39999999999999	0.0	-2.018185085704204	0.0	-10.564406957477331	-0.8468924378339063	0.07736750877174779	0.9624649901056295
39.46666666666667	39.46666666666667	0.0	-2.0755779045742972	0.0	-10.564406957477331	-0.8468976211203065	0.07734401764559833	0.9625309670099546
40.53333333333333	40.53333333333333	0.0	-2.132978992403061	0.0	-10.564406957477331	-0.8468854302023963	0.07737473103209433	0.962471214341887
41.599999999999994	41.599999999999994	0.0	-2.1903882827259142	0.0	-10.564406957477331	-0.8468901734996822	0.07738606343465891	0.9627163848617635
42.66666666666667	42.66666666666667	0.0	-2.247805806640169	0.0	-10.564406957477331	-0.8468942836419001	0.07738408884936365	0.9628307820315922
43.733333333333334	43.733333333333334	0.0	-2.3052317070806954	0.0	-10.564406957477331	-0.8469019780856865	0.07733662368218262	0.9627333512712855
44.8	44.8	0.0	-2.3626662538770318	0.0	-10.564406957477331	-0.84690129127341	0.07738018260454022	0.962948076690712
45.86666666666666	45.86666666666666	0.0	-2.420109859608605	0.0	-10.564406957477331	-0.8469028366010325	0.07735690610722717	0.9628611090861827
46.93333333333334	46.93333333333334	0.0	-2.4775630962747797	0.0	-10.564406957477331	-0.8468929422116726	0.07736711170840038	0.9628867465006966
48.0	48.0	0.0	-2.5350267127964097	0.0	-10.564406957477331	-0.8468885101261993	0.07734997359580979	0.962856548223408
49.06666666666666	49.06666666666666	0.0	-2.5925016533656065	0.0	-10.564406957477331	-0.8468992952252306	0.07738363812880705	0.9630531697004802
50.133333333333326	50.133333333333326	0.0	-2.6499890766603915	0.0	-10.564406957477331	-0.8468848292416549	0.07733652709920623	0.9630385320138345
51.19999999999999	51.19999999999999	0.0	-2.707490375940949	0.0	-10.564406957477331	-0.8468858701915112	0.07736485810561769	0.9630315136508818
52.26666666666665	52.26666666666665	0.0	-2.765007200044159	0.0	-10.564406957477331	-0.8468907744604239	0.0773727457153572	0.963246174681658
53.33333333333334	53.33333333333334	0.0	-2.822541475293108	0.0	-10.564406957477331	-0.8468940904759472	0.07735603686043956	0.9630785388289489
54.400000000000006	54.400000000000006	0.0	-2.8800954283382634	0.0	-10.564406957477331	-0.846895206545897	0.0773385446102688	0.9630227460629135
55.46666666666667	55.46666666666667	0.0	-2.9376716099470257	0.0	-10.564406957477331	-0.8468985976815123	0.07737848703673227	0.9631498921856263
56.53333333333333	56.53333333333333	0.0	-2.9952729197583214	0.0	-10.564406957477331	-0.8468905812944714	0.07734963018967146	0.9631636498940427
57.599999999999994	57.599999999999994	0.0	-3.052902632018954	0.0	-10.564406957477331	-0.8468815454204568	0.07735595100890497	0.9631826445460686
58.66666666666666	58.66666666666666	0.0	-3.110564422318395	0.0	-10.564406957477331	-0.8468863316435095	0.07734770926158528	0.963275492980717
59.73333333333332	59.73333333333332	0.0	-3.1682623953387075	0.0	-10.564406957477331	-0.8468960114040334	0.07736274401157858	0.9632696443449237
60.80000000000001	60.80000000000001	0.0	-3.2260011136363067	0.0	-10.564406957477331	-0.8469077408699452	0.07734974823553155	0.9633028581573645
61.866666666666674	61.866666666666674	0.0	-3.2837856274722257	0.0	-10.564406957477331	-0.8468935431724143	0.07737538565004555	0.9634982669815111
62.93333333333334	62.93333333333334	0.0	-3.341621505707621	0.0	-10.564406957477331	-0.8468997137514621	0.07735919190433538	0.963243545478412
64.0	64.0	0.0	-3.3995148677811597	0.0	-10.564406957477331	-0.8468836487830536	0.07734377082243636	0.9633838483487993
65.06666666666666	65.06666666666666	0.0	-3.4574724167850257	0.0	-10.564406957477331	-0.8469031800071708	0.0773380080381777	0.9632122311311734
66.13333333333333	66.13333333333333	0.0	-3.51550147365621	0.0	-10.564406957477331	-0.846899305956673	0.07733974653175299	0.9632913862460561
67.19999999999999	67.19999999999999	0.0	-3.5736100124997923	0.0	-10.564406957477331	-0.8468934787837631	0.07735836558331505	0.963280665535676
68.26666666666665	68.26666666666665	0.0	-3.6318066970609046	0.0	-10.564406957477331	-0.8468883169602469	0.07733960702300925	0.9634512954606539
69.33333333333334	69.33333333333334	0.0	-3.6901009183620634	0.0	-10.564406957477331	-0.8469046287518168	0.07735191598677972	0.9633234195998971
70.4	70.4	0.0	-3.748502833522565	0.0	-10.564406957477331	-0.8469025468521033	0.07735503883635002	0.9634544183102244
71.46666666666667	71.46666666666667	0.0	-3.8070234057766568	0.0	-10.564406957477331	-0.8468982006181653	0.07737812216771023	0.9633920793646769
72.53333333333333	72.53333333333333	0.0	-3.865674445707142	0.0	-10.564406957477331	-0.8468974279543541	0.07730925850553513	0.9632306677482245
73.6	73.6	0.0	-3.9244686537111386	0.0	-10.564406957477331	-0.8468889179209893	0.07734041188114596	0.9632702131113406
74.66666666666666	74.66666666666666	0.0	-3.9834196637146766	0.0	-10.564406957477331	-0.8469057662846501	0.07734875021144205	0.9633310389235907
75.73333333333332	75.73333333333332	0.0	-4.042542088152829	0.0	-10.564406957477331	-0.8468899696022875	0.07737157598819859	0.9634755592506146
76.80000000000001	76.80000000000001	0.0	-4.1018515642320645	0.0	-10.564406957477331	-0.8468967304106354	0.07731850900838617	0.963488415517918
77.86666666666667	77.86666666666667	0.0	-4.161364801491512	0.0	-10.564406957477331	-0.846905777016092	0.07736792729797887	0.9635686223140995
78.93333333333334	78.93333333333334	0.0	-4.221099630679855	0.0	-10.564406957477331	-0.8469020639372213	0.07731784365899318	0.9635302466781427
80.0	80.0	0.0	-4.28107505396451	0.0	-10.564406957477331	-0.846903598533402	0.0773423113463485	0.9634611254613639
