Hysterese	V-MOKE
Charge	2020_0446
Sample	1
Sample State	bFC
User	Meike Reginka
Sample Angle	105.0
Magnetic Field Angle	0.0
Detektor Averages	300
Hysteresus Points	150
Magnetic Field [kA/m]	80
Hysteresis Averages	100
Polarization	p-polarization
Measurement Method	Scan Both Angles
Max Voltage Correction	No
Training Effect Elimination	No
Magnetic field [kA/m]	Magnetic field transversal [kA/m]	Magnetic field longitudinal [kA/m]	Magnetic field transversal [V]	Magnetic field longitudinal [V]	Detector diff transversal [V]	Detector diff longitudinal [V]	Detector raw transversal [V]	Detector raw longitudinal [V]
80.0	0.0	80.0	0.0	4.381030188287403	-8.878146013902029	-0.8455571781851389	0.12180649521035365	1.5935160833451385
78.93333333333334	0.0	78.93333333333334	0.0	4.319818714176459	-8.87206607261171	-0.8466688160492084	0.12187138823905458	1.594073098832937
77.86666666666666	0.0	77.86666666666666	0.0	4.258793669369702	-8.87045064721129	-0.8466737310495637	0.12187651786824567	1.5942084008514366
76.8	0.0	76.8	0.0	4.197942654193435	-8.867664088833308	-0.8466755124689062	0.12190173675652868	1.5941807888516264
75.73333333333333	0.0	75.73333333333333	0.0	4.137253993604595	-8.873498494734733	-0.8466758666064864	0.12183389258132664	1.5937215367988313
74.66666666666667	0.0	74.66666666666667	0.0	4.0767167056162315	-8.876930066423448	-0.846678646049918	0.12183496572550886	1.5935738077707027
73.6	0.0	73.6	0.0	4.0163204706037074	-8.87131981887881	-0.8466518818340127	0.12187665737698937	1.59404703216075
72.53333333333333	0.0	72.53333333333333	0.0	3.9560556014798554	-8.876344022385517	-0.8466760383095553	0.12182631618339997	1.5936533384860496
71.46666666666667	0.0	71.46666666666667	0.0	3.89591301472721	-8.8721923924134	-0.8466508623470399	0.12186560399191222	1.5941097896325287
70.4	0.0	70.4	0.0	3.8358842022755653	-8.87922041366298	-0.8466695135929266	0.12180445623640745	1.5934767418794178
69.33333333333333	0.0	69.33333333333333	0.0	3.775961204212982	-8.876454202098708	-0.8466797513884259	0.12182882734078637	1.5938810382186397
68.26666666666667	0.0	68.26666666666667	0.0	3.716136582318465	-8.880376737250792	-0.8466764246414605	0.12179536670518376	1.593221762821715
67.2	0.0	67.2	0.0	3.6564033944044745	-8.873749492427532	-0.8466766929275065	0.12183993438307265	1.5934533795305699
66.13333333333333	0.0	66.13333333333333	0.0	3.596755169457454	-8.871010957251716	-0.8466788606787548	0.12185833880579836	1.5941639834137324
65.06666666666666	0.0	65.06666666666666	0.0	3.5371858835645753	-8.875621968053927	-0.8466773582768995	0.12182617667465627	1.593854359854268
64.0	0.0	64.0	0.0	3.4776899366148504	-8.880183195697525	-0.8466748041937457	0.12179228678138078	1.593438580872297
62.93333333333334	0.0	62.93333333333334	0.0	3.4182621297628257	-8.877274878380637	-0.846661067948213	0.12182217384685651	1.5934162272789805
61.86666666666667	0.0	61.86666666666667	0.0	3.3588976436430196	-8.875357459475893	-0.8466734734949597	0.12183399989574482	1.5935840026404342
60.8	0.0	60.8	0.0	3.2995920173232944	-8.876853701483439	-0.8466640405575974	0.12181472622623163	1.5938176797861194
59.733333333333334	0.0	59.733333333333334	0.0	3.2403411279853396	-8.873621895584254	-0.8466683224028847	0.12184202701422807	1.593906375152783
58.66666666666667	0.0	58.66666666666667	0.0	3.181141171320454	-8.8739648188077	-0.8466673029159121	0.12184335771301409	1.5938222513803353
57.6	0.0	57.6	0.0	3.121988642628807	-8.875764116732315	-0.8466716384184081	0.12184269236362112	1.5937705150993093
56.53333333333333	0.0	56.53333333333333	0.0	3.062880318610361	-8.876386089637458	-0.8466642766493178	0.12183368868393205	1.5934842431572511
55.46666666666667	0.0	55.46666666666667	0.0	3.003813239835633	-8.870563166378785	-0.8466776158315032	0.12186633372995617	1.5938772178253517
54.4	0.0	54.4	0.0	2.9447846938844906	-8.875123074055047	-0.846674557370584	0.12183495499406712	1.5938522672231137
53.33333333333333	0.0	53.33333333333333	0.0	2.885792199141142	-8.875246829042142	-0.8466643517694104	0.12184511766947298	1.5939593133552936
52.266666666666666	0.0	52.266666666666666	0.0	2.8268334892335334	-8.871781818180716	-0.8466780665520601	0.1218659688609342	1.5938800294631086
51.2	0.0	51.2	0.0	2.7679064981053	-8.871714564234813	-0.8466786567813602	0.12185096630526626	1.5939664712269899
50.13333333333333	0.0	50.13333333333333	0.0	2.7090093457084867	-8.87330536097626	-0.8466753300343953	0.1218599699849554	1.5940922437251484
49.06666666666666	0.0	49.06666666666666	0.0	2.6501403243051973	-8.878217764322054	-0.8466704579598076	0.12180247091967031	1.593589379092788
48.0	0.0	48.0	0.0	2.591297885366365	-8.874459763635993	-0.8466972972958052	0.12184151190502063	1.593631478539058
46.93333333333334	0.0	46.93333333333334	0.0	2.532480627055822	-8.879400562376846	-0.8466790967704744	0.12178633083116926	1.5932132635197909
45.86666666666667	0.0	45.86666666666667	0.0	2.4736872822878553	-8.875102566269716	-0.846660445524587	0.1218297287818995	1.5938873805007563
44.8	0.0	44.8	0.0	2.4149167073464275	-8.875384212960347	-0.8466758022178352	0.12182707811576934	1.5941487233034612
43.733333333333334	0.0	43.733333333333334	0.0	2.356167871054244	-8.87712796494209	-0.8466716491498496	0.12182826930581162	1.593846000061089
42.666666666666664	0.0	42.666666666666664	0.0	2.2974398444798476	-8.876405974999157	-0.8466623127954641	0.12181262286363442	1.5936873356937429
41.6	0.0	41.6	0.0	2.2387317911709355	-8.876651349416424	-0.8466565607426472	0.1218122150688452	1.5937818689647572
40.53333333333333	0.0	40.53333333333333	0.0	2.1800429579020566	-8.873990627925275	-0.8466860185504501	0.12185108435112638	1.5938899345839095
39.46666666666667	0.0	39.46666666666667	0.0	2.1213726659248966	-8.87267436292853	-0.8466741495757942	0.12185906854384226	1.5939560080712116
38.4	0.0	38.4	0.0	2.0627203027093186	-8.871700119714113	-0.8466590933629178	0.12186896293320264	1.5942102573908705
37.333333333333336	0.0	37.333333333333336	0.0	2.0040853141633432	-8.875545302633554	-0.8466658970970334	0.12183879685023952	1.5938174007686323
36.266666666666666	0.0	36.266666666666666	0.0	1.9454671973202513	-8.874042975898483	-0.8466626883959285	0.12183120972087096	1.5939479380269608
35.2	0.0	35.2	0.0	1.8868654934810003	-8.879790070789237	-0.8466655322280114	0.12179352089719037	1.593542031971466
34.13333333333333	0.0	34.13333333333333	0.0	1.8282797818001153	-8.871550534146559	-0.8466762851327172	0.12185726566161607	1.5939629405826288
33.06666666666667	0.0	33.06666666666667	0.0	1.7697096733032631	-8.875646500129934	-0.846691405734245	0.1218245133011737	1.5942546426342497
32.0	0.0	32.0	0.0	1.7111548053246695	-8.87880334690798	-0.8466737203181216	0.12180021731688764	1.5938836137646777
30.933333333333337	0.0	30.933333333333337	0.0	1.652614836352576	-8.877669301793391	-0.8466850849150117	0.1218011294894425	1.5938311584770495
29.866666666666667	0.0	29.866666666666667	0.0	1.5940894412709112	-8.875321230128296	-0.8466777016830378	0.12183470817090508	1.5937998977870196
28.799999999999997	0.0	28.799999999999997	0.0	1.5355783069853621	-8.879324143779629	-0.8466561529478582	0.12182645569214363	1.5938349896017792
27.733333333333334	0.0	27.733333333333334	0.0	1.4770811284220267	-8.878002094535747	-0.8466778304603402	0.1218197163466791	1.5939512433110425
26.666666666666664	0.0	26.666666666666664	0.0	1.4185976048868278	-8.88057801617362	-0.8466776265629451	0.12179475501299988	1.5937523682311872
25.6	0.0	25.6	0.0	1.360127436773878	-8.875482749059167	-0.8466733017918905	0.1218435508789669	1.59424593943493
24.53333333333333	0.0	24.53333333333333	0.0	1.3016703226109647	-8.884028625440104	-0.8466808030697244	0.12176800152853634	1.5939508999049041
23.46666666666667	0.0	23.46666666666667	0.0	1.243225956430354	-8.878721680635715	-0.8466670238984243	0.12180845906420724	1.5939038854582792
22.4	0.0	22.4	0.0	1.1847940254530787	-8.881706008755023	-0.8466685477631636	0.12179041951050362	1.5934756258094678
21.333333333333336	0.0	21.333333333333336	0.0	1.1263742080749082	-8.867327561549203	-0.846688862382533	0.1218935701293017	1.5947262036508143
20.266666666666666	0.0	20.266666666666666	0.0	1.0679661721421683	-8.880984426606876	-0.8466652639419654	0.12179206142110244	1.5941284194155327
19.200000000000003	0.0	19.200000000000003	0.0	1.0095695735056076	-8.877428520433217	-0.8466792899364275	0.12180565815789159	1.594450824122207
18.133333333333333	0.0	18.133333333333333	0.0	0.9511840548404781	-8.877744454080476	-0.8466661117258696	0.12181708714343262	1.5944156464559123
17.06666666666667	0.0	17.06666666666667	0.0	0.8928092447210244	-8.873499074232598	-0.8466826274148346	0.12185023656722241	1.5947837992990759
16.0	0.0	16.0	0.0	0.8344447569375557	-8.880207073155574	-0.8466817474366048	0.12179522719644012	1.5944870105440316
14.933333333333337	0.0	14.933333333333337	0.0	0.7760901900442883	-8.878338289145159	-0.8466809318470269	0.12180521816877687	1.5944395024510842
13.866666666666674	0.0	13.866666666666674	0.0	0.7177451271261349	-8.885736920738076	-0.8466680111910722	0.12174848103586113	1.594395095744822
12.799999999999997	0.0	12.799999999999997	0.0	0.6594091357726295	-8.883659377989876	-0.8466737310495636	0.12177142485847775	1.5945862978437753
11.733333333333334	0.0	11.733333333333334	0.0	0.6010817682471681	-8.87739932018002	-0.8466861795220781	0.12181807443608024	1.5954336632215216
10.666666666666671	0.0	10.666666666666671	0.0	0.5427625618397398	-8.890655462468587	-0.846667818025119	0.12171171511617725	1.5949102049523025
9.599999999999994	0.0	9.599999999999994	0.0	0.4844510393913435	-8.887965733890194	-0.8466737095866799	0.12173305995396222	1.595173694043371
8.533333333333331	0.0	8.533333333333331	0.0	0.4261467099782665	-8.892801804490304	-0.8466724325451033	0.12168800936119128	1.5952269863834625
7.466666666666669	0.0	7.466666666666669	0.0	0.36784906974439924	-8.896448445004571	-0.8466795152967059	0.12166623526573332	1.5951940301256258
6.400000000000006	0.0	6.400000000000006	0.0	0.30955760286978407	-8.892179638419197	-0.8466817045108376	0.1216907566102978	1.5961998130475579
5.333333333333329	0.0	5.333333333333329	0.0	0.25127178266356687	-8.903026099835174	-0.8466902896642955	0.12159022446330439	1.5960507211263177
4.266666666666666	0.0	4.266666666666666	0.0	0.19299107276954444	-8.911532956693666	-0.846678002163409	0.12152267003703168	1.5958816472604043
3.200000000000003	0.0	3.200000000000003	0.0	0.13471492847247593	-8.917263653941314	-0.8466719710931045	0.12148286711931194	1.5955674306438403
2.13333333333334	0.0	2.13333333333334	0.0	0.07644279809335723	-8.929377080110298	-0.846681028430003	0.12138733582420774	1.595460352317335
1.0666666666666629	0.0	1.0666666666666629	0.0	0.018174124461827576	-8.928497509675637	-0.846693026181961	0.12139607121785137	1.5957459267156742
0.0	0.0	0.0	0.0	-0.0400916535461	-8.936372509971056	-0.8466821230370691	0.12133607172662159	1.595843711613562
-1.0666666666666629	0.0	-1.0666666666666629	0.0	-0.09835509941681445	-8.942764285497853	-0.8466677429050268	0.1212835842446676	1.5953927227709697
-2.1333333333333258	0.0	-2.1333333333333258	0.0	-0.156616777366191	-8.95200178184137	-0.8466821337685104	0.12121548251486187	1.5955556904464863
-3.200000000000003	0.0	-3.200000000000003	0.0	-0.21487725067681432	-8.954426261372241	-0.8466692453068819	0.1211871515084504	1.5955230454004627
-4.266666666666666	0.0	-4.266666666666666	0.0	-0.27313708001714876	-8.960644101689988	-0.8466893238345317	0.12112821442996115	1.5954754407245373
-5.333333333333329	0.0	-5.333333333333329	0.0	-0.331396821754486	-8.959792883724619	-0.8466785816612672	0.12113869904862172	1.5958025350712868
-6.400000000000006	0.0	-6.400000000000006	0.0	-0.3896570262734731	-8.967910822400013	-0.8466838293363188	0.12107605962270361	1.5959681319500525
-7.466666666666669	0.0	-7.466666666666669	0.0	-0.4479182363120456	-8.978816607226383	-0.8466951832017666	0.12098189122071103	1.5955145031727718
-8.533333333333331	0.0	-8.533333333333331	0.0	-0.506180985326591	-8.986073455009942	-0.8466926291186134	0.12093485531120292	1.5951084468770909
-9.599999999999994	0.0	-9.599999999999994	0.0	-0.564445795898144	-8.986351571056211	-0.8466886584851387	0.12093352461241691	1.5953276687706417
-10.666666666666671	0.0	-10.666666666666671	0.0	-0.6227131781914472	-8.990286565412259	-0.8466801377203319	0.12089652260101284	1.5951997714470008
-11.733333333333334	0.0	-11.733333333333334	0.0	-0.6809836284786798	-8.99727085603639	-0.8466932193479133	0.12083646945257401	1.595433641758639
-12.799999999999997	0.0	-12.799999999999997	0.0	-0.7392576277396917	-8.9993563078572	-0.8466865873168671	0.12082015766100371	1.595369489199423
-13.86666666666666	0.0	-13.86666666666666	0.0	-0.7975356403505398	-9.007659149275206	-0.846688304347558	0.1207548353746301	1.5948732244037822
-14.933333333333337	0.0	-14.933333333333337	0.0	-0.8558181128721578	-9.015740536659742	-0.846668698003349	0.12070251959574523	1.594813149792461
-16.0	0.0	-16.0	0.0	-0.9141054729509707	-9.014229356485187	-0.8466812215959553	0.12070887260930423	1.5945981346241043
-17.066666666666663	0.0	-17.066666666666663	0.0	-0.9723981283432802	-9.020137637632102	-0.8466737739753311	0.12065048283434773	1.59478954062045
-18.133333333333326	0.0	-18.133333333333326	0.0	-1.0306964660752267	-9.02076289435845	-0.8466891950572298	0.12065883189608577	1.5949893171414182
-19.200000000000003	0.0	-19.200000000000003	0.0	-1.0890008517501555	-9.028879513066494	-0.8466850419892441	0.12058227379012386	1.5944979780775737
-20.266666666666666	0.0	-20.266666666666666	0.0	-1.147311629015197	-9.0329591887212	-0.8466997333330997	0.12055883632118347	1.5944007297517786
-21.33333333333333	0.0	-21.33333333333333	0.0	-1.2056291191988913	-9.031572525466094	-0.8466840546965971	0.12058111479440703	1.5947173824056367
-22.400000000000006	0.0	-22.400000000000006	0.0	-1.263953621131659	-9.032444240485335	-0.8467032532460173	0.1205377383065604	1.5948665172526442
-23.46666666666667	0.0	-23.46666666666667	0.0	-1.322285411160945	-9.03768812733759	-0.8466913306141522	0.12051063068451667	1.5943669579043631
-24.53333333333333	0.0	-24.53333333333333	0.0	-1.3806247433728562	-9.042028856046056	-0.8466976836277113	0.12047932706872043	1.594645964660308
-25.599999999999994	0.0	-25.599999999999994	0.0	-1.438971850032102	-9.047396111553498	-0.8466908798935957	0.12042736542741578	1.5944933635575906
-26.66666666666667	0.0	-26.66666666666667	0.0	-1.497326942252062	-9.049641247228628	-0.8466996904073322	0.12040472208517022	1.5940194845495912
-27.733333333333334	0.0	-27.733333333333334	0.0	-1.555690210906793	-9.045488887518472	-0.8466834751987383	0.12046155580106233	1.5949595695846872
-28.799999999999997	0.0	-28.799999999999997	0.0	-1.614061827796803	-9.053890511858446	-0.8466753836916041	0.12037486721401992	1.5944661593525706
-29.86666666666666	0.0	-29.86666666666666	0.0	-1.6724419470803977	-9.05530599976628	-0.8466964602433437	0.12038126315334617	1.5944361113154677
-30.933333333333337	0.0	-30.933333333333337	0.0	-1.7308307069824265	-9.06166398198278	-0.8466670990185173	0.12031850568156804	1.5941386679424725
-32.0	0.0	-32.0	0.0	-1.7892282317922377	-9.058371704408929	-0.8466951188131158	0.12033414139230345	1.5947598896466946
-33.06666666666666	0.0	-33.06666666666666	0.0	-1.8476346341626735	-9.067248602844332	-0.8466978124050131	0.12025237853705768	1.5942696988471254
-34.133333333333326	0.0	-34.133333333333326	0.0	-1.9060500177219062	-9.069850548228624	-0.846701643529744	0.12025505066607148	1.5940990903850323
-35.2	0.0	-35.2	0.0	-1.9644744800099465	-9.073001031261668	-0.8466933373937731	0.12021914326173334	1.5943814453508236
-36.266666666666666	0.0	-36.266666666666666	0.0	-2.0229081157516333	-9.08037750242722	-0.8466733661805417	0.12016864109651655	1.5938792675307385
-37.33333333333333	0.0	-37.33333333333333	0.0	-2.0813510204779293	-9.078074835492478	-0.8466856858757538	0.12017378145714956	1.594179586930142
-38.39999999999999	0.0	-38.39999999999999	0.0	-2.139803294507338	-9.083273403465915	-0.846695784162509	0.12012068228301162	1.5940057161097334
-39.46666666666667	0.0	-39.46666666666667	0.0	-2.1982650472992535	-9.082021516388663	-0.8466925325356369	0.12014341147679174	1.5940934349151912
-40.53333333333333	0.0	-40.53333333333333	0.0	-2.256736402191068	-9.09124029709765	-0.846686040013334	0.12006733628571192	1.5935956784491359
-41.599999999999994	0.0	-41.599999999999994	0.0	-2.315217501530861	-9.084138443528339	-0.8467000552763541	0.12013351708743142	1.5939931817856852
-42.66666666666667	0.0	-42.66666666666667	0.0	-2.37370851221747	-9.086137496511038	-0.8466990250579394	0.12011990961920048	1.5941054541300326
-43.733333333333334	0.0	-43.733333333333334	0.0	-2.432209631659771	-9.09724645972544	-0.846689291640206	0.1200201394045764	1.5935036456040665
-44.8	0.0	-44.8	0.0	-2.4907210941669966	-9.09033929597368	-0.846708897984416	0.12007112448467526	1.5936558925692026
-45.86666666666666	0.0	-45.86666666666666	0.0	-2.549243177781886	-9.096335800303821	-0.8466967392608307	0.12003260933997419	1.593466225066433
-46.93333333333334	0.0	-46.93333333333334	0.0	-2.6077762115685053	-9.100680918171992	-0.8466900535725753	0.11999936333320806	1.592928891042936
-48.0	0.0	-48.0	0.0	-2.666320583366545	-9.084789176697571	-0.8466852673495225	0.120113889280338	1.5940706949899692
-49.06666666666666	0.0	-49.06666666666666	0.0	-2.724876748023921	-9.090144810053529	-0.8466703828397147	0.12009324198627148	1.5940114359682258
-50.133333333333326	0.0	-50.133333333333326	0.0	-2.7834452361194826	-9.093475559846306	-0.8466883687362095	0.12004550853304488	1.593614630175395
-51.19999999999999	0.0	-51.19999999999999	0.0	-2.842026663187659	-9.090005762761827	-0.8466898496751807	0.12008905672396068	1.5940602640285166
-52.26666666666665	0.0	-52.26666666666665	0.0	-2.9006217394568647	-9.091238172272176	-0.8466822625458127	0.12008202762956699	1.5938901921385147
-53.33333333333334	0.0	-53.33333333333334	0.0	-2.9592312801134577	-9.08866134919319	-0.8466779485061999	0.12009832868969537	1.5943935504172
-54.400000000000006	0.0	-54.400000000000006	0.0	-3.0178562161030937	-9.089343901087425	-0.846684569805804	0.12008831625447494	1.5939827186299076
-55.46666666666667	0.0	-55.46666666666667	0.0	-3.076497605481298	-9.091378979520329	-0.8466962778088327	0.12006798017222124	1.5939860990340815
-56.53333333333333	0.0	-56.53333333333333	0.0	-3.135156645325031	-9.087417821909119	-0.8466945500466991	0.12009425074180276	1.5941509232490345
-57.599999999999994	0.0	-57.599999999999994	0.0	-3.193834684217122	-9.089662936121368	-0.846694796869861	0.12009463707370838	1.5944448252462273
-58.66666666666666	0.0	-58.66666666666666	0.0	-3.25253323531534	-9.093695017831573	-0.8466945715095825	0.1200604788943873	1.5940133676277524
-59.73333333333332	0.0	-59.73333333333332	0.0	-3.311253990017958	-9.092410882771652	-0.8467024161935557	0.12006268957140273	1.5940213196261441
-60.80000000000001	0.0	-60.80000000000001	0.0	-3.3699988322376004	-9.09961912785519	-0.8466831854498096	0.11999991063674097	1.593501638824446
-61.866666666666674	0.0	-61.866666666666674	0.0	-3.4287698532951953	-9.096283860125402	-0.8466975763132936	0.12001837944811754	1.5934901669131367
-62.93333333333334	0.0	-62.93333333333334	0.0	-3.4875693674458788	-9.092934298115102	-0.8466837220219002	0.12007937696343676	1.5941000884091217
-64.0	0.0	-64.0	0.0	-3.546399928048623	-9.09690835491938	-0.8466937129942379	0.12003087084639896	1.5937062122999093
-65.06666666666666	0.0	-65.06666666666666	0.0	-3.605264344391439	-9.099863343276748	-0.846687660461049	0.12000521196900132	1.5937059332824217
-66.13333333333333	0.0	-66.13333333333333	0.0	-3.6641656991839646	-9.096809024693874	-0.8466891306685784	0.1200309459664917	1.593828722439755
-67.19999999999999	0.0	-67.19999999999999	0.0	-3.723107366729244	-9.096722475615568	-0.8466848595547333	0.1200331244491817	1.593868160488453
-68.26666666666665	0.0	-68.26666666666665	0.0	-3.782093031786535	-9.09699697516595	-0.8466885297078371	0.12001981746132177	1.5933666909435278
-69.33333333333334	0.0	-69.33333333333334	0.0	-3.8411267091369456	-9.099310180376564	-0.8467006455056548	0.12002079402252756	1.5935417314910953
-70.4	0.0	-70.4	0.0	-3.9002127638637214	-9.097964725858064	-0.846692253518149	0.12003368248415647	1.5936339145763505
-71.46666666666667	0.0	-71.46666666666667	0.0	-3.959355932359017	-9.095301922467193	-0.846701879621464	0.1200345409995022	1.593631070744268
-72.53333333333333	0.0	-72.53333333333333	0.0	-4.018561344068946	-9.095017238778526	-0.8466789679931734	0.12005188300948742	1.593763378690497
-73.6	0.0	-73.6	0.0	-4.077834543988736	-9.099249193592676	-0.8466972543700383	0.12001404394562122	1.5935429870697886
-74.66666666666666	0.0	-74.66666666666666	0.0	-4.137181515919814	-9.09320966691227	-0.8466930047190764	0.1200496937953557	1.5939847576038546
-75.73333333333332	0.0	-75.73333333333332	0.0	-4.19660870650064	-9.093096621904104	-0.8466957197738582	0.1200647929339999	1.5939527779072233
-76.80000000000001	0.0	-76.80000000000001	0.0	-4.256123050023082	-9.098507575842653	-0.8466868663343544	0.120017263378168	1.5938401836196212
-77.86666666666667	0.0	-77.86666666666667	0.0	-4.315731994046186	-9.089952824559314	-0.8466985743373826	0.12009343515222426	1.5940418703372345
-78.93333333333334	0.0	-78.93333333333334	0.0	-4.375443525819141	-9.092860036537694	-0.8466948827213959	0.12006300078321558	1.5940498223356245
-80.0	0.0	-80.0	0.0	-4.435266199525242	-9.095224248291288	-0.8466940349374918	0.12004050768115558	1.593861120662617
-80.0	0.0	-80.0	0.0	-4.380060909566294	-9.09029894575242	-0.8456249687031323	0.12008234957282161	1.5942259038330489
-78.93333333333334	0.0	-78.93333333333334	0.0	-4.318197730509417	-9.096066773788783	-0.8466826166833924	0.12003865114172026	1.593851033107303
-77.86666666666666	0.0	-77.86666666666666	0.0	-4.256627645195748	-9.094304982253332	-0.8466936593370279	0.120068355772685	1.5938188602447203
-76.8	0.0	-76.8	0.0	-4.195328882143961	-9.090314205862688	-0.846703886401085	0.12008056815347905	1.5941866052930942
-75.73333333333333	0.0	-75.73333333333333	0.0	-4.1342809326230165	-9.094203731099732	-0.846691749140384	0.12005595022593822	1.5940241312639012
-74.66666666666667	0.0	-74.66666666666667	0.0	-4.073464498932334	-9.093911202727092	-0.846676306595601	0.12005252689599681	1.5938512262732576
-73.6	0.0	-73.6	0.0	-4.012861444010001	-9.097227787016665	-0.8466862439107286	0.12002313347684489	1.5939358436920272
-72.53333333333333	0.0	-72.53333333333333	0.0	-3.9524547423527756	-9.097071451372202	-0.8466934661710751	0.12003489513708239	1.593653467263351
-71.46666666666667	0.0	-71.46666666666667	0.0	-3.8922284322315646	-9.094118899052125	-0.8466898604066228	0.12004008915492453	1.5939953280740489
-70.4	0.0	-70.4	0.0	-3.832167569186148	-9.091304052593518	-0.8466860507447752	0.12008108326268652	1.5943220682832202
-69.33333333333333	0.0	-69.33333333333333	0.0	-3.7722581807828357	-9.09400536039764	-0.846706869741912	0.12005551023682345	1.593801207022922
-68.26666666666667	0.0	-68.26666666666667	0.0	-3.712487222618799	-9.09152877971672	-0.8466864156137983	0.12005725946184059	1.5941085125909527
-67.2	0.0	-67.2	0.0	-3.652842535556789	-9.099140237263853	-0.8466908691621542	0.12000927918545205	1.5935996598140536
-66.13333333333333	0.0	-66.13333333333333	0.0	-3.5933128041739804	-9.092265310763329	-0.8466905579503412	0.12006382710423588	1.5938922633067867
-65.06666666666666	0.0	-65.06666666666666	0.0	-3.533887516408651	-9.090660670461938	-0.8466836254389238	0.1200730561442033	1.5938618396692186
-64.0	0.0	-64.0	0.0	-3.474556924388418	-9.090694753521161	-0.8467000660077959	0.12007284151536685	1.5942451131139108
-62.93333333333334	0.0	-62.93333333333334	0.0	-3.4153120064237723	-9.096353324748316	-0.8466894633432749	0.12003538878340622	1.5936610114669523
-61.86666666666667	0.0	-61.86666666666667	0.0	-3.356144430150613	-9.095516154240299	-0.8466862331792872	0.12005028402465584	1.5938748676395924
-60.8	0.0	-60.8	0.0	-3.2970465168055205	-9.096318565608257	-0.8466852244237554	0.1200233373742396	1.593577467192364
-59.733333333333334	0.0	-59.733333333333334	0.0	-3.2380112066174873	-9.09602584406966	-0.8466936271427024	0.12003453026806048	1.5937831674692178
-58.66666666666667	0.0	-58.66666666666667	0.0	-3.179032025299821	-9.092180564567258	-0.8467009781803513	0.12006387003000323	1.5939389021529464
-57.6	0.0	-57.6	0.0	-3.1201030516259602	-9.084845860173282	-0.846695483682138	0.12013606043914331	1.5945817906382076
-56.53333333333333	0.0	-56.53333333333333	0.0	-3.061218886072913	-9.095392882168087	-0.8466888623825334	0.12003853309586024	1.5937821801765701
-55.46666666666667	0.0	-55.46666666666667	0.0	-3.002374620516045	-9.099258658724379	-0.8466797513884255	0.1200057914668597	1.5938223050375446
-54.4	0.0	-54.4	0.0	-2.943565808958942	-9.095631120176543	-0.8466991860295664	0.1200424071463581	1.5936353311266713
-53.33333333333333	0.0	-53.33333333333333	0.0	-2.884788439282071	-9.089654608522501	-0.8466872097404925	0.12008017109013165	1.5941549260768337
-52.266666666666666	0.0	-52.266666666666666	0.0	-2.826038905993961	-9.08898342122516	-0.8466836361703659	0.12009146056692895	1.5941752406962044
-51.2	0.0	-51.2	0.0	-2.7673139839686236	-9.089577588964556	-0.846681565002094	0.12007919452892579	1.5943729138545744
-50.13333333333333	0.0	-50.13333333333333	0.0	-2.7086108031529483	-9.104278397951271	-0.8466995723614716	0.1199725776544191	1.5932949619863859
-49.06666666666666	0.0	-49.06666666666666	0.0	-2.649926824227785	-9.095725707104773	-0.8466940456689332	0.1200390589365095	1.5933908903448386
-48.0	0.0	-48.0	0.0	-2.591259815206436	-9.09978417743042	-0.8466947432126521	0.12000654266778732	1.5933073568016909
-46.93333333333334	0.0	-46.93333333333334	0.0	-2.532607828954294	-9.094121410209512	-0.8466874351007712	0.120054394166874	1.5936351057663933
-45.86666666666667	0.0	-45.86666666666667	0.0	-2.473969181613334	-9.09857267276875	-0.8466845268800371	0.12002183497238436	1.5935077450148427
-44.8	0.0	-44.8	0.0	-2.415342431915193	-9.093850688126652	-0.8467000660077959	0.12004320127305299	1.5935041821761577
-43.733333333333334	0.0	-43.733333333333334	0.0	-2.356726361366558	-9.095119616733518	-0.8466989177435209	0.12004115156766491	1.5936557959862272
-42.666666666666664	0.0	-42.666666666666664	0.0	-2.29811995529058	-9.094147927602258	-0.8466833249585528	0.12005470537868673	1.5937063732715362
-41.6	0.0	-41.6	0.0	-2.2395223847080508	-9.096377910481534	-0.846690922819363	0.12003418686192203	1.5934251773014614
-40.53333333333333	0.0	-40.53333333333333	0.0	-2.180932989042046	-9.095608584148719	-0.8466925539985197	0.12005099229981617	1.5936040275108747
-39.46666666666667	0.0	-39.46666666666667	0.0	-2.122351259629783	-9.096520703046425	-0.8466934983654003	0.12003150400146648	1.5934558799565146
-38.4	0.0	-38.4	0.0	-2.0637768240253935	-9.100476741759879	-0.8466842478625497	0.11999759264530731	1.5929463725616657
-37.333333333333336	0.0	-37.333333333333336	0.0	-2.0052094310773465	-9.094886529817135	-0.8466869736487727	0.1200443173430026	1.5934933434199172
-36.266666666666666	0.0	-36.266666666666666	0.0	-1.946648936764245	-9.10021021567077	-0.8466913735399194	0.11999169035230488	1.5932829749658706
-35.2	0.0	-35.2	0.0	-1.8880952907727155	-9.088355417249709	-0.8466961490315303	0.12009006547949198	1.5939205299245467
-34.13333333333333	0.0	-34.13333333333333	0.0	-1.8295485238011158	-9.092343092253655	-0.8466987245775683	0.12006031792275997	1.5938106184974001
-33.06666666666667	0.0	-33.06666666666667	0.0	-1.771008735572786	-9.087382547659848	-0.8466795260281471	0.12011462974982373	1.5943444969966287
-32.0	0.0	-32.0	0.0	-1.7124760835425616	-9.086204761188387	-0.8466877033868166	0.12010446707441774	1.5941909837213577
-30.933333333333337	0.0	-30.933333333333337	0.0	-1.6539507722802793	-9.084737075547524	-0.8466805455151208	0.12011643263204991	1.593872313556438
-29.866666666666667	0.0	-29.866666666666667	0.0	-1.5954330435149888	-9.084225861853424	-0.8466851600351046	0.12013778820127677	1.594529603636625
-28.799999999999997	0.0	-28.799999999999997	0.0	-1.536923166823607	-9.089841346341661	-0.8466957734310673	0.12009406830729179	1.5941431644165962
-27.733333333333334	0.0	-27.733333333333334	0.0	-1.478421430947724	-9.086844880961657	-0.846690525756016	0.1201050251093926	1.593840709460271
-26.666666666666664	0.0	-26.666666666666664	0.0	-1.4199281357222944	-9.086285590408188	-0.8466952153960925	0.12011518778479852	1.594218896201538
-25.6	0.0	-25.6	0.0	-1.3614435845999364	-9.08749785700223	-0.8466759846523462	0.12010034620075799	1.5939525310840608
-24.53333333333333	0.0	-24.53333333333333	0.0	-1.302968077754553	-9.082515935376309	-0.8466987245775677	0.12013938718610831	1.5942032068335934
-23.46666666666667	0.0	-23.46666666666667	0.0	-1.2445019057480127	-9.07980817797565	-0.8466922105923819	0.12016660212257017	1.594715504403316
-22.4	0.0	-22.4	0.0	-1.1860453437435996	-9.08775459601639	-0.8466949578414884	0.12009647215026009	1.594048545294047
-21.333333333333336	0.0	-21.333333333333336	0.0	-1.1275986462499692	-9.08047238983582	-0.8466872312033763	0.12016322171839607	1.594284132636378
-20.266666666666666	0.0	-20.266666666666666	0.0	-1.0691620423793182	-9.08601330153483	-0.8466932837365642	0.12011554192237861	1.5939586050801322
-19.200000000000003	0.0	-19.200000000000003	0.0	-1.010735731603509	-9.076196779516323	-0.8466932944680059	0.12017656090058149	1.5944919148129448
-18.133333333333333	0.0	-18.133333333333333	0.0	-0.9523198799918556	-9.079390005882157	-0.8466817903623725	0.12018406217841544	1.5945348191173514
-17.06666666666667	0.0	-17.06666666666667	0.0	-0.8939146169143085	-9.078120798257803	-0.8466729261914273	0.12018604749515273	1.5943900948929326
-16.0	0.0	-16.0	0.0	-0.8355200321937496	-9.069395256077863	-0.8466864156137972	0.1202601695638208	1.5949903580912759
-14.933333333333337	0.0	-14.933333333333337	0.0	-0.7771361736911329	-9.072447782509945	-0.8466882936161165	0.12022894106811725	1.5949456187103184
-13.866666666666674	0.0	-13.866666666666674	0.0	-0.7187630453071814	-9.067116852933081	-0.8466787104385692	0.12025825936717642	1.5947195072311176
-12.799999999999997	0.0	-12.799999999999997	0.0	-0.6604006053843748	-9.06226595148037	-0.8466947861384194	0.12031811934966248	1.5948811442078483
-11.733333333333334	0.0	-11.733333333333334	0.0	-0.6020487654929477	-9.061462134293532	-0.8466878858213269	0.12032033002667786	1.595113265294469
-10.666666666666671	0.0	-10.666666666666671	0.0	-0.5437073895846136	-9.060111689654587	-0.846682241082929	0.1203303746562238	1.5951788129411204
-9.599999999999994	0.0	-9.599999999999994	0.0	-0.4853762934977529	-9.053428641333847	-0.8466899999153661	0.12038404259677822	1.595363200574516
-8.533333333333331	0.0	-8.533333333333331	0.0	-0.4270552447977797	-9.047496804672129	-0.8466915774373146	0.12042337333105774	1.5954512949804365
-7.466666666666669	0.0	-7.466666666666669	0.0	-0.36874396293640566	-9.049263929734156	-0.8466837542162259	0.12043156142116837	1.5950428992304384
-6.400000000000006	0.0	-6.400000000000006	0.0	-0.31044211971353775	-9.034854082329565	-0.8466828205807875	0.12054062506441068	1.5958890841495863
-5.333333333333329	0.0	-5.333333333333329	0.0	-0.2521493400255208	-9.030895757819003	-0.8467035429949464	0.12057026530672452	1.5956639063058242
-4.266666666666666	0.0	-4.266666666666666	0.0	-0.1938652028834597	-9.027121134129555	-0.8466735378836109	0.12061766608525457	1.5956009878624198
-3.200000000000003	0.0	-3.200000000000003	0.0	-0.1355892426853284	-9.0199942763008	-0.8466936486055865	0.12066341422174397	1.5959363883451412
-2.13333333333334	0.0	-2.13333333333334	0.0	-0.07732095072560852	-9.014487404735236	-0.8466814254933507	0.1207158480464889	1.5959965380765562
-1.0666666666666629	0.0	-1.0666666666666629	0.0	-0.01905977692616606	-9.011223715722416	-0.8466703828397147	0.12073928551542921	1.5957760606043119
0.0	0.0	0.0	0.0	0.0391948682279	-9.001056425796497	-0.8466826059519513	0.12082128446239514	1.5960372531668303
1.0666666666666629	0.0	1.0666666666666629	0.0	0.0974436115637267	-8.990116912048471	-0.8466824235174394	0.12090184539615675	1.596356964281607
2.1333333333333258	0.0	2.1333333333333258	0.0	0.1556871149237345	-8.993249935025673	-0.8466970397412018	0.12088681064616352	1.596085201248894
3.200000000000003	0.0	3.200000000000003	0.0	0.2139260727125422	-8.992705968971139	-0.8466842693254335	0.1208919295439128	1.595901360919032
4.266666666666666	0.0	4.266666666666666	0.0	0.27216120930401666	-8.982448030556155	-0.8466736130037034	0.12096329363203263	1.5960150927394665
5.333333333333329	0.0	5.333333333333329	0.0	0.33039327632474647	-8.980951573919764	-0.846687596072398	0.12097788839291121	1.5956365411291762
6.400000000000006	0.0	6.400000000000006	0.0	0.38862304983020113	-8.975095662208927	-0.8466670882870753	0.12103152413914019	1.5957613048718051
7.466666666666669	0.0	7.466666666666669	0.0	0.44685132738985966	-8.974953116467209	-0.8466956231908813	0.12102277801405488	1.5955483716031638
8.533333333333331	0.0	8.533333333333331	0.0	0.5050789250975919	-8.961586590568034	-0.8466809747727937	0.12112080973510357	1.5958320679991838
9.599999999999994	0.0	9.599999999999994	0.0	0.5633066745235548	-8.962528156542113	-0.8467000982021211	0.12113089729041679	1.5953665917101307
10.666666666666671	0.0	10.666666666666671	0.0	0.621535419623892	-8.95945677496673	-0.8466817367051632	0.12115037485732466	1.595506937506286
11.733333333333334	0.0	11.733333333333334	0.0	0.6797660136245051	-8.945183656862408	-0.846683421541529	0.12127843315259286	1.5957558532993605
12.799999999999997	0.0	12.799999999999997	0.0	0.7379993158951843	-8.941289152236362	-0.8466806099037717	0.12130286864562274	1.5960442178725736
13.86666666666666	0.0	13.86666666666666	0.0	0.7962361888303604	-8.9503144987065	-0.8466768968249007	0.12123391913191302	1.595148206869043
14.933333333333337	0.0	14.933333333333337	0.0	0.8544774947527677	-8.938825095148054	-0.8466843659084091	0.12131291327516859	1.5949610075978915
16.0	0.0	16.0	0.0	0.9127240928562825	-8.940607190571427	-0.8466979948395241	0.12129289913616953	1.5947462821784644
17.066666666666663	0.0	17.066666666666663	0.0	0.9709768362042303	-8.933430013011957	-0.8466664122062404	0.12136819093199641	1.5952494687540797
18.133333333333326	0.0	18.133333333333326	0.0	1.0292365687994187	-8.93595608710257	-0.8466590289742669	0.12133709121359479	1.5945870705075853
19.200000000000003	0.0	19.200000000000003	0.0	1.0875041227421884	-8.937777642037528	-0.846681253790281	0.12133925896484288	1.594358984443088
20.266666666666666	0.0	20.266666666666666	0.0	1.1457803154927464	-8.932348187093279	-0.8466778626546652	0.1213839446885919	1.5947059748829793
21.33333333333333	0.0	21.33333333333333	0.0	1.2040659472540736	-8.92702880454781	-0.8466878428955598	0.12142060329385766	1.5947206447639504
22.400000000000006	0.0	22.400000000000006	0.0	1.2623617984916657	-8.927932241709074	-0.8466742354273293	0.12141191082598135	1.5945322757656397
23.46666666666667	0.0	23.46666666666667	0.0	1.3206686276063948	-8.921552270768283	-0.8466741603072359	0.12146452708523724	1.5946709474568699
24.53333333333333	0.0	24.53333333333333	0.0	1.3789871687767694	-8.919833952303666	-0.8466807494125157	0.12148357539447219	1.5947943161120617
25.599999999999994	0.0	25.599999999999994	0.0	1.4373181299868607	-8.919979760403704	-0.8466858790417068	0.12146855137592062	1.5943719909505785
26.66666666666667	0.0	26.66666666666667	0.0	1.4956621912561816	-8.92221638604547	-0.8466851922294301	0.12145152057774833	1.5939297696959556
27.733333333333334	0.0	27.733333333333334	0.0	1.5540200030877847	-8.919371405698218	-0.8466781845979193	0.12148895184682529	1.594129535485481
28.799999999999997	0.0	28.799999999999997	0.0	1.6123921851508696	-8.916253728682833	-0.8466686443461398	0.12151789454542061	1.5941290847649248
29.86666666666666	0.0	29.86666666666666	0.0	1.670779325214162	-8.916789238361217	-0.8466779270433159	0.12150167933682676	1.5935485996138616
30.933333333333337	0.0	30.933333333333337	0.0	1.7291819783463485	-8.906156150203001	-0.8466631820422517	0.12159714624327993	1.5940363543761373
32.0	0.0	32.0	0.0	1.7876006663998416	-8.906254450210097	-0.8466820908427433	0.12158444021616205	1.5940560251089977
33.06666666666666	0.0	33.06666666666666	0.0	1.8460358777941588	-8.905789446104468	-0.8466883150790002	0.12157993301059664	1.5938817142994748
34.133333333333326	0.0	34.133333333333326	0.0	1.9044880676151767	-8.900543434426742	-0.8466707584401786	0.1216317122173903	1.5938749427596843
35.2	0.0	35.2	0.0	1.9629576580465535	-8.904697629213459	-0.8466786675128022	0.1215983696276477	1.593655849643436
36.266666666666666	0.0	36.266666666666666	0.0	2.021445039149582	-8.896775228139512	-0.8466700287021347	0.12167134343204088	1.5939328388883174
37.33333333333333	0.0	37.33333333333333	0.0	2.079950570007767	-8.897007789215245	-0.8466710589205497	0.12167189073557383	1.593846579558948
38.39999999999999	0.0	38.39999999999999	0.0	2.1384745802523812	-8.888760429351471	-0.8466790967704747	0.12172984052141547	1.5940554241482554
39.46666666666667	0.0	39.46666666666667	0.0	2.1970173719853	-8.88414926830908	-0.8466700501650185	0.1217761788872051	1.5941439370804076
40.53333333333333	0.0	40.53333333333333	0.0	2.2555792221153697	-8.88423325257278	-0.8466682043570244	0.12177429015344442	1.5943196107830426
41.599999999999994	0.0	41.599999999999994	0.0	2.3141603851246044	-8.882067948093372	-0.846681436224792	0.12177298091754196	1.593889451669029
42.66666666666667	0.0	42.66666666666667	0.0	2.3727610962804784	-8.882842983553227	-0.846674814925187	0.12177175753317421	1.593899185086762
43.733333333333334	0.0	43.733333333333334	0.0	2.4313815753105863	-8.87909174367552	-0.84668301374674	0.12180013146535298	1.5940830898052738
44.8	0.0	44.8	0.0	2.490022030555963	-8.878606188858823	-0.8466692023811144	0.1218146940319062	1.5940983928413124
45.86666666666666	0.0	45.86666666666666	0.0	2.548682663619322	-8.88139171701836	-0.8466770792594126	0.12179148192324402	1.5938796753255278
46.93333333333334	0.0	46.93333333333334	0.0	2.607363674524507	-8.882166838329766	-0.8466616903718385	0.12179728763326997	1.5936346657772782
48.0	0.0	48.0	0.0	2.6660652674034075	-8.881377283229115	-0.8466729154599849	0.12179763103940841	1.5934748853399827
49.06666666666666	0.0	49.06666666666666	0.0	2.724787656726653	-8.878833158853368	-0.8466865980483087	0.12182075729653588	1.5937041733259625
50.133333333333326	0.0	50.133333333333326	0.0	2.783531074094322	-8.879247821765384	-0.8466710803834337	0.12181588522194847	1.5936030938754362
51.19999999999999	0.0	51.19999999999999	0.0	2.8422957756029708	-8.880148640454854	-0.8466716384184082	0.12180396259008364	1.5937840689103322
52.26666666666665	0.0	52.26666666666665	0.0	2.901082049805243	-8.883739080408299	-0.8466811572073044	0.12177947343984462	1.5934166779995373
53.33333333333334	0.0	53.33333333333334	0.0	2.9598902262783517	-8.878633017463377	-0.8466701467479948	0.1218214226459288	1.5936535638463274
54.400000000000006	0.0	54.400000000000006	0.0	3.0187206848176857	-8.877337507075122	-0.8466662405031715	0.12182252798443663	1.5939055595632043
55.46666666666667	0.0	55.46666666666667	0.0	3.0775738652718507	-8.884500572788577	-0.8466759202636954	0.12176057537079514	1.5933064017033687
56.53333333333333	0.0	56.53333333333333	0.0	3.13645027803539	-8.879870363436957	-0.8466853317381735	0.12179433648676881	1.593421947137472
57.599999999999994	0.0	57.599999999999994	0.0	3.195350515215478	-8.877338129498748	-0.8466781524035945	0.12180952147694767	1.5935852582191274
58.66666666666666	0.0	58.66666666666666	0.0	3.2542752624888656	-8.879273051385104	-0.8466805455151207	0.12181529499264819	1.593338746269022
59.73333333333332	0.0	59.73333333333332	0.0	3.3132253116653385	-8.880817681463837	-0.8466681721626997	0.1218154774271592	1.593473404401011
60.80000000000001	0.0	60.80000000000001	0.0	3.372201573973985	-8.882192057218054	-0.8466769934078775	0.12177882955333535	1.5934026841994007
61.866666666666674	0.0	61.866666666666674	0.0	3.431205094088528	-8.881096613099693	-0.8466762744012749	0.12179824273159222	1.5932573375513552
62.93333333333334	0.0	62.93333333333334	0.0	3.490237064908026	-8.88285382230947	-0.8466914057342452	0.12178391625675919	1.5932542147017863
64.0	0.0	64.0	0.0	3.549298843109189	-8.880870802100855	-0.8466683224028847	0.12178776884437344	1.5933695991642625
65.06666666666666	0.0	65.06666666666666	0.0	3.6083919654866037	-8.870302306490967	-0.8466738276325398	0.12186925268213185	1.5942590317939545
66.13333333333333	0.0	66.13333333333333	0.0	3.667518166097146	-8.880661270699273	-0.8466805025893536	0.12179139607170944	1.5932658690476054
67.19999999999999	0.0	67.19999999999999	0.0	3.7266793942248477	-8.879007941846332	-0.8466770470650868	0.12181205409721782	1.5931329816035171
68.26666666666665	0.0	68.26666666666665	0.0	3.7858778331825	-8.878110879161506	-0.8466822840086958	0.12181737689236187	1.5937240801505432
69.33333333333334	0.0	69.33333333333334	0.0	3.845115919966272	-8.879067651588622	-0.8466877999697929	0.1217994339216345	1.5938409240891065
70.4	0.0	70.4	0.0	3.9043963657796077	-8.87513411670868	-0.8466775729057359	0.12183114533222014	1.593791817011327
71.46666666666667	0.0	71.46666666666667	0.0	3.9637221774427083	-8.875519879847865	-0.8466869414544472	0.12184480645766019	1.5940042137078783
72.53333333333333	0.0	72.53333333333333	0.0	4.023096679703835	-8.881149401062014	-0.8466723788878937	0.12179525939076559	1.5935642782503647
73.6	0.0	73.6	0.0	4.082523538468745	-8.874894880676125	-0.8466591148258016	0.12185724419873249	1.5936091034828583
74.66666666666666	0.0	74.66666666666666	0.0	4.142006784964515	-8.877000571996216	-0.8466776587572707	0.12182784004813875	1.593752539934257
75.73333333333332	0.0	75.73333333333332	0.0	4.201550840854042	-8.878692523308281	-0.8466790860390329	0.12182220604118194	1.593758699781863
76.80000000000001	0.0	76.80000000000001	0.0	4.261160544317486	-8.873429019380383	-0.8466698891933908	0.12186662347888536	1.5939012025978254
77.86666666666667	0.0	77.86666666666667	0.0	4.320841177116942	-8.870651797356802	-0.8466739242155161	0.12188248454989901	1.5940729485927514
78.93333333333334	0.0	78.93333333333334	0.0	4.380598492660622	-8.876598625842751	-0.8466794831023803	0.12183337747211911	1.5939745949284485
80.0	0.0	80.0	0.0	4.440438745082791	-8.87183588318461	-0.846687714118258	0.12187370623048813	1.5941935163416283
