Hysterese	V-MOKE
Charge	2020_0446
Sample	1
Sample State	bFC
User	Meike Reginka
Sample Angle	130.0
Magnetic Field Angle	0.0
Detektor Averages	300
Hysteresus Points	150
Magnetic Field [kA/m]	80
Hysteresis Averages	100
Polarization	p-polarization
Measurement Method	Scan Both Angles
Max Voltage Correction	No
Training Effect Elimination	No
Magnetic field [kA/m]	Magnetic field transversal [kA/m]	Magnetic field longitudinal [kA/m]	Magnetic field transversal [V]	Magnetic field longitudinal [V]	Detector diff transversal [V]	Detector diff longitudinal [V]	Detector raw transversal [V]	Detector raw longitudinal [V]
80.0	0.0	80.0	0.0	4.381030188287403	-7.726976082972665	-0.8451960544363692	0.1313811734559442	1.7643479311326018
78.93333333333334	0.0	78.93333333333334	0.0	4.319818714176459	-7.726715888434232	-0.8466776158315031	0.13137778232032826	1.7641486160636322
77.86666666666666	0.0	77.86666666666666	0.0	4.258793669369702	-7.724904989821007	-0.84665846020785	0.13140828107798777	1.7646805092461233
76.8	0.0	76.8	0.0	4.197942654193435	-7.730445311290722	-0.846644756156642	0.13136077298503948	1.7642158807409751
75.73333333333333	0.0	75.73333333333333	0.0	4.137253993604595	-7.733185209359642	-0.8466500360260193	0.1313345775355508	1.7638081610718126
74.66666666666667	0.0	74.66666666666667	0.0	4.0767167056162315	-7.727075831724407	-0.8466742461587714	0.13136785573664236	1.7643686213524357
73.6	0.0	73.6	0.0	4.0163204706037074	-7.726405095147616	-0.8466517745195945	0.1313859811418806	1.764392144672911
72.53333333333333	0.0	72.53333333333333	0.0	3.9560556014798554	-7.726179906572409	-0.8466613255028166	0.1313957360224973	1.7642302716044598
71.46666666666667	0.0	71.46666666666667	0.0	3.89591301472721	-7.740413146638926	-0.8466569685374371	0.1312795788962103	1.7634823759609637
70.4	0.0	70.4	0.0	3.8358842022755653	-7.730977537147909	-0.8466527403493583	0.1313519839341869	1.7638678708141113
69.33333333333333	0.0	69.33333333333333	0.0	3.775961204212982	-7.729086302961198	-0.8466635683741575	0.13136465776697936	1.763720485192122
68.26666666666667	0.0	68.26666666666667	0.0	3.716136582318465	-7.733772745067984	-0.8466593616489629	0.13133068202216913	1.7641038659512325
67.2	0.0	67.2	0.0	3.6564033944044745	-7.736644747185734	-0.8466673565731209	0.13128890451915406	1.7637765999014123
66.13333333333333	0.0	66.13333333333333	0.0	3.596755169457454	-7.728274125981188	-0.8466688911693017	0.1313696908131941	1.7640336286645038
65.06666666666666	0.0	65.06666666666666	0.0	3.5371858835645753	-7.731203004740601	-0.8466733769119834	0.13134076957748234	1.7639170315491024
64.0	0.0	64.0	0.0	3.4776899366148504	-7.7339153444669195	-0.8466775836371783	0.13132585287334902	1.7639927096768344
62.93333333333334	0.0	62.93333333333334	0.0	3.4182621297628257	-7.729374474368469	-0.8466495638425792	0.13137654820451858	1.7639879019908977
61.86666666666667	0.0	61.86666666666667	0.0	3.3588976436430196	-7.730696985064345	-0.8466678180251194	0.13135100737298094	1.7639172461779373
60.8	0.0	60.8	0.0	3.2995920173232944	-7.735084309693206	-0.8466521179257334	0.1313115478613996	1.7635205476995262
59.733333333333334	0.0	59.733333333333334	0.0	3.2403411279853396	-7.733654441653332	-0.8466678180251195	0.13133704576716992	1.763911279496285
58.66666666666667	0.0	58.66666666666667	0.0	3.181141171320454	-7.741244618751333	-0.8466567431771584	0.13127282881930397	1.763115489427935
57.6	0.0	57.6	0.0	3.121988642628807	-7.737147236217635	-0.8466651458961052	0.13130599970597734	1.7631043823856507
56.53333333333333	0.0	56.53333333333333	0.0	3.062880318610361	-7.733663252167069	-0.846675405154488	0.13132120615903983	1.7636947941203989
55.46666666666667	0.0	55.46666666666667	0.0	3.003813239835633	-7.740446982874992	-0.8466724432765449	0.13126600362230484	1.763362623801667
54.4	0.0	54.4	0.0	2.9447846938844906	-7.748036891686947	-0.8466664765948915	0.13120763531023208	1.7623895610458495
53.33333333333333	0.0	53.33333333333333	0.0	2.885792199141142	-7.7381157917678856	-0.8466872633977015	0.13130384268617096	1.7632682085765115
52.266666666666666	0.0	52.266666666666666	0.0	2.8268334892335334	-7.734780867444232	-0.8466515169649906	0.13131676334212522	1.7636416090947258
51.2	0.0	51.2	0.0	2.7679064981053	-7.741071724492129	-0.8466580202187355	0.13125598045564255	1.7632372912926213
50.13333333333333	0.0	50.13333333333333	0.0	2.7090093457084867	-7.739580633576658	-0.8466644268895034	0.13127586581733966	1.763088714480588
49.06666666666666	0.0	49.06666666666666	0.0	2.6501403243051973	-7.739262907778617	-0.8466689770208358	0.13129192005430615	1.7631799317360797
48.0	0.0	48.0	0.0	2.591297885366365	-7.738461333463128	-0.8466676785163761	0.131272818087862	1.7633310304369407
46.93333333333334	0.0	46.93333333333334	0.0	2.532480627055822	-7.736606113995177	-0.846667968265305	0.13129771503289034	1.7634104216435438
45.86666666666667	0.0	45.86666666666667	0.0	2.4736872822878553	-7.744712130038704	-0.8466781309407108	0.1312463865466534	1.7626067654283388
44.8	0.0	44.8	0.0	2.4149167073464275	-7.737683132227925	-0.8466580309501769	0.13128391439870654	1.7629795435229283
43.733333333333334	0.0	43.733333333333334	0.0	2.356167871054244	-7.742591640060339	-0.8466627527845795	0.13124903721278336	1.762786946336539
42.666666666666664	0.0	42.666666666666664	0.0	2.2974398444798476	-7.740484317561089	-0.8466762314755081	0.13128562069795635	1.7633146971824871
41.6	0.0	41.6	0.0	2.2387317911709355	-7.7418394518401135	-0.8466565929369722	0.13126655092583783	1.762763369358855
40.53333333333333	0.0	40.53333333333333	0.0	2.1800429579020566	-7.746715561449665	-0.8466728725342176	0.13121412783253464	1.7628810396184391
39.46666666666667	0.0	39.46666666666667	0.0	2.1213726659248966	-7.730850026156177	-0.8466576231553884	0.13135927058318456	1.7638830236099656
38.4	0.0	38.4	0.0	2.0627203027093186	-7.74644795148494	-0.8466592006773359	0.13122697336839623	1.7627850683342208
37.333333333333336	0.0	37.333333333333336	0.0	2.0040853141633432	-7.73665748540718	-0.846654360797074	0.13130671871257954	1.7632394161181026
36.266666666666666	0.0	36.266666666666666	0.0	1.9454671973202513	-7.739076717262999	-0.8466785816612673	0.131280029616767	1.7630201298359005
35.2	0.0	35.2	0.0	1.8868654934810003	-7.740809297813802	-0.8466634395968557	0.13126540266156275	1.7630559943144712
34.13333333333333	0.0	34.13333333333333	0.0	1.8282797818001153	-7.7403160592847575	-0.8466665839093099	0.13126323491031455	1.7633070027387003
33.06666666666667	0.0	33.06666666666667	0.0	1.7697096733032631	-7.747257177318448	-0.8466581597274789	0.13121584486322616	1.762620587525407
32.0	0.0	32.0	0.0	1.7111548053246695	-7.737817200130616	-0.8466598016380779	0.13130422901807667	1.763199216137034
30.933333333333337	0.0	30.933333333333337	0.0	1.652614836352576	-7.735914129163576	-0.8466650493131291	0.13130175005501574	1.763291506536708
29.866666666666667	0.0	29.866666666666667	0.0	1.5940894412709112	-7.748251863929535	-0.8466699321191584	0.13119524049492698	1.7632238662589002
28.799999999999997	0.0	28.799999999999997	0.0	1.5355783069853621	-7.740985894420437	-0.8466559597819057	0.13125756870903232	1.763045198483998
27.733333333333334	0.0	27.733333333333334	0.0	1.4770811284220267	-7.74072985294999	-0.8466733769119835	0.131270532290754	1.7631856515945712
26.666666666666664	0.0	26.666666666666664	0.0	1.4185976048868278	-7.743230987169798	-0.8466606601534237	0.13124517389372736	1.7631846535704825
25.6	0.0	25.6	0.0	1.360127436773878	-7.742034646035425	-0.8466621196295112	0.13126190421152864	1.7635625398313792
24.53333333333333	0.0	24.53333333333333	0.0	1.3016703226109647	-7.735737682797128	-0.8466656073481035	0.13130259783891957	1.7639111721818668
23.46666666666667	0.0	23.46666666666667	0.0	1.243225956430354	-7.743729408985248	-0.8466707369772949	0.13123736140408054	1.7631524270506875
22.4	0.0	22.4	0.0	1.1847940254530787	-7.754106895662138	-0.8466682365513504	0.13116502075475478	1.7625118565568605
21.333333333333336	0.0	21.333333333333336	0.0	1.1263742080749082	-7.739892607321881	-0.846665167358989	0.1312837963528465	1.763400484328416
20.266666666666666	0.0	20.266666666666666	0.0	1.0679661721421683	-7.740263099619362	-0.8466670238984239	0.13127628434357078	1.7636875074714018
19.200000000000003	0.0	19.200000000000003	0.0	1.0095695735056076	-7.744735642627737	-0.8466728725342179	0.13125252493137565	1.7637874386576526
18.133333333333333	0.0	18.133333333333333	0.0	0.9511840548404781	-7.745646709844145	-0.8466699321191584	0.13121414929541828	1.7632763537408556
17.06666666666667	0.0	17.06666666666667	0.0	0.8928092447210244	-7.746935631127118	-0.8466762744012754	0.131202387635181	1.7638541131056962
16.0	0.0	16.0	0.0	0.8344447569375557	-7.745152441096676	-0.8466627957103466	0.13123673898045488	1.7637189935217095
14.933333333333337	0.0	14.933333333333337	0.0	0.7760901900442883	-7.744387621969432	-0.8466654678393604	0.13125718237712675	1.7637792720304264
13.866666666666674	0.0	13.866666666666674	0.0	0.7177451271261349	-7.75384700160408	-0.8466621088980699	0.1311565536471568	1.7634383448551663
12.799999999999997	0.0	12.799999999999997	0.0	0.6594091357726295	-7.7488760260488245	-0.8466467414733801	0.1312140097866747	1.7635671650828035
11.733333333333334	0.0	11.733333333333334	0.0	0.6010817682471681	-7.759453139006488	-0.8466683116714434	0.13112680609042482	1.7636865631045202
10.666666666666671	0.0	10.666666666666671	0.0	0.5427625618397398	-7.761373219308819	-0.8466693633527419	0.1310966400074618	1.763718564264035
9.599999999999994	0.0	9.599999999999994	0.0	0.4844510393913435	-7.759531006348356	-0.8466575694981787	0.1311172121814355	1.7641864551274984
8.533333333333331	0.0	8.533333333333331	0.0	0.4261467099782665	-7.767568641644589	-0.8466711984292935	0.13104819827907488	1.7642751719570438
7.466666666666669	0.0	7.466666666666669	0.0	0.36784906974439924	-7.770550190320469	-0.8466647166384328	0.13102130528586767	1.7642601050127258
6.400000000000006	0.0	6.400000000000006	0.0	0.30955760286978407	-7.7795546963305835	-0.8466642873807594	0.13094696858836294	1.7645535348264787
5.333333333333329	0.0	5.333333333333329	0.0	0.25127178266356687	-7.776976220609566	-0.8466779592376414	0.13096783051126604	1.7644936533811102
4.266666666666666	0.0	4.266666666666666	0.0	0.19299107276954444	-7.789037813914547	-0.8466707369772951	0.13088356723007546	1.7648705952751254
3.200000000000003	0.0	3.200000000000003	0.0	0.13471492847247593	-7.80331013789218	-0.8466518603711293	0.1307750186960406	1.764004385485538
2.13333333333334	0.0	2.13333333333334	0.0	0.07644279809335723	-7.800418046515332	-0.8466878321641184	0.13077427822655494	1.7645510773263018
1.0666666666666629	0.0	1.0666666666666629	0.0	0.018174124461827576	-7.806534700068124	-0.8466639117802959	0.13072651257900283	1.7648511069767756
0.0	0.0	0.0	0.0	-0.0400916535461	-7.816285502736912	-0.8466700823593439	0.1306367655310411	1.7647113192155954
-1.0666666666666629	0.0	-1.0666666666666629	0.0	-0.09835509941681445	-7.822465021075899	-0.846661014291004	0.1306085740333733	1.7640986397390637
-2.1333333333333258	0.0	-2.1333333333333258	0.0	-0.156616777366191	-7.840377417925404	-0.8466790216503823	0.13045335445885228	1.7635873616563134
-3.200000000000003	0.0	-3.200000000000003	0.0	-0.21487725067681432	-7.845395407927291	-0.846670747708737	0.13041559051507895	1.7636942897426329
-4.266666666666666	0.0	-4.266666666666666	0.0	-0.27313708001714876	-7.852223051695151	-0.8466705652742256	0.1303610211334113	1.7634398043312545
-5.333333333333329	0.0	-5.333333333333329	0.0	-0.331396821754486	-7.853734510887208	-0.8466818332881395	0.13034672685290374	1.7636854363031298
-6.400000000000006	0.0	-6.400000000000006	0.0	-0.3896570262734731	-7.852696276085204	-0.8466892594458812	0.1303522428140006	1.764111635515111
-7.466666666666669	0.0	-7.466666666666669	0.0	-0.4479182363120456	-7.869383292518759	-0.8466722179162669	0.13021769199642985	1.7634870334067148
-8.533333333333331	0.0	-8.533333333333331	0.0	-0.506180985326591	-7.8692917211256885	-0.8466743105474217	0.13023006534885107	1.763264581349176
-9.599999999999994	0.0	-9.599999999999994	0.0	-0.564445795898144	-7.871342209909044	-0.8466786782442436	0.13020646690828339	1.7633412038437886
-10.666666666666671	0.0	-10.666666666666671	0.0	-0.6227131781914472	-7.876792462387547	-0.8466774119341082	0.13016714690544562	1.7637748614078368
-11.733333333333334	0.0	-11.733333333333334	0.0	-0.6809836284786798	-7.877904025131523	-0.8466802235718663	0.13014644595417	1.7636271001853825
-12.799999999999997	0.0	-12.799999999999997	0.0	-0.7392576277396917	-7.888675108900137	-0.8466823054715793	0.1300682995948184	1.7633866622313488
-13.86666666666666	0.0	-13.86666666666666	0.0	-0.7975356403505398	-7.8908457791004585	-0.8466779592376416	0.1300572676726248	1.762920595712996
-14.933333333333337	0.0	-14.933333333333337	0.0	-0.8558181128721578	-7.8897029020092475	-0.8466890877428115	0.13005659159179006	1.763581845695217
-16.0	0.0	-16.0	0.0	-0.9141054729509707	-7.899589489611409	-0.8466818654824648	0.12997606285235386	1.7631962327962076
-17.066666666666663	0.0	-17.066666666666663	0.0	-0.9723981283432802	-7.904143387680237	-0.8466773797397833	0.1299408851860596	1.7632556849839052
-18.133333333333326	0.0	-18.133333333333326	0.0	-1.0306964660752267	-7.903234992592844	-0.8466861687906355	0.1299443514417681	1.763262059460347
-19.200000000000003	0.0	-19.200000000000003	0.0	-1.0890008517501555	-7.911455384343316	-0.8466739242155161	0.12987426439522537	1.763089476412957
-20.266666666666666	0.0	-20.266666666666666	0.0	-1.147311629015197	-7.907154930736007	-0.8466990465208225	0.12992435876565286	1.76340162186125
-21.33333333333333	0.0	-21.33333333333333	0.0	-1.2056291191988913	-7.911334247828027	-0.8466978982565473	0.12986012035490332	1.7636012159477068
-22.400000000000006	0.0	-22.400000000000006	0.0	-1.263953621131659	-7.922874411106293	-0.8466910945224323	0.12976466417989196	1.762600197785943
-23.46666666666667	0.0	-23.46666666666667	0.0	-1.322285411160945	-7.921974504589383	-0.8466867375570523	0.12980471392077356	1.763218586389525
-24.53333333333333	0.0	-24.53333333333333	0.0	-1.3806247433728562	-7.924624580490247	-0.8466846771202224	0.1297691391911318	1.7632741537952807
-25.599999999999994	0.0	-25.599999999999994	0.0	-1.438971850032102	-7.930726971956859	-0.8466841727424571	0.12972290813976048	1.7631174210874634
-26.66666666666667	0.0	-26.66666666666667	0.0	-1.497326942252062	-7.941043289415359	-0.846684333714084	0.12965179087480255	1.7625852381560432
-27.733333333333334	0.0	-27.733333333333334	0.0	-1.555690210906793	-7.9422099151873295	-0.846690396978714	0.1296107860355986	1.7628863624135827
-28.799999999999997	0.0	-28.799999999999997	0.0	-1.614061827796803	-7.931764079957469	-0.8466829493580896	0.12970867824790375	1.763620049628105
-29.86666666666666	0.0	-29.86666666666666	0.0	-1.6724419470803977	-7.938010347864596	-0.8466951724703248	0.12965523566762768	1.7639580578511884
-30.933333333333337	0.0	-30.933333333333337	0.0	-1.7308307069824265	-7.950688762982651	-0.8466845698058045	0.1295584917195976	1.7631814770637015
-32.0	0.0	-32.0	0.0	-1.7892282317922377	-7.949676455344095	-0.8466758666064861	0.12956644371798812	1.763236947886483
-33.06666666666666	0.0	-33.06666666666666	0.0	-1.8476346341626735	-7.950785828873941	-0.8466925218041951	0.1295565600600694	1.7635463031599006
-34.133333333333326	0.0	-34.133333333333326	0.0	-1.9060500177219062	-7.953604302559879	-0.8467036288464813	0.1295238613568362	1.7639932355174823
-35.2	0.0	-35.2	0.0	-1.9644744800099465	-7.960342628537452	-0.8466946895554428	0.12947474354761465	1.7635252802653714
-36.266666666666666	0.0	-36.266666666666666	0.0	-2.0229081157516333	-7.966253131092833	-0.8466874136378874	0.12944408381832756	1.763253012854891
-37.33333333333333	0.0	-37.33333333333333	0.0	-2.0813510204779293	-7.967422461188146	-0.8466873599806779	0.12942498185188359	1.7631115187944615
-38.39999999999999	0.0	-38.39999999999999	0.0	-2.139803294507338	-7.963551544271221	-0.8467078677660012	0.12946671642913143	1.763683118311696
-39.46666666666667	0.0	-39.46666666666667	0.0	-2.1982650472992535	-7.971303862723718	-0.8466813396418154	0.12938630573555526	1.7634283538828306
-40.53333333333333	0.0	-40.53333333333333	0.0	-2.256736402191068	-7.968671976616743	-0.8466954836821379	0.12941394992969	1.763467201702227
-41.599999999999994	0.0	-41.599999999999994	0.0	-2.315217501530861	-7.971806416144269	-0.8466862331792866	0.12938146585529325	1.7637342750948632
-42.66666666666667	0.0	-42.66666666666667	0.0	-2.37370851221747	-7.966686949628511	-0.8466831961812511	0.12943411430887455	1.7636055836445286
-43.733333333333334	0.0	-43.733333333333334	0.0	-2.432209631659771	-7.973899401437244	-0.846695784162509	0.12934887446647822	1.7634056354204912
-44.8	0.0	-44.8	0.0	-2.4907210941669966	-7.978462635860459	-0.8466867697513782	0.12932251804536204	1.7630230917138447
-45.86666666666666	0.0	-45.86666666666666	0.0	-2.549243177781886	-7.9748391430662	-0.8467027810625772	0.12935406848432035	1.763392714764537
-46.93333333333334	0.0	-46.93333333333334	0.0	-2.6077762115685053	-7.970845716009436	-0.8466892379829971	0.12940563306227756	1.763918340785004
-48.0	0.0	-48.0	0.0	-2.666320583366545	-7.978701152886401	-0.8467035322635043	0.12932561943204887	1.7631725055783383
-49.06666666666666	0.0	-49.06666666666666	0.0	-2.724876748023921	-7.9819829673044795	-0.8467053566086142	0.12930051858962593	1.7631033414357935
-50.133333333333326	0.0	-50.133333333333326	0.0	-2.7834452361194826	-7.967271383950163	-0.846680223571866	0.12943156022572072	1.7638653167309597
-51.19999999999999	0.0	-51.19999999999999	0.0	-2.842026663187659	-7.974647221960647	-0.8466928222845658	0.12935356410655466	1.7636081055333575
-52.26666666666665	0.0	-52.26666666666665	0.0	-2.9006217394568647	-7.9789519037560295	-0.8466886155593712	0.12932150928983066	1.7629904895935866
-53.33333333333334	0.0	-53.33333333333334	0.0	-2.9592312801134577	-7.971751267264746	-0.8466890555484864	0.1293833009318448	1.7638454742950282
-54.400000000000006	0.0	-54.400000000000006	0.0	-3.0178562161030937	-7.980968652886295	-0.8466915881687562	0.12930778377573984	1.763170734890438
-55.46666666666667	0.0	-55.46666666666667	0.0	-3.076497605481298	-7.979361716056348	-0.8466866624369601	0.12932391313279895	1.7631067647657344
-56.53333333333333	0.0	-56.53333333333333	0.0	-3.135156645325031	-7.974153575636809	-0.8466882077645821	0.12935721279677434	1.7637946501865573
-57.599999999999994	0.0	-57.599999999999994	0.0	-3.193834684217122	-7.973158094899029	-0.8466843659084096	0.1293818092614315	1.763594691231079
-58.66666666666666	0.0	-58.66666666666666	0.0	-3.25253323531534	-7.971628113238389	-0.8466963743918089	0.1293924548517195	1.7639105497582406
-59.73333333333332	0.0	-59.73333333333332	0.0	-3.311253990017958	-7.9686289006092705	-0.8467005381912363	0.12942266386044982	1.7640204719168286
-60.80000000000001	0.0	-60.80000000000001	0.0	-3.3699988322376004	-7.9747947363599385	-0.84668265960916	0.12935445481622593	1.763696071161975
-61.866666666666674	0.0	-61.866666666666674	0.0	-3.4287698532951953	-7.979918806664241	-0.8467033283661103	0.129305294081237	1.7631995917374985
-62.93333333333334	0.0	-62.93333333333334	0.0	-3.4875693674458788	-7.979296898147746	-0.8466816723165123	0.12932004981374304	1.7628257404987275
-64.0	0.0	-64.0	0.0	-3.546399928048623	-7.9664802942533335	-0.8466874351007708	0.1294326762956703	1.7641826776599765
-65.06666666666666	0.0	-65.06666666666666	0.0	-3.605264344391439	-7.964818830967485	-0.8466909764765721	0.12944277458242529	1.7646573186003456
-66.13333333333333	0.0	-66.13333333333333	0.0	-3.6641656991839646	-7.977655202177731	-0.8466929510618679	0.12932824863529538	1.7636070431206172
-67.19999999999999	0.0	-67.19999999999999	0.0	-3.723107366729244	-7.972567329026698	-0.8466988318919861	0.1293742650578303	1.7637295425290205
-68.26666666666665	0.0	-68.26666666666665	0.0	-3.782093031786535	-7.970468473635049	-0.8467040688355957	0.12939306654390337	1.7642769104506193
-69.33333333333334	0.0	-69.33333333333334	0.0	-3.8411267091369456	-7.970535137351651	-0.8466816937793962	0.12939217583423201	1.7639211846170868
-70.4	0.0	-70.4	0.0	-3.9002127638637214	-7.976880939381679	-0.846695526607905	0.1293398385924636	1.7639966266530982
-71.46666666666667	0.0	-71.46666666666667	0.0	-3.959355932359017	-7.964976304144797	-0.8467035644578299	0.1294356489050552	1.7644009229923217
-72.53333333333333	0.0	-72.53333333333333	0.0	-4.018561344068946	-7.962625903756817	-0.8466976407019438	0.12946301408170252	1.764869103604712
-73.6	0.0	-73.6	0.0	-4.077834543988736	-7.9672790140053005	-0.8466823805916722	0.12943108804228054	1.7647126499143824
-74.66666666666666	0.0	-74.66666666666666	0.0	-4.137181515919814	-7.963853033397787	-0.8466906759962014	0.12945217532546174	1.7649030364237555
-75.73333333333332	0.0	-75.73333333333332	0.0	-4.19660870650064	-7.965032483242728	-0.8466864156137979	0.12944536085990443	1.7650721961412033
-76.80000000000001	0.0	-76.80000000000001	0.0	-4.256123050023082	-7.958712179118471	-0.8466963636603674	0.12948485256581127	1.7652810621933959
-77.86666666666667	0.0	-77.86666666666667	0.0	-4.315731994046186	-7.961428586061244	-0.8466843444455263	0.12947259725924998	1.765141489061051
-78.93333333333334	0.0	-78.93333333333334	0.0	-4.375443525819141	-7.966368558481074	-0.8466836898275748	0.129425260869371	1.7646082437168897
-80.0	0.0	-80.0	0.0	-4.435266199525242	-7.962213172504324	-0.8466943568807462	0.12946263848123882	1.7652244645692234
-80.0	0.0	-80.0	0.0	-4.380060909566294	-7.955358077708288	-0.8453455434209575	0.1295208565531261	1.7655877668006823
-78.93333333333334	0.0	-78.93333333333334	0.0	-4.318197730509417	-7.960241763715767	-0.8466961704944141	0.12948442330813853	1.765442269912454
-77.86666666666666	0.0	-77.86666666666666	0.0	-4.256627645195748	-7.961671052257783	-0.8466889267711839	0.12947743713951212	1.7650048885380922
-76.8	0.0	-76.8	0.0	-4.195328882143961	-7.968072078287427	-0.8466948827213961	0.12942366188453946	1.7647338874377487
-75.73333333333333	0.0	-75.73333333333333	0.0	-4.1342809326230165	-7.974815619745726	-0.8466851385722208	0.12935695524217056	1.7638659713489093
-74.66666666666667	0.0	-74.66666666666667	0.0	-4.073464498932334	-7.956177187199716	-0.8466844732228279	0.12951322649799013	1.7653527804190947
-73.6	0.0	-73.6	0.0	-4.012861444010001	-7.961659301328982	-0.8467027595996934	0.12946527841592703	1.7649747761123384
-72.53333333333333	0.0	-72.53333333333333	0.0	-3.9524547423527756	-7.958648348502512	-0.8466881648388151	0.1295036003946753	1.765125896276083
-71.46666666666667	0.0	-71.46666666666667	0.0	-3.8922284322315646	-7.971929248227372	-0.8466893882231826	0.12938498576821109	1.7646306402359742
-70.4	0.0	-70.4	0.0	-3.832167569186148	-7.964320087208783	-0.8466912662255006	0.12943144217986075	1.7642275136239107
-69.33333333333333	0.0	-69.33333333333333	0.0	-3.7722581807828357	-7.963292884328974	-0.8466966641407384	0.12945235775997274	1.7652118443936395
-68.26666666666667	0.0	-68.26666666666667	0.0	-3.712487222618799	-7.963814335818572	-0.8466755446632316	0.12945489038024285	1.7646052818389464
-67.2	0.0	-67.2	0.0	-3.652842535556789	-7.966135922285247	-0.8466948612585122	0.1294340391887817	1.7646972073695983
-66.13333333333333	0.0	-66.13333333333333	0.0	-3.5933128041739804	-7.975416086841461	-0.8466980914225007	0.12936456383442277	1.7641073858641498
-65.06666666666666	0.0	-65.06666666666666	0.0	-3.533887516408651	-7.973352580819178	-0.846698681651801	0.12938350482923944	1.7637724897591947
-64.0	0.0	-64.0	0.0	-3.474556924388418	-7.967387809362496	-0.846688948234068	0.12941401431834096	1.7645308485584668
-62.93333333333334	0.0	-62.93333333333334	0.0	-3.4153120064237723	-7.975643207076194	-0.8466960846428799	0.12935121392079554	1.7638023875561109
-61.86666666666667	0.0	-61.86666666666667	0.0	-3.356144430150613	-7.967305542129483	-0.8466841942053409	0.12941278020253133	1.7636906947096234
-60.8	0.0	-60.8	0.0	-3.2970465168055205	-7.975650719085474	-0.8466903111271793	0.12936638817953255	1.7640751271500306
-59.733333333333334	0.0	-59.733333333333334	0.0	-3.2380112066174873	-7.96744466454127	-0.8466824986375326	0.12942162291059306	1.7640988972936684
-58.66666666666667	0.0	-58.66666666666667	0.0	-3.179032025299821	-7.969177524109564	-0.8466971255927362	0.12939702644593584	1.7640287458584734
-57.6	0.0	-57.6	0.0	-3.1201030516259602	-7.97275017133247	-0.8466843659084096	0.12937335288527546	1.7637208285982604
-56.53333333333333	0.0	-56.53333333333333	0.0	-3.061218886072913	-7.97323289304853	-0.8466874672950964	0.12938665987313527	1.7637997046956562
-55.46666666666667	0.0	-55.46666666666667	0.0	-3.002374620516045	-7.981944623862847	-0.8466983382456625	0.12930101223594978	1.763130481252161
-54.4	0.0	-54.4	0.0	-2.943565808958942	-7.973549781794108	-0.8466932515422392	0.1293545835935277	1.7633480397722294
-53.33333333333333	0.0	-53.33333333333333	0.0	-2.884788439282071	-7.9740444797992405	-0.8466724647394279	0.12937871860618672	1.7638428665546666
-52.266666666666666	0.0	-52.266666666666666	0.0	-2.826038905993961	-7.971003360889804	-0.8467008708659323	0.1293918968167447	1.7639886853861504
-51.2	0.0	-51.2	0.0	-2.7673139839686236	-7.97536280523281	-0.8466903003957377	0.1293616019564797	1.7639642391616783
-50.13333333333333	0.0	-50.13333333333333	0.0	-2.7086108031529483	-7.970349172196305	-0.8466926076557292	0.12941023685081934	1.764144924447645
-49.06666666666666	0.0	-49.06666666666666	0.0	-2.649926824227785	-7.973701781936077	-0.8466868234085874	0.12935965956550988	1.7639995777995998
-48.0	0.0	-48.0	0.0	-2.591259815206436	-7.977084976285047	-0.846698370439988	0.12934692134406642	1.7638978544625652
-46.93333333333334	0.0	-46.93333333333334	0.0	-2.532607828954294	-7.969338989383232	-0.8466862331792868	0.12940557940506855	1.7640218777357077
-45.86666666666667	0.0	-45.86666666666667	0.0	-2.473969181613334	-7.978225953911063	-0.8466830674039488	0.12932852765278272	1.763504107130654
-44.8	0.0	-44.8	0.0	-2.415342431915193	-7.980043870887238	-0.8466825630261833	0.12932114442080883	1.763076577219887
-43.733333333333334	0.0	-43.733333333333334	0.0	-2.356726361366558	-7.979627555333175	-0.8467053888029402	0.12932097271773954	1.7631994307658712
-42.666666666666664	0.0	-42.666666666666664	0.0	-2.29811995529058	-7.972023652721084	-0.8466911267167581	0.1293826248510101	1.7636996447321034
-41.6	0.0	-41.6	0.0	-2.2395223847080508	-7.974555725687666	-0.8466890126227188	0.12937615379159104	1.7634603765052277
-40.53333333333333	0.0	-40.53333333333333	0.0	-2.180932989042046	-7.980527011129534	-0.8467047449164309	0.1292937148555103	1.7631867140073105
-39.46666666666667	0.0	-39.46666666666667	0.0	-2.122351259629783	-7.977461274292555	-0.8467070414449802	0.12934599844006972	1.7630563591834936
-38.4	0.0	-38.4	0.0	-2.0637768240253935	-7.978219321880017	-0.8466916847517326	0.12933547089564187	1.7628321471694948
-37.333333333333336	0.0	-37.333333333333336	0.0	-2.0052094310773465	-7.97351864988138	-0.8466908155049455	0.12939525575803512	1.763721086152865
-36.266666666666666	0.0	-36.266666666666666	0.0	-1.946648936764245	-7.969957431644019	-0.8466902574699701	0.12941493722233774	1.7638440148189412
-35.2	0.0	-35.2	0.0	-1.8880952907727155	-7.973722600933218	-0.8466786138555921	0.12937472650982854	1.7636614086048885
-34.13333333333333	0.0	-34.13333333333333	0.0	-1.8295485238011158	-7.977430035065414	-0.8466920925465216	0.129340600524833	1.763192272894175
-33.06666666666667	0.0	-33.06666666666667	0.0	-1.771008735572786	-7.976310638368903	-0.8466945822410247	0.12933952738065074	1.7630843253208826
-32.0	0.0	-32.0	0.0	-1.7124760835425616	-7.966500812770098	-0.8466818118252561	0.12943098072786238	1.7640420743092182
-30.933333333333337	0.0	-30.933333333333337	0.0	-1.6539507722802793	-7.973117605169027	-0.8467017830384878	0.1293761645230329	1.76365470145375
-29.866666666666667	0.0	-29.866666666666667	0.0	-1.5954330435149888	-7.974804738063716	-0.8466901394241101	0.12935195439028122	1.763176690840649
-28.799999999999997	0.0	-28.799999999999997	0.0	-1.536923166823607	-7.9679837799841104	-0.8466977909421297	0.12943483331547662	1.7637440192440392
-27.733333333333334	0.0	-27.733333333333334	0.0	-1.478421430947724	-7.974066736809581	-0.8466742461587706	0.12937369629141374	1.7634925064420437
-26.666666666666664	0.0	-26.666666666666664	0.0	-1.4199281357222944	-7.9795275597582735	-0.8466771221851793	0.129332197805886	1.7631568698676028
-25.6	0.0	-25.6	0.0	-1.3614435845999364	-7.9749716549098215	-0.8466866731684017	0.1293576313230053	1.7629004742595797
-24.53333333333333	0.0	-24.53333333333333	0.0	-1.302968077754553	-7.97329158330386	-0.846693519828284	0.12938296825714837	1.7627800030936798
-23.46666666666667	0.0	-23.46666666666667	0.0	-1.2445019057480127	-7.965221163452858	-0.8466880253300709	0.12943821371965072	1.7638129902206325
-22.4	0.0	-22.4	0.0	-1.1860453437435996	-7.971753510136089	-0.8466906867276436	0.12938624134690432	1.7632101514762522
-21.333333333333336	0.0	-21.333333333333336	0.0	-1.1275986462499692	-7.973471549583221	-0.8466664873263334	0.1293900724716348	1.7630424405034495
-20.266666666666666	0.0	-20.266666666666666	0.0	-1.0691620423793182	-7.967784947830021	-0.8466993791955193	0.1294238443190504	1.7637301434897628
-19.200000000000003	0.0	-19.200000000000003	0.0	-1.010735731603509	-7.962691751883844	-0.8466849132119423	0.12947166362381143	1.763769785435856
-18.133333333333333	0.0	-18.133333333333333	0.0	-0.9523198799918556	-7.96854594656399	-0.8466899891839246	0.1294176093513514	1.763437153665124
-17.06666666666667	0.0	-17.06666666666667	0.0	-0.8939146169143085	-7.969893547370849	-0.846678431421082	0.12939375335617995	1.7635424827666113
-16.0	0.0	-16.0	0.0	-0.8355200321937496	-7.964031497275296	-0.8467038327438757	0.12944614425515744	1.7636209832635432
-14.933333333333337	0.0	-14.933333333333337	0.0	-0.7771361736911329	-7.962562556055742	-0.8466913735399197	0.12946687740075868	1.7632290280824179
-13.866666666666674	0.0	-13.866666666666674	0.0	-0.7187630453071814	-7.965709948433552	-0.8466959236712529	0.12942718179745716	1.7628091282267857
-12.799999999999997	0.0	-12.799999999999997	0.0	-0.6604006053843748	-7.964109632903203	-0.846695075887349	0.12945258312025115	1.763666742131474
-11.733333333333334	0.0	-11.733333333333334	0.0	-0.6020487654929477	-7.952114778434915	-0.8466859326989155	0.1295458822754562	1.7639967339675178
-10.666666666666671	0.0	-10.666666666666671	0.0	-0.5437073895846136	-7.953107200711777	-0.8466823805916727	0.12955972583540704	1.7639993953650899
-9.599999999999994	0.0	-9.599999999999994	0.0	-0.4853762934977529	-7.945916480072737	-0.8466828635065545	0.12961502495511865	1.7645078618100822
-8.533333333333331	0.0	-8.533333333333331	0.0	-0.4270552447977797	-7.940943401154875	-0.8466743534731888	0.1296603652968187	1.7643660565378405
-7.466666666666669	0.0	-7.466666666666669	0.0	-0.36874396293640566	-7.94586194288539	-0.8466791933534514	0.1296097236228583	1.7639870542069935
-6.400000000000006	0.0	-6.400000000000006	0.0	-0.31044211971353775	-7.939052703540255	-0.8466800196744714	0.12965454885535094	1.7642948963471148
-5.333333333333329	0.0	-5.333333333333329	0.0	-0.2521493400255208	-7.933138863506472	-0.8466871775461674	0.12972027893651403	1.7643940870638801
-4.266666666666666	0.0	-4.266666666666666	0.0	-0.1938652028834597	-7.932315858501657	-0.8466798801657284	0.12970308716671416	1.7644196278954183
-3.200000000000003	0.0	-3.200000000000003	0.0	-0.1355892426853284	-7.920406769716416	-0.8466868985286794	0.12980060377855543	1.7645833682347458
-2.13333333333334	0.0	-2.13333333333334	0.0	-0.07732095072560852	-7.916256202157043	-0.8466816937793961	0.12984258517896527	1.7646953508301646
-1.0666666666666629	0.0	-1.0666666666666629	0.0	-0.01905977692616606	-7.913179347546338	-0.8466798265085186	0.12986959621803254	1.764548598363241
0.0	0.0	0.0	0.0	0.0391948682279	-7.906833996236867	-0.8466763709842521	0.12992195492268463	1.7652327814366366
1.0666666666666629	0.0	1.0666666666666629	0.0	0.0974436115637267	-7.910226183534084	-0.8466855785613354	0.12988577923230096	1.764250725732573
2.1333333333333258	0.0	2.1333333333333258	0.0	0.1556871149237345	-7.896906296481083	-0.8466933481252151	0.12999904960073752	1.7642734012691437
3.200000000000003	0.0	3.200000000000003	0.0	0.2139260727125422	-7.902186927790133	-0.8466949578414885	0.12996576066820423	1.7646999653501478
4.266666666666666	0.0	4.266666666666666	0.0	0.27216120930401666	-7.892155175974438	-0.846680459663586	0.13003317558573327	1.7647560693279956
5.333333333333329	0.0	5.333333333333329	0.0	0.33039327632474647	-7.888449340827075	-0.846681318178932	0.13009023466190356	1.764602727755794
6.400000000000006	0.0	6.400000000000006	0.0	0.38862304983020113	-7.888090556532623	-0.8467044766303852	0.13006887909267678	1.763927065447206
7.466666666666669	0.0	7.466666666666669	0.0	0.44685132738985966	-7.8816618541145145	-0.8466945715095828	0.13012822396595541	1.7641170870875569
8.533333333333331	0.0	8.533333333333331	0.0	0.5050789250975919	-7.871395963701134	-0.846669685295997	0.13020759370967472	1.7646697778043015
9.599999999999994	0.0	9.599999999999994	0.0	0.5633066745235548	-7.861766469250713	-0.8466755768575572	0.13029297306081472	1.7646089519920505
10.666666666666671	0.0	10.666666666666671	0.0	0.621535419623892	-7.862539175987703	-0.8466761563554154	0.13026647713095488	1.7646226667747
11.733333333333334	0.0	11.733333333333334	0.0	0.6797660136245051	-7.855652230272333	-0.8466913950028035	0.1303357056621522	1.764331039843173
12.799999999999997	0.0	12.799999999999997	0.0	0.7379993158951843	-7.845630072365627	-0.8466874029064454	0.1304235317820277	1.7645773693587667
13.86666666666666	0.0	13.86666666666666	0.0	0.7962361888303604	-7.853159241216868	-0.8466942495663282	0.13034476299905026	1.7637471098992825
14.933333333333337	0.0	14.933333333333337	0.0	0.8544774947527677	-7.849787647556512	-0.8466882292274656	0.13038218353668532	1.7634525103583725
16.0	0.0	16.0	0.0	0.9127240928562825	-7.8396419922173095	-0.8466775621742935	0.13045941772348205	1.7635668431395493
17.066666666666663	0.0	17.066666666666663	0.0	0.9709768362042303	-7.836572027192253	-0.8466756519776496	0.13051704556606908	1.7636546692594244
18.133333333333326	0.0	18.133333333333326	0.0	1.0292365687994187	-7.8355116641572184	-0.846682004991209	0.13049412320633608	1.7632902402265742
19.200000000000003	0.0	19.200000000000003	0.0	1.0875041227421884	-7.83100244108069	-0.8466749437024894	0.13052977305607047	1.7633470417481405
20.266666666666666	0.0	20.266666666666666	0.0	1.1457803154927464	-7.827773264384759	-0.8466801913775406	0.13055385441152023	1.7633190219535424
21.33333333333333	0.0	21.33333333333333	0.0	1.2040659472540736	-7.823043252624177	-0.8466685584946049	0.13061072032173787	1.7634736620302034
22.400000000000006	0.0	22.400000000000006	0.0	1.2623617984916657	-7.813668694305695	-0.8467010747633276	0.13067261927817023	1.763985648388115
23.46666666666667	0.0	23.46666666666667	0.0	1.3206686276063948	-7.812980025489618	-0.8466888838454167	0.13068088248837342	1.7639302634168685
24.53333333333333	0.0	24.53333333333333	0.0	1.3789871687767694	-7.810203340038133	-0.846680964041352	0.13070137954225453	1.7640106741104447
25.599999999999994	0.0	25.599999999999994	0.0	1.4373181299868607	-7.814263409348613	-0.8466629244876482	0.13067157832831336	1.7633670451556969
26.66666666666667	0.0	26.66666666666667	0.0	1.4956621912561816	-7.814027489331591	-0.8466737525124469	0.13068141906046474	1.762867249715697
27.733333333333334	0.0	27.733333333333334	0.0	1.5540200030877847	-7.805494844818408	-0.8466855570984521	0.13073387434809317	1.7634902421078196
28.799999999999997	0.0	28.799999999999997	0.0	1.6123921851508696	-7.805621368517496	-0.8466645985925727	0.13074734230758056	1.7627725340101705
29.86666666666666	0.0	29.86666666666666	0.0	1.670779325214162	-7.79553191373912	-0.8466751154055587	0.1308173327711469	1.763517124369586
30.933333333333337	0.0	30.933333333333337	0.0	1.7291819783463485	-7.79922418434402	-0.8466652639419651	0.13080165413464412	1.76290695605044
32.0	0.0	32.0	0.0	1.7876006663998416	-7.801619248992855	-0.8466640727519235	0.13077861372905125	1.7623323731923781
33.06666666666666	0.0	33.06666666666666	0.0	1.8460358777941588	-7.788445620760456	-0.8466666482979608	0.1309026691965196	1.7627756461283004
34.133333333333326	0.0	34.133333333333326	0.0	1.9044880676151767	-7.7864746304981205	-0.846658513865059	0.13089507133570932	1.7629216259314113
35.2	0.0	35.2	0.0	1.9629576580465535	-7.791394030743983	-0.8466823805916723	0.13086420770902762	1.7626852551938288
36.266666666666666	0.0	36.266666666666666	0.0	2.021445039149582	-7.7838220756341965	-0.8466646844441069	0.1309312684889767	1.7625433748014936
37.33333333333333	0.0	37.33333333333333	0.0	2.079950570007767	-7.780229736215548	-0.8466624093784406	0.13094934023700572	1.7627520476877323
38.39999999999999	0.0	38.39999999999999	0.0	2.1384745802523812	-7.775369552065659	-0.8466699750449257	0.1309980395199964	1.762583446005258
39.46666666666667	0.0	39.46666666666667	0.0	2.1970173719853	-7.76577533186451	-0.8466707906345045	0.13107588539897702	1.762830698424849
40.53333333333333	0.0	40.53333333333333	0.0	2.2555792221153697	-7.763354586875398	-0.8466658756341495	0.13109203621891974	1.7628514852276607
41.599999999999994	0.0	41.599999999999994	0.0	2.3141603851246044	-7.758741290276082	-0.846679064576149	0.131133384464262	1.7628262126821683
42.66666666666667	0.0	42.66666666666667	0.0	2.3727610962804784	-7.751637097252451	-0.8466756627090917	0.13118000184753906	1.763278371251918
43.733333333333334	0.0	43.733333333333334	0.0	2.4313815753105863	-7.754150808722077	-0.8466642659178761	0.13116391541624714	1.7630171894208417
44.8	0.0	44.8	0.0	2.490022030555963	-7.750609508040733	-0.8466709838004569	0.13120292420727192	1.7628708340172656
45.86666666666666	0.0	45.86666666666666	0.0	2.548682663619322	-7.751403162552162	-0.8466665517149842	0.13118580755756504	1.7633176054032205
46.93333333333334	0.0	46.93333333333334	0.0	2.607363674524507	-7.749502559816744	-0.8466556378386507	0.13120542463321663	1.7625955939974014
48.0	0.0	48.0	0.0	2.6660652674034075	-7.743283045394081	-0.8466513452619219	0.13126019791227875	1.763061681978637
49.06666666666666	0.0	49.06666666666666	0.0	2.724787656726653	-7.748081148153027	-0.8466584924021755	0.13121037182789685	1.762848845292971
50.133333333333326	0.0	50.133333333333326	0.0	2.783531074094322	-7.738298376519054	-0.8466728081455668	0.13129073959570572	1.7632932879560508
51.19999999999999	0.0	51.19999999999999	0.0	2.8422957756029708	-7.742414120549711	-0.8466741925015617	0.131242469570388	1.763351602610914
52.26666666666665	0.0	52.26666666666665	0.0	2.901082049805243	-7.7451728201047025	-0.8466677750993522	0.13123695360929125	1.7630558226114024
53.33333333333334	0.0	53.33333333333334	0.0	2.9598902262783517	-7.740136189588369	-0.8466647273698742	0.131271133251496	1.763046239433855
54.400000000000006	0.0	54.400000000000006	0.0	3.0187206848176857	-7.751395285673864	-0.846656507085438	0.13118425149850083	1.7624384856891198
55.46666666666667	0.0	55.46666666666667	0.0	3.0775738652718507	-7.7499684760949075	-0.8466631391164846	0.1312041368601979	1.7622629729581119
56.53333333333333	0.0	56.53333333333333	0.0	3.13645027803539	-7.743607639314883	-0.8466608318564927	0.13125896379646926	1.7626586519495502
57.599999999999994	0.0	57.599999999999994	0.0	3.195350515215478	-7.737012567354201	-0.8466640620204815	0.13130660066671948	1.7638849445380527
58.66666666666666	0.0	58.66666666666666	0.0	3.2542752624888656	-7.738522019766635	-0.846651635010851	0.13128648994474398	1.7631793629696633
59.73333333333332	0.0	59.73333333333332	0.0	3.3132253116653385	-7.742566678726656	-0.84666741023033	0.1312572574972194	1.7627197353164041
60.80000000000001	0.0	60.80000000000001	0.0	3.372201573973985	-7.735395253220017	-0.8466624415727668	0.1313245114431211	1.7632019848490252
61.866666666666674	0.0	61.866666666666674	0.0	3.431205094088528	-7.73495479192185	-0.8466706725886443	0.1313189418248154	1.7638453562491683
62.93333333333334	0.0	62.93333333333334	0.0	3.490237064908026	-7.739967029870922	-0.8466679468024213	0.13129344391904502	1.763203905777111
64.0	0.0	64.0	0.0	3.549298843109189	-7.738666937157002	-0.8466642659178757	0.13128173591601666	1.763281268741209
65.06666666666666	0.0	65.06666666666666	0.0	3.6083919654866037	-7.735197215192619	-0.8466629781448577	0.13131411267599513	1.7635350136831034
66.13333333333333	0.0	66.13333333333333	0.0	3.667518166097146	-7.736619367325822	-0.8466714989096641	0.13131196638763076	1.7634034998635686
67.19999999999999	0.0	67.19999999999999	0.0	3.7266793942248477	-7.73377818590899	-0.8466633215509957	0.13133076787370368	1.7632666954432141
68.26666666666665	0.0	68.26666666666665	0.0	3.7858778331825	-7.735563608079327	-0.8466584602078501	0.13131523947738655	1.7637188754758484
69.33333333333334	0.0	69.33333333333334	0.0	3.845115919966272	-7.7378116090494276	-0.8466550905351177	0.13128686554520785	1.7634131903555337
70.4	0.0	70.4	0.0	3.9043963657796077	-7.735905973267787	-0.8466656180795453	0.13132911523166307	1.7633124972369136
71.46666666666667	0.0	71.46666666666667	0.0	3.9637221774427083	-7.740140761182582	-0.8466675175447484	0.13128585678967633	1.7631651008834808
72.53333333333333	0.0	72.53333333333333	0.0	4.023096679703835	-7.740733362131465	-0.8466604991817962	0.13128974157161621	1.7630627121970521
73.6	0.0	73.6	0.0	4.082523538468745	-7.740258334859197	-0.8466648668786186	0.1312828197916407	1.7631774527730188
74.66666666666666	0.0	74.66666666666666	0.0	4.142006784964515	-7.733642701455981	-0.84666546783936	0.13133116493705102	1.7636773984532044
75.73333333333332	0.0	75.73333333333332	0.0	4.201550840854042	-7.736981875430592	-0.8466706833200859	0.1313215710280618	1.7631973917919257
76.80000000000001	0.0	76.80000000000001	0.0	4.261160544317486	-7.740332542779396	-0.8466625059614175	0.13127774381965865	1.7630823400041455
77.86666666666667	0.0	77.86666666666667	0.0	4.320841177116942	-7.7277380260735065	-0.8466724110822196	0.1313695834987759	1.7638981120171693
78.93333333333334	0.0	78.93333333333334	0.0	4.380598492660622	-7.729133435453691	-0.8466556700329759	0.13136491532158298	1.763921291931505
80.0	0.0	80.0	0.0	4.440438745082791	-7.73322694393689	-0.8466651566275472	0.13133064982784373	1.7637674137872128
