Hysterese	V-MOKE
Charge	2020_0446
Sample	1
Sample State	bFC
User	Meike Reginka
Sample Angle	15.0
Magnetic Field Angle	0.0
Detektor Averages	300
Hysteresus Points	150
Magnetic Field [kA/m]	80
Hysteresis Averages	100
Polarization	p-polarization
Measurement Method	Scan Both Angles
Max Voltage Correction	No
Training Effect Elimination	No
Magnetic field [kA/m]	Magnetic field transversal [kA/m]	Magnetic field longitudinal [kA/m]	Magnetic field transversal [V]	Magnetic field longitudinal [V]	Detector diff transversal [V]	Detector diff longitudinal [V]	Detector raw transversal [V]	Detector raw longitudinal [V]
80.0	0.0	80.0	0.0	4.381030188287403	-10.564008574162553	-0.8455696266576528	0.08526684797721489	0.9931213604512901
78.93333333333334	0.0	78.93333333333334	0.0	4.319818714176459	-10.564041691392022	-0.8462570291635951	0.0852923244201015	0.9930390395610681
77.86666666666666	0.0	77.86666666666666	0.0	4.258793669369702	-10.563898619809645	-0.846245675298147	0.08524416170920207	0.9929247067798915
76.8	0.0	76.8	0.0	4.197942654193435	-10.563906003041616	-0.8462539921655592	0.08528397535836357	0.9930772971511667
75.73333333333333	0.0	75.73333333333333	0.0	4.137253993604595	-10.563986145449144	-0.8462547326350446	0.08527543313067293	0.9930810531558041
74.66666666666667	0.0	74.66666666666667	0.0	4.0767167056162315	-10.563990470220197	-0.8462327224478666	0.08529946082891353	0.9930538596822259
73.6	0.0	73.6	0.0	4.0163204706037074	-10.564013639403093	-0.8462285586484394	0.0852524785766145	0.9927621039733975
72.53333333333333	0.0	72.53333333333333	0.0	3.9560556014798554	-10.56396402794755	-0.8462483474271609	0.0852694342546941	0.9928350348520232
71.46666666666667	0.0	71.46666666666667	0.0	3.89591301472721	-10.56405534178602	-0.8462412968698828	0.08523991205824034	0.9926815108453098
70.4	0.0	70.4	0.0	3.8358842022755653	-10.563977699804433	-0.8462570720893623	0.08524892646937124	0.9926550041840086
69.33333333333333	0.0	69.33333333333333	0.0	3.775961204212982	-10.564117594880024	-0.8462493347198077	0.08524271296455604	0.9929218844106922
68.26666666666667	0.0	68.26666666666667	0.0	3.716136582318465	-10.563993303320844	-0.8462647450702654	0.08527059325041099	0.9928397459549829
67.2	0.0	67.2	0.0	3.6564033944044745	-10.563910681950244	-0.8462543892289066	0.08527534727913835	0.9930761488868911
66.13333333333333	0.0	66.13333333333333	0.0	3.596755169457454	-10.563980811922558	-0.8462502790866884	0.0852558804436722	0.9928858589604943
65.06666666666666	0.0	65.06666666666666	0.0	3.5371858835645753	-10.563964768417039	-0.8462534126677009	0.08525629896990336	0.9928457555624034
64.0	0.0	64.0	0.0	3.4776899366148504	-10.563997220297107	-0.8462605705393967	0.08524710212426143	0.9928387050051257
62.93333333333334	0.0	62.93333333333334	0.0	3.4182621297628257	-10.563999023179326	-0.8462373155049673	0.08528222613334656	0.9930321285125357
61.86666666666667	0.0	61.86666666666667	0.0	3.3588976436430196	-10.563969286354043	-0.846248765953391	0.08523396683947068	0.9927556651083035
60.8	0.0	60.8	0.0	3.2995920173232944	-10.563962643591546	-0.8462399769025392	0.08527574434248576	0.9927132651816628
59.733333333333334	0.0	59.733333333333334	0.0	3.2403411279853396	-10.563977592490016	-0.8462624056159478	0.08525817697222228	0.9929536816728125
58.66666666666667	0.0	58.66666666666667	0.0	3.181141171320454	-10.563996222273015	-0.8462570828208045	0.08525981888282111	0.993041325358177
57.6	0.0	57.6	0.0	3.121988642628807	-10.563966528373491	-0.8462425953743434	0.08527824476843039	0.993155969351167
56.53333333333333	0.0	56.53333333333333	0.0	3.062880318610361	-10.563982657730559	-0.8462488196106004	0.08525162006126877	0.9927783835706423
55.46666666666667	0.0	55.46666666666667	0.0	3.003813239835633	-10.563974115502859	-0.8462487766848339	0.08523959011498569	0.9928125417499628
54.4	0.0	54.4	0.0	2.9447846938844906	-10.563886139142799	-0.8462450314116374	0.08526205102272023	0.9929020419747627
53.33333333333333	0.0	53.33333333333333	0.0	2.885792199141142	-10.563976787631878	-0.8462645840986383	0.08523526534393114	0.9927893189098588
52.266666666666666	0.0	52.266666666666666	0.0	2.8268334892335334	-10.564022911368829	-0.846248690833299	0.08524146811730464	0.9929572337800558
51.2	0.0	51.2	0.0	2.7679064981053	-10.563998089543889	-0.8462468986825141	0.08527192394919694	0.9930569396060291
50.13333333333333	0.0	50.13333333333333	0.0	2.7090093457084867	-10.563995406683443	-0.8462451494574974	0.08525364830377319	0.9928417956603712
49.06666666666666	0.0	49.06666666666666	0.0	2.6501403243051973	-10.56397654080871	-0.8462493883770172	0.08525412048721337	0.9928541260870253
48.0	0.0	48.0	0.0	2.591297885366365	-10.56399492376856	-0.8462589608231228	0.08525296149149654	0.9928524627135424
46.93333333333334	0.0	46.93333333333334	0.0	2.532480627055822	-10.56398281870218	-0.8462413934528595	0.08522312808322997	0.9928037312362266
45.86666666666667	0.0	45.86666666666667	0.0	2.4736872822878553	-10.563983183571201	-0.8462474137917221	0.08527774039066478	0.9929203605459533
44.8	0.0	44.8	0.0	2.4149167073464275	-10.563974780852256	-0.8462545609319756	0.08526765283535158	0.9927993420765207
43.733333333333334	0.0	43.733333333333334	0.0	2.356167871054244	-10.563864955276644	-0.8462535307135607	0.08527381268295774	0.9929246638541241
42.666666666666664	0.0	42.666666666666664	0.0	2.2974398444798476	-10.563950195119046	-0.8462496888573887	0.08525988327147208	0.9929473930479049
41.6	0.0	41.6	0.0	2.2387317911709355	-10.563983333811384	-0.8462570184321533	0.08525167371847785	0.992830270091854
40.53333333333333	0.0	40.53333333333333	0.0	2.1800429579020566	-10.563960218285702	-0.8462485835188803	0.08526943425469406	0.9928463350602619
39.46666666666667	0.0	39.46666666666667	0.0	2.1213726659248966	-10.563989075132765	-0.8462500859207356	0.0852701425298544	0.9928519476043354
38.4	0.0	38.4	0.0	2.0627203027093186	-10.564008445385255	-0.8462381203631036	0.08522971718850895	0.9927085540787023
37.333333333333336	0.0	37.333333333333336	0.0	2.0040853141633432	-10.563983033331013	-0.8462540887485358	0.08526924108874125	0.993040681471668
36.266666666666666	0.0	36.266666666666666	0.0	1.9454671973202513	-10.563934065761975	-0.8462362101664592	0.08525754381715477	0.9929767864670567
35.2	0.0	35.2	0.0	1.8868654934810003	-10.56398624203212	-0.8462502468923627	0.08527374829430681	0.9930069203556944
34.13333333333333	0.0	34.13333333333333	0.0	1.8282797818001153	-10.564013553551556	-0.8462599588472126	0.0852404057045642	0.9928642887624313
33.06666666666667	0.0	33.06666666666667	0.0	1.7697096733032631	-10.563929504899214	-0.84622685234919	0.08526258759481127	0.9928023361487897
32.0	0.0	32.0	0.0	1.7111548053246695	-10.564012909665054	-0.8462449133657775	0.0852747892441636	0.9929369513550113
30.933333333333337	0.0	30.933333333333337	0.0	1.652614836352576	-10.563954326724138	-0.8462536487594206	0.08525958279110107	0.9929061950427479
29.866666666666667	0.0	29.866666666666667	0.0	1.5940894412709112	-10.563951976538386	-0.8462448382456844	0.08523520095528016	0.9928409693393511
28.799999999999997	0.0	28.799999999999997	0.0	1.5355783069853621	-10.564001190930588	-0.8462581774278699	0.08521751553915673	0.9925313243170035
27.733333333333334	0.0	27.733333333333334	0.0	1.4770811284220267	-10.563938068589776	-0.84625735110685	0.08523544777844219	0.9927229556736288
26.666666666666664	0.0	26.666666666666664	0.0	1.4185976048868278	-10.563930116591393	-0.8462517814885434	0.08524391488604013	0.9928918363735896
25.6	0.0	25.6	0.0	1.360127436773878	-10.563941363142419	-0.8462525863466801	0.08524248760427769	0.9928577318514773
24.53333333333333	0.0	24.53333333333333	0.0	1.3016703226109647	-10.5640117935951	-0.8462265733317027	0.08526584995312537	0.9929207790721848
23.46666666666667	0.0	23.46666666666667	0.0	1.243225956430354	-10.564019123169862	-0.8462575228099191	0.08522580021224371	0.9928224683336491
22.4	0.0	22.4	0.0	1.1847940254530787	-10.564037119797806	-0.8462539492397915	0.0852478962509563	0.9930524431319057
21.333333333333336	0.0	21.333333333333336	0.0	1.1263742080749082	-10.563926854233069	-0.8462522965977511	0.08527067910194558	0.9930577444641657
20.266666666666666	0.0	20.266666666666666	0.0	1.0679661721421683	-10.563922561656343	-0.8462511268705925	0.08524909817244045	0.9929954913701535
19.200000000000003	0.0	19.200000000000003	0.0	1.0095695735056076	-10.563978451005354	-0.8462506010299431	0.08528252661371757	0.9933109742968521
18.133333333333333	0.0	18.133333333333333	0.0	0.9511840548404781	-10.563979996332984	-0.846254120942861	0.08526311343546063	0.9930749898911744
17.06666666666667	0.0	17.06666666666667	0.0	0.8928092447210244	-10.563990824357779	-0.8462392793588204	0.08527545459355655	0.9930156235550119
16.0	0.0	16.0	0.0	0.8344447569375557	-10.563932820914733	-0.8462490342394373	0.08525925011640456	0.9932401897065906
14.933333333333337	0.0	14.933333333333337	0.0	0.7760901900442883	-10.563957299333529	-0.8462408032235591	0.08523060789818025	0.9930955406022648
13.866666666666674	0.0	13.866666666666674	0.0	0.7177451271261349	-10.563910606830154	-0.8462487230276244	0.08521537998223405	0.9930326436217425
12.799999999999997	0.0	12.799999999999997	0.0	0.6594091357726295	-10.563967698100651	-0.8462567823404332	0.08525661018171618	0.9931528465015974
11.733333333333334	0.0	11.733333333333334	0.0	0.6010817682471681	-10.564032752100982	-0.8462303186048983	0.08522119642370185	0.9929171733077324
10.666666666666671	0.0	10.666666666666671	0.0	0.5427625618397398	-10.563952437990384	-0.8462454392064269	0.08521827747152608	0.9929941392084829
9.599999999999994	0.0	9.599999999999994	0.0	0.4844510393913435	-10.56398106947716	-0.8462511054077088	0.08523073667548207	0.9933006613812606
8.533333333333331	0.0	8.533333333333331	0.0	0.4261467099782665	-10.56399624373589	-0.8462458148068903	0.08522857965567575	0.9931750391232861
7.466666666666669	0.0	7.466666666666669	0.0	0.36784906974439924	-10.564022621619896	-0.8462485513245551	0.08519671800490473	0.9931526855299693
6.400000000000006	0.0	6.400000000000006	0.0	0.30955760286978407	-10.563974619880629	-0.8462602056703745	0.08521234298419829	0.9931097275683538
5.333333333333329	0.0	5.333333333333329	0.0	0.25127178266356687	-10.563946224485568	-0.8462467055165611	0.0852086942939786	0.9932005692233816
4.266666666666666	0.0	4.266666666666666	0.0	0.19299107276954444	-10.564010570210723	-0.8462370364874795	0.08516834407272589	0.993032933370672
3.200000000000003	0.0	3.200000000000003	0.0	0.13471492847247593	-10.563986113254819	-0.8462518780715201	0.0851256758600396	0.993080473657946
2.13333333333334	0.0	2.13333333333334	0.0	0.07644279809335723	-10.564019960222332	-0.8462382384089635	0.08512679192998909	0.9930072959561579
1.0666666666666629	0.0	1.0666666666666629	0.0	0.018174124461827576	-10.56399875489329	-0.8462331195112145	0.0851202242875937	0.9931322743276233
0.0	0.0	0.0	0.0	-0.0400916535461	-10.563997982229468	-0.8462519102658455	0.08510272130598122	0.9932546234958416
-1.0666666666666629	0.0	-1.0666666666666629	0.0	-0.09835509941681445	-10.563998948059242	-0.8462467269794451	0.08510584415555153	0.9931788595165751
-2.1333333333333258	0.0	-2.1333333333333258	0.0	-0.156616777366191	-10.56401118190292	-0.8462448382456845	0.08506976504814427	0.9931627838167242
-3.200000000000003	0.0	-3.200000000000003	0.0	-0.21487725067681432	-10.564091710642355	-0.846245256771916	0.08504954701175058	0.9930791966163689
-4.266666666666666	0.0	-4.266666666666666	0.0	-0.27313708001714876	-10.564029221456614	-0.8462555696875073	0.08500368082940116	0.9931548210868919
-5.333333333333329	0.0	-5.333333333333329	0.0	-0.331396821754486	-10.564041766512114	-0.8462514917396144	0.08502734365861978	0.9931793317000144
-6.400000000000006	0.0	-6.400000000000006	0.0	-0.3896570262734731	-10.564077169538683	-0.8462575657356857	0.08500976555691456	0.9933480299654649
-7.466666666666669	0.0	-7.466666666666669	0.0	-0.4479182363120456	-10.56404715369591	-0.8462482723070677	0.08494554860904852	0.993098588331743
-8.533333333333331	0.0	-8.533333333333331	0.0	-0.506180985326591	-10.564096668568467	-0.846255558956065	0.08495062458103057	0.9931644901159742
-9.599999999999994	0.0	-9.599999999999994	0.0	-0.564445795898144	-10.564071074079726	-0.8462415758873706	0.08489502498094806	0.9929650462697026
-10.666666666666671	0.0	-10.666666666666671	0.0	-0.6227131781914472	-10.564035671053157	-0.8462490878966462	0.08487364794883756	0.9931147284202432
-11.733333333333334	0.0	-11.733333333333334	0.0	-0.6809836284786798	-10.564094779834722	-0.8462444626452209	0.08485428842778972	0.9930554586670572
-12.799999999999997	0.0	-12.799999999999997	0.0	-0.7392576277396917	-10.56408300744303	-0.8462483366957188	0.08482876905913582	0.9933234656951333
-13.86666666666666	0.0	-13.86666666666666	0.0	-0.7975356403505398	-10.564137029521165	-0.846245009948754	0.08475822056059457	0.9930081115457363
-14.933333333333337	0.0	-14.933333333333337	0.0	-0.8558181128721578	-10.564112701342559	-0.8462507727330123	0.08476244874867264	0.9931961478693506
-16.0	0.0	-16.0	0.0	-0.9141054729509707	-10.564152042808278	-0.8462590466746573	0.08476197656523242	0.993335463447091
-17.066666666666663	0.0	-17.066666666666663	0.0	-0.9723981283432802	-10.564091893076855	-0.8462429495119238	0.0847288807986518	0.9933216198871402
-18.133333333333326	0.0	-18.133333333333326	0.0	-1.0306964660752267	-10.564168290211196	-0.8462530907244463	0.08469785620034288	0.9933543507846981
-19.200000000000003	0.0	-19.200000000000003	0.0	-1.0890008517501555	-10.564111123820606	-0.846246394304749	0.08462413119502203	0.993123163333516
-20.266666666666666	0.0	-20.266666666666666	0.0	-1.147311629015197	-10.56414468103919	-0.8462546467835104	0.08464034640361592	0.9932255412885022
-21.33333333333333	0.0	-21.33333333333333	0.0	-1.2056291191988913	-10.564126351736558	-0.846229996661644	0.08459548897679783	0.9931271983556411
-22.400000000000006	0.0	-22.400000000000006	0.0	-1.263953621131659	-10.564177637297028	-0.8462561491853657	0.08455918450911215	0.9931824330867016
-23.46666666666667	0.0	-23.46666666666667	0.0	-1.322285411160945	-10.56425685680056	-0.8462473923288383	0.08453122910316452	0.9931229057789114
-24.53333333333333	0.0	-24.53333333333333	0.0	-1.3806247433728562	-10.564184516151236	-0.8462528224384003	0.0845155611981037	0.9930356162311277
-25.599999999999994	0.0	-25.599999999999994	0.0	-1.438971850032102	-10.564124999574888	-0.8462516956370094	0.08454892525072984	0.9934431320028959
-26.66666666666667	0.0	-26.66666666666667	0.0	-1.497326942252062	-10.564266193154943	-0.8462237938882707	0.08449809041081656	0.9933463558605407
-27.733333333333334	0.0	-27.733333333333334	0.0	-1.555690210906793	-10.564263510294495	-0.8462433358438294	0.084450657437961	0.9932779643818057
-28.799999999999997	0.0	-28.799999999999997	0.0	-1.614061827796803	-10.564208415072171	-0.8462474459860474	0.0844036966485456	0.9931802760668953
-29.86666666666666	0.0	-29.86666666666666	0.0	-1.6724419470803977	-10.564257822630328	-0.846228354751045	0.08439260033770114	0.9932078773352633
-30.933333333333337	0.0	-30.933333333333337	0.0	-1.7308307069824265	-10.564247627760592	-0.8462550545783	0.08439190279398265	0.9932301021512773
-32.0	0.0	-32.0	0.0	-1.7892282317922377	-10.56423025355628	-0.8462389896098919	0.08435213207058842	0.9933260948983796
-33.06666666666666	0.0	-33.06666666666666	0.0	-1.8476346341626735	-10.564252864704201	-0.8462410285838372	0.08433792364161541	0.9934103796424538
-34.133333333333326	0.0	-34.133333333333326	0.0	-1.9060500177219062	-10.564258359202412	-0.8462585744912178	0.08431383155472387	0.9934104332996628
-35.2	0.0	-35.2	0.0	-1.9644744800099465	-10.564233172508457	-0.8462350189764172	0.08429008287397056	0.9933476972907681
-36.266666666666666	0.0	-36.266666666666666	0.0	-2.0229081157516333	-10.564234213458317	-0.8462536916851877	0.08425838219482681	0.9933735815284445
-37.33333333333333	0.0	-37.33333333333333	0.0	-2.0813510204779293	-10.564296702644047	-0.8462403525030022	0.08422126213756276	0.9934188682129359
-38.39999999999999	0.0	-38.39999999999999	0.0	-2.139803294507338	-10.56427079694349	-0.8462465982021438	0.0841919867642709	0.9934082655484149
-39.46666666666667	0.0	-39.46666666666667	0.0	-2.1982650472992535	-10.56428427563442	-0.8462429709748075	0.08415475939258857	0.9934535200385806
-40.53333333333333	0.0	-40.53333333333333	0.0	-2.256736402191068	-10.564309655494322	-0.8462582096221954	0.08417319600963966	0.9936561618545149
-41.599999999999994	0.0	-41.599999999999994	0.0	-2.315217501530861	-10.564271161812508	-0.8462482079184163	0.08408415723683813	0.9933951624579492
-42.66666666666667	0.0	-42.66666666666667	0.0	-2.37370851221747	-10.564251684245601	-0.846245417743543	0.08408535915832233	0.9934033290851764
-43.733333333333334	0.0	-43.733333333333334	0.0	-2.432209631659771	-10.564266182423497	-0.8462408783436524	0.08407802958355745	0.9934962526399176
-44.8	0.0	-44.8	0.0	-2.4907210941669966	-10.564310202797857	-0.8462574047640586	0.08403435261533986	0.9934948253581558
-45.86666666666666	0.0	-45.86666666666666	0.0	-2.549243177781886	-10.564315987045	-0.8462566964888985	0.08401567990656865	0.993498173568004
-46.93333333333334	0.0	-46.93333333333334	0.0	-2.6077762115685053	-10.564297228484698	-0.8462584993711246	0.0840138019042497	0.9936060996784128
-48.0	0.0	-48.0	0.0	-2.666320583366545	-10.564287720427243	-0.8462576408557786	0.08400142855182835	0.9936532536337818
-49.06666666666666	0.0	-49.06666666666666	0.0	-2.724876748023921	-10.564323080528048	-0.8462529941414694	0.08394042030506725	0.9934718600726551
-50.133333333333326	0.0	-50.133333333333326	0.0	-2.7834452361194826	-10.564291508626201	-0.8462469308768403	0.08393176003151653	0.99345922916563
-51.19999999999999	0.0	-51.19999999999999	0.0	-2.842026663187659	-10.564248196527007	-0.8462432714551781	0.0839416329579932	0.9936916400011804
-52.26666666666665	0.0	-52.26666666666665	0.0	-2.9006217394568647	-10.564315525593	-0.8462528009755174	0.08394018421334719	0.9937017704822612
-53.33333333333334	0.0	-53.33333333333334	0.0	-2.9592312801134577	-10.564294449041263	-0.8462492059425064	0.08395931837411671	0.9936225080529595
-54.400000000000006	0.0	-54.400000000000006	0.0	-3.0178562161030937	-10.564316566542862	-0.8462655606598439	0.08392032031453368	0.9936869825554291
-55.46666666666667	0.0	-55.46666666666667	0.0	-3.076497605481298	-10.56431842308229	-0.8462493561826916	0.0839328009813733	0.9936180652360449
-56.53333333333333	0.0	-56.53333333333333	0.0	-3.135156645325031	-10.564307155068384	-0.8462529834100282	0.0839239797361952	0.9936685352069364
-57.599999999999994	0.0	-57.599999999999994	0.0	-3.193834684217122	-10.564340572778217	-0.8462526400038893	0.08389495118606526	0.9934995471925574
-58.66666666666666	0.0	-58.66666666666666	0.0	-3.25253323531534	-10.564316276793926	-0.8462541424057446	0.08389548775815635	0.9936014636955457
-59.73333333333332	0.0	-59.73333333333332	0.0	-3.311253990017958	-10.564327534076401	-0.8462746072653003	0.08390332171068682	0.993525635327628
-60.80000000000001	0.0	-60.80000000000001	0.0	-3.3699988322376004	-10.564319721586758	-0.8462400842169567	0.0839084191455525	0.9936249118959277
-61.866666666666674	0.0	-61.866666666666674	0.0	-3.4287698532951953	-10.564301703495932	-0.8462446128854064	0.08391032934219693	0.9936264464921086
-62.93333333333334	0.0	-62.93333333333334	0.0	-3.4875693674458788	-10.564267770676892	-0.8462597549498182	0.08391985886253533	0.9937588510213148
-64.0	0.0	-64.0	0.0	-3.546399928048623	-10.56433034571416	-0.8462589286287975	0.08390234514948101	0.9938734628199797
-65.06666666666666	0.0	-65.06666666666666	0.0	-3.605264344391439	-10.564324808290175	-0.8462483152328353	0.08389855695051761	0.9935249485153512
-66.13333333333333	0.0	-66.13333333333333	0.0	-3.6641656991839646	-10.564305888758248	-0.8462500859207358	0.08389951204883977	0.9937739286970755
-67.19999999999999	0.0	-67.19999999999999	0.0	-3.723107366729244	-10.56429346174862	-0.846247263551536	0.08388920986469021	0.9937283415322136
-68.26666666666665	0.0	-68.26666666666665	0.0	-3.782093031786535	-10.564311597885299	-0.8462637792405014	0.08389513362057625	0.9938787426893556
-69.33333333333334	0.0	-69.33333333333334	0.0	-3.8411267091369456	-10.564308625275912	-0.846255226281369	0.083889521076503	0.9936823894983295
-70.4	0.0	-70.4	0.0	-3.9002127638637214	-10.564332062744858	-0.8462537346109553	0.08390583286807328	0.9936391954449938
-71.46666666666667	0.0	-71.46666666666667	0.0	-3.959355932359017	-10.564333822701307	-0.8462471669685595	0.08392549286949214	0.9938084517454184
-72.53333333333333	0.0	-72.53333333333333	0.0	-4.018561344068946	-10.564336752384934	-0.846257211598106	0.08389705454866245	0.9938823269909247
-73.6	0.0	-73.6	0.0	-4.077834543988736	-10.5643347456053	-0.8462572867181984	0.08392831523869154	0.9938776266194067
-74.66666666666666	0.0	-74.66666666666666	0.0	-4.137181515919814	-10.564345401927039	-0.8462600446987467	0.0839144931416241	0.9938586426988227
-75.73333333333332	0.0	-75.73333333333332	0.0	-4.19660870650064	-10.564304482939367	-0.8462608495568837	0.08392315341517487	0.993945052268377
-76.80000000000001	0.0	-76.80000000000001	0.0	-4.256123050023082	-10.564313454424735	-0.8462514702767312	0.08391345219176725	0.9939900384724975
-77.86666666666667	0.0	-77.86666666666667	0.0	-4.315731994046186	-10.56432006499289	-0.8462581023077773	0.08391055470247516	0.993988385830457
-78.93333333333334	0.0	-78.93333333333334	0.0	-4.375443525819141	-10.564289147709005	-0.8462585208340081	0.08394430508700707	0.9940073160938312
-80.0	0.0	-80.0	0.0	-4.435266199525242	-10.564310116946324	-0.846250965898965	0.0839204490918356	0.9937837265034595
-80.0	0.0	-80.0	0.0	-4.380060909566294	-10.564289018931698	-0.8455760869856299	0.08392342170122039	0.9940605547767136
-78.93333333333334	0.0	-78.93333333333334	0.0	-4.318197730509417	-10.564334563170798	-0.8462491308224132	0.08390729234416115	0.9939594753261868
-77.86666666666666	0.0	-77.86666666666666	0.0	-4.256627645195748	-10.564325613148316	-0.8462450850688465	0.08393802719354085	0.9939530364610932
-76.8	0.0	-76.8	0.0	-4.195328882143961	-10.56428435075451	-0.8462527043925406	0.08393508677848155	0.9939291590030382
-75.73333333333333	0.0	-75.73333333333333	0.0	-4.1342809326230165	-10.564287956518967	-0.8462467591737708	0.08391093030293897	0.9938718423722642
-74.66666666666667	0.0	-74.66666666666667	0.0	-4.073464498932334	-10.564302894685976	-0.8462511054077084	0.08391405315250937	0.9939837069218224
-73.6	0.0	-73.6	0.0	-4.012861444010001	-10.564308539424376	-0.8462485835188803	0.08392476313144823	0.9938803953313967
-72.53333333333333	0.0	-72.53333333333333	0.0	-3.9524547423527756	-10.564330667657421	-0.8462519209972871	0.08393976568711613	0.9939592177715834
-71.46666666666667	0.0	-71.46666666666667	0.0	-3.8922284322315646	-10.564330946674902	-0.8462468772196309	0.08393224294639852	0.9940749349087554
-70.4	0.0	-70.4	0.0	-3.832167569186148	-10.564342182494489	-0.8462577267073135	0.08389809549851926	0.9938110594857814
-69.33333333333333	0.0	-69.33333333333333	0.0	-3.7722581807828357	-10.56431149057088	-0.8462528868270514	0.08390733526992848	0.9940235313024256
-68.26666666666667	0.0	-68.26666666666667	0.0	-3.712487222618799	-10.564297679205254	-0.846246329916098	0.0839322858721658	0.9939380231739838
-67.2	0.0	-67.2	0.0	-3.652842535556789	-10.564313357841755	-0.8462611071114877	0.08391409607827661	0.9939346856955769
-66.13333333333333	0.0	-66.13333333333333	0.0	-3.5933128041739804	-10.564321449348887	-0.8462597871441433	0.08389504776904168	0.993751682418177
-65.06666666666666	0.0	-65.06666666666666	0.0	-3.533887516408651	-10.564308389184196	-0.8462471133113506	0.08388709577065115	0.9936671615823828
-64.0	0.0	-64.0	0.0	-3.474556924388418	-10.564315149992542	-0.8462490127765537	0.0838863553011654	0.9935811812705014
-62.93333333333334	0.0	-62.93333333333334	0.0	-3.4153120064237723	-10.564328628683473	-0.8462599159214448	0.08391028641642963	0.9936745662772404
-61.86666666666667	0.0	-61.86666666666667	0.0	-3.356144430150613	-10.564318991848713	-0.8462445914225225	0.08390701332667376	0.9936403651721526
-60.8	0.0	-60.8	0.0	-3.2970465168055205	-10.56431184470846	-0.8462407173720244	0.08387286587879444	0.9937417343716082
-59.733333333333334	0.0	-59.733333333333334	0.0	-3.2380112066174873	-10.564319045505918	-0.8462344609414427	0.08389943692874705	0.9935986627892297
-58.66666666666667	0.0	-58.66666666666667	0.0	-3.179032025299821	-10.564329701827651	-0.8462554731045304	0.08389620676475847	0.9935862143167158
-57.6	0.0	-57.6	0.0	-3.1201030516259602	-10.564313776367989	-0.846241586618812	0.08389210735398236	0.9936117229539281
-56.53333333333333	0.0	-56.53333333333333	0.0	-3.061218886072913	-10.564276109007192	-0.8462609032140928	0.08388746063967313	0.9937420133890952
-55.46666666666667	0.0	-55.46666666666667	0.0	-3.002374620516045	-10.564317382132437	-0.8462468664881888	0.08391747648245072	0.9937718360659205
-54.4	0.0	-54.4	0.0	-2.943565808958942	-10.564315493398682	-0.8462435826669921	0.08391818475761098	0.9938288951420905
-53.33333333333333	0.0	-53.33333333333333	0.0	-2.884788439282071	-10.56429175544937	-0.8462487659533912	0.08386460266859119	0.9936813270855888
-52.266666666666666	0.0	-52.266666666666666	0.0	-2.826038905993961	-10.564347966741629	-0.8462621587927862	0.08387092348782466	0.9934913591024465
-51.2	0.0	-51.2	0.0	-2.7673139839686236	-10.564321256182934	-0.8462544965433245	0.08390412656882351	0.9935774145344215
-50.13333333333333	0.0	-50.13333333333333	0.0	-2.7086108031529483	-10.564322662001812	-0.8462496781259462	0.08389228978849327	0.9936453230982746
-49.06666666666666	0.0	-49.06666666666666	0.0	-2.649926824227785	-10.56430600680411	-0.8462514917396143	0.08387506582436816	0.993455473160992
-48.0	0.0	-48.0	0.0	-2.591259815206436	-10.5643344880507	-0.8462577267073135	0.08385213273319338	0.9936237743630946
-46.93333333333334	0.0	-46.93333333333334	0.0	-2.532607828954294	-10.564314409523053	-0.8462599159214453	0.08389586335862016	0.9935424944227309
-45.86666666666667	0.0	-45.86666666666667	0.0	-2.473969181613334	-10.564314935363702	-0.8462562672312253	0.08390536068463313	0.9936485317993796
-44.8	0.0	-44.8	0.0	-2.415342431915193	-10.564291787643695	-0.8462372940420829	0.08388470265912476	0.9934966926290327
-43.733333333333334	0.0	-43.733333333333334	0.0	-2.356726361366558	-10.564317521641179	-0.8462657430943551	0.08385156396677672	0.9935140239075756
-42.666666666666664	0.0	-42.666666666666664	0.0	-2.29811995529058	-10.564294921224706	-0.8462361994350173	0.08389456485415966	0.9935769423509809
-41.6	0.0	-41.6	0.0	-2.2395223847080508	-10.564341409830678	-0.8462458148068902	0.08387846769142585	0.9935000301074397
-40.53333333333333	0.0	-40.53333333333333	0.0	-2.180932989042046	-10.564309022339264	-0.8462393544789129	0.08386266027762124	0.9933113177029905
-39.46666666666667	0.0	-39.46666666666667	0.0	-2.122351259629783	-10.564336172887069	-0.8462480791411143	0.08386546118393695	0.99340117206537
-38.4	0.0	-38.4	0.0	-2.0637768240253935	-10.564312284697573	-0.8462518780715199	0.08391174589251751	0.9935825656264967
-37.333333333333336	0.0	-37.333333333333336	0.0	-2.0052094310773465	-10.564320526444892	-0.8462551511612757	0.08391865694105119	0.9936826255900496
-36.266666666666666	0.0	-36.266666666666666	0.0	-1.946648936764245	-10.564305180483085	-0.8462431212149929	0.08387484046408977	0.9934790608701182
-35.2	0.0	-35.2	0.0	-1.8880952907727155	-10.564313368573199	-0.8462603881048857	0.08385352782063031	0.993413159085886
-34.13333333333333	0.0	-34.13333333333333	0.0	-1.8295485238011158	-10.564320236695965	-0.8462682435202996	0.08388845866376261	0.9934615578885055
-33.06666666666667	0.0	-33.06666666666667	0.0	-1.771008735572786	-10.56432186787512	-0.846255719927693	0.08388328610880412	0.9935521741832553
-32.0	0.0	-32.0	0.0	-1.7124760835425616	-10.564324625855663	-0.846243003169133	0.08386600848746988	0.9933086455739761
-30.933333333333337	0.0	-30.933333333333337	0.0	-1.6539507722802793	-10.564336548487534	-0.8462575871985695	0.08387601019124853	0.9933369121917367
-29.866666666666667	0.0	-29.866666666666667	0.0	-1.5954330435149888	-10.564249537957236	-0.8462537989996061	0.08388027057365205	0.9932114938311573
-28.799999999999997	0.0	-28.799999999999997	0.0	-1.536923166823607	-10.564319088431686	-0.8462603666420015	0.08387737308435993	0.9934874206632975
-27.733333333333334	0.0	-27.733333333333334	0.0	-1.478421430947724	-10.564316448497	-0.846244859708568	0.08389688284559334	0.993294340562027
-26.666666666666664	0.0	-26.666666666666664	0.0	-1.4199281357222944	-10.564335335834606	-0.8462657752886801	0.08388626944963086	0.993678418864855
-25.6	0.0	-25.6	0.0	-1.3614435845999364	-10.564302594205602	-0.8462417046646722	0.083893395127001	0.9934537883246264
-24.53333333333333	0.0	-24.53333333333333	0.0	-1.302968077754553	-10.564336924087993	-0.8462567394146654	0.08389775209238098	0.993478803315514
-23.46666666666667	0.0	-23.46666666666667	0.0	-1.2445019057480127	-10.564334541707911	-0.8462464157676327	0.08385612482955143	0.9932095407087448
-22.4	0.0	-22.4	0.0	-1.1860453437435996	-10.564328006259846	-0.846253079993004	0.08387774868482378	0.9934169794791753
-21.333333333333336	0.0	-21.333333333333336	0.0	-1.1275986462499692	-10.564317242623693	-0.8462426490315529	0.0838885981725063	0.9934353624390166
-20.266666666666666	0.0	-20.266666666666666	0.0	-1.0691620423793182	-10.564320290353175	-0.8462512663793359	0.0839121644187486	0.993289361173021
-19.200000000000003	0.0	-19.200000000000003	0.0	-1.010735731603509	-10.564321105942748	-0.846233602426096	0.08390303196175761	0.9933952590409258
-18.133333333333333	0.0	-18.133333333333333	0.0	-0.9523198799918556	-10.564311340330693	-0.8462582310850791	0.08388229881615647	0.9933660802506102
-17.06666666666667	0.0	-17.06666666666667	0.0	-0.8939146169143085	-10.564291852032348	-0.8462546360520684	0.08391130590340273	0.9934888586765014
-16.0	0.0	-16.0	0.0	-0.8355200321937496	-10.564288686257008	-0.8462524575693782	0.08392373291303327	0.9933139361747947
-14.933333333333337	0.0	-14.933333333333337	0.0	-0.7771361736911329	-10.564315729490398	-0.8462513200365449	0.08393387412555549	0.9933751590503924
-13.866666666666674	0.0	-13.866666666666674	0.0	-0.7187630453071814	-10.564328328203098	-0.8462586281484268	0.08393903594907222	0.993380546234187
-12.799999999999997	0.0	-12.799999999999997	0.0	-0.6604006053843748	-10.564319195746107	-0.846252961947144	0.08395401704185637	0.9935016934809213
-11.733333333333334	0.0	-11.733333333333334	0.0	-0.6020487654929477	-10.564299825493617	-0.8462482293813005	0.08398349631254294	0.9933753522163451
-10.666666666666671	0.0	-10.666666666666671	0.0	-0.5437073895846136	-10.564276978253979	-0.8462358989546465	0.0840020724383377	0.9935067050642532
-9.599999999999994	0.0	-9.599999999999994	0.0	-0.4853762934977529	-10.564327083355847	-0.8462425524485765	0.08401828764693157	0.9934575443292638
-8.533333333333331	0.0	-8.533333333333331	0.0	-0.4270552447977797	-10.56427631290458	-0.8462240836371998	0.08407535745454366	0.9933717035261255
-7.466666666666669	0.0	-7.466666666666669	0.0	-0.36874396293640566	-10.564283556627814	-0.8462510195561737	0.08406750203912966	0.9933083450936057
-6.400000000000006	0.0	-6.400000000000006	0.0	-0.31044211971353775	-10.564291229608717	-0.8462505366412924	0.08413263115955048	0.9934241480823125
-5.333333333333329	0.0	-5.333333333333329	0.0	-0.2521493400255208	-10.564269595022006	-0.8462553872529961	0.08418742590149632	0.9933669494973985
-4.266666666666666	0.0	-4.266666666666666	0.0	-0.1938652028834597	-10.564228257508105	-0.8462554838359724	0.0842335496384495	0.9935537409737613
-3.200000000000003	0.0	-3.200000000000003	0.0	-0.1355892426853284	-10.564286647283055	-0.8462488947306933	0.08423354963844956	0.9933843988218015
-2.13333333333334	0.0	-2.13333333333334	0.0	-0.07732095072560852	-10.56419803776793	-0.8462577910959641	0.08430680246033014	0.9934190613788887
-1.0666666666666629	0.0	-1.0666666666666629	0.0	-0.01905977692616606	-10.564253615905132	-0.8462485191302302	0.08430666295158633	0.9932290719328623
0.0	0.0	0.0	0.0	0.0391948682279	-10.564250332083937	-0.8462525541523546	0.0843643229884988	0.9932830725481129
1.0666666666666629	0.0	1.0666666666666629	0.0	0.0974436115637267	-10.564193165693347	-0.8462540243598845	0.08443475344118001	0.9935244548690266
2.1333333333333258	0.0	2.1333333333333258	0.0	0.1556871149237345	-10.564254377837502	-0.8462491522852976	0.08446103474220344	0.9934400842734185
3.200000000000003	0.0	3.200000000000003	0.0	0.2139260727125422	-10.564226218534156	-0.8462543892289066	0.08447830163209585	0.9932663529617533
4.266666666666666	0.0	4.266666666666666	0.0	0.27216120930401666	-10.564233258359993	-0.8462383135290565	0.08451065692919077	0.9932253266596658
5.333333333333329	0.0	5.333333333333329	0.0	0.33039327632474647	-10.564203596654792	-0.8462571901352223	0.08454864623324253	0.993280164327379
6.400000000000006	0.0	6.400000000000006	0.0	0.38862304983020113	-10.564233472988835	-0.84624063152049	0.08456463608155804	0.9932286641380731
7.466666666666669	0.0	7.466666666666669	0.0	0.44685132738985966	-10.564189527734568	-0.8462606778538144	0.08458987643272461	0.9931722596798541
8.533333333333331	0.0	8.533333333333331	0.0	0.5050789250975919	-10.56418615806184	-0.8462650348191945	0.08460266831137707	0.9931497343834679
9.599999999999994	0.0	9.599999999999994	0.0	0.5633066745235548	-10.564190407712795	-0.8462456860295883	0.08465556358812026	0.9932910245465039
10.666666666666671	0.0	10.666666666666671	0.0	0.621535419623892	-10.564175415888565	-0.8462648309217999	0.08466621990985003	0.9933639124993627
11.733333333333334	0.0	11.733333333333334	0.0	0.6797660136245051	-10.564131395514204	-0.8462530263357952	0.08468704963842753	0.9931623652904936
12.799999999999997	0.0	12.799999999999997	0.0	0.7379993158951843	-10.564155487601104	-0.8462388393697057	0.08469041931115985	0.9931414819047062
13.86666666666666	0.0	13.86666666666666	0.0	0.7962361888303604	-10.564055792506574	-0.846248497667346	0.0847333880042172	0.9930408209804115
14.933333333333337	0.0	14.933333333333337	0.0	0.8544774947527677	-10.564131202348257	-0.8462441192390822	0.08473601720746371	0.9930698817248672
16.0	0.0	16.0	0.0	0.9127240928562825	-10.564155981247417	-0.8462366608870154	0.08476667693675072	0.9930077466767147
17.066666666666663	0.0	17.066666666666663	0.0	0.9709768362042303	-10.564139358244047	-0.8462319175897303	0.08480478428666245	0.9930888441825673
18.133333333333326	0.0	18.133333333333326	0.0	1.0292365687994187	-10.564153920810597	-0.8462445592281966	0.08481500061927755	0.9930765888760061
19.200000000000003	0.0	19.200000000000003	0.0	1.0875041227421884	-10.56412656636539	-0.8462624807360406	0.08482692325114229	0.9931637389150465
20.266666666666666	0.0	20.266666666666666	0.0	1.1457803154927464	-10.564105564933746	-0.8462501181150611	0.08486028730376854	0.9930708797489561
21.33333333333333	0.0	21.33333333333333	0.0	1.2040659472540736	-10.564137662676233	-0.8462355662799497	0.08488075216332414	0.9930212575619689
22.400000000000006	0.0	22.400000000000006	0.0	1.2623617984916657	-10.56409491934345	-0.8462441192390822	0.0848924172405852	0.9929089208289709
23.46666666666667	0.0	23.46666666666667	0.0	1.3206686276063948	-10.564076418337754	-0.8462429280490398	0.08489858781963319	0.9929339143569753
24.53333333333333	0.0	24.53333333333333	0.0	1.3789871687767694	-10.564081590892716	-0.8462479825581383	0.084925502275724	0.992761792761584
25.599999999999994	0.0	25.599999999999994	0.0	1.4373181299868607	-10.563999989009089	-0.8462375730595708	0.08498988019521735	0.9928887886441116
26.66666666666667	0.0	26.66666666666667	0.0	1.4956621912561816	-10.564077588064906	-0.8462469308768399	0.0850209477192936	0.9931251057244856
27.733333333333334	0.0	27.733333333333334	0.0	1.5540200030877847	-10.564070880913771	-0.8462561277224822	0.08504868849640485	0.9931562483686548
28.799999999999997	0.0	28.799999999999997	0.0	1.6123921851508696	-10.56408106505206	-0.8462586818056357	0.08508583001655257	0.9928710066450117
29.86666666666666	0.0	29.86666666666666	0.0	1.670779325214162	-10.564000364609553	-0.8462476284205583	0.08509623951512045	0.9930460793869041
30.933333333333337	0.0	30.933333333333337	0.0	1.7291819783463485	-10.56398346258869	-0.84624958154297	0.08517505122386501	0.9931937332949409
32.0	0.0	32.0	0.0	1.7876006663998416	-10.563986274226448	-0.8462501503093867	0.08515546634253889	0.9929281193783912
33.06666666666666	0.0	33.06666666666666	0.0	1.8460358777941588	-10.56396105533817	-0.8462484654730205	0.08515976965070975	0.9930110948865633
34.133333333333326	0.0	34.133333333333326	0.0	1.9044880676151767	-10.56400362696787	-0.8462440870447567	0.08517815261055173	0.9928169523725517
35.2	0.0	35.2	0.0	1.9629576580465535	-10.563888832734698	-0.8462449884858704	0.08518797187981937	0.9928139261059579
36.266666666666666	0.0	36.266666666666666	0.0	2.021445039149582	-10.564037860267284	-0.8462410393152797	0.08525052545420285	0.9930749576968492
37.33333333333333	0.0	37.33333333333333	0.0	2.079950570007767	-10.564036647614364	-0.8462532195017483	0.08524703773561049	0.9929948045578767
38.39999999999999	0.0	38.39999999999999	0.0	2.1384745802523812	-10.563936555456477	-0.8462486586389738	0.08523919305163824	0.9929223887884581
39.46666666666667	0.0	39.46666666666667	0.0	2.1970173719853	-10.563902966043583	-0.8462398481252366	0.08526448706001392	0.9929967576802881
40.53333333333333	0.0	40.53333333333333	0.0	2.2555792221153697	-10.564030949218754	-0.8462317780809863	0.08524236955841773	0.9929869062166949
41.599999999999994	0.0	41.599999999999994	0.0	2.3141603851246044	-10.563965573275171	-0.8462517278313348	0.08526138567332717	0.9930722641049518
42.66666666666667	0.0	42.66666666666667	0.0	2.3727610962804784	-10.563876513039489	-0.8462384208434748	0.08523454633732905	0.9928803966566061
43.733333333333334	0.0	43.733333333333334	0.0	2.4313815753105863	-10.563935782792674	-0.846257168672338	0.08527873841475422	0.9929876144918556
44.8	0.0	44.8	0.0	2.490022030555963	-10.56401926267861	-0.8462382813347311	0.08526420804252653	0.9931046086706046
45.86666666666666	0.0	45.86666666666666	0.0	2.548682663619322	-10.564003959642573	-0.8462284084082549	0.08524976352183336	0.9928761791999707
46.93333333333334	0.0	46.93333333333334	0.0	2.607363674524507	-10.563973439422018	-0.846253670222304	0.08526263052057864	0.9930067057268578
48.0	0.0	48.0	0.0	2.6660652674034075	-10.563966163504471	-0.8462524575693788	0.085249666938857	0.9929502261485459
49.06666666666666	0.0	49.06666666666666	0.0	2.724787656726653	-10.563975918385086	-0.8462517707571016	0.08525619165548512	0.9929775376679841
50.133333333333326	0.0	50.133333333333326	0.0	2.783531074094322	-10.563974695000725	-0.8462440011932223	0.08527880280340515	0.9932135328051033
51.19999999999999	0.0	51.19999999999999	0.0	2.8422957756029708	-10.563919256372262	-0.8462467484423292	0.08526847915637191	0.9929404927308129
52.26666666666665	0.0	52.26666666666665	0.0	2.901082049805243	-10.56400428158583	-0.8462537989996061	0.08525882085873163	0.9927427015265821
53.33333333333334	0.0	53.33333333333334	0.0	2.9598902262783517	-10.563981412883301	-0.8462468557567471	0.0852803159367022	0.9930903787787482
54.400000000000006	0.0	54.400000000000006	0.0	3.0187206848176857	-10.563918354931154	-0.8462574262269427	0.08525320831465845	0.9929354274902731
55.46666666666667	0.0	55.46666666666667	0.0	3.0775738652718507	-10.563926564484145	-0.8462379379285929	0.0852871840594686	0.9929944396888547
56.53333333333333	0.0	56.53333333333333	0.0	3.13645027803539	-10.564011739937897	-0.8462588105829368	0.08525920719063727	0.9929653145557481
57.599999999999994	0.0	57.599999999999994	0.0	3.195350515215478	-10.563970767293013	-0.8462315634521501	0.0852273455398662	0.9927454809700141
58.66666666666666	0.0	58.66666666666666	0.0	3.2542752624888656	-10.564021945539068	-0.8462523395235186	0.08523931109749823	0.9927609127833544
59.73333333333332	0.0	59.73333333333332	0.0	3.3132253116653385	-10.563979534880987	-0.8462523824492861	0.0852523605307545	0.9929483374147849
60.80000000000001	0.0	60.80000000000001	0.0	3.372201573973985	-10.56409030482348	-0.8462354589655314	0.08524535289924434	0.992646580002178
61.866666666666674	0.0	61.866666666666674	0.0	3.431205094088528	-10.564005601553168	-0.8462421875795549	0.08522090667477272	0.9926966099839538
62.93333333333334	0.0	62.93333333333334	0.0	3.490237064908026	-10.563914051622982	-0.8462418119790902	0.08525403463567877	0.9926597689441773
64.0	0.0	64.0	0.0	3.549298843109189	-10.563960014388313	-0.8462530585301208	0.08525017131662267	0.9926759197641202
65.06666666666666	0.0	65.06666666666666	0.0	3.6083919654866037	-10.563996200810134	-0.8462372403848742	0.08525674969045989	0.9927803903502622
66.13333333333333	0.0	66.13333333333333	0.0	3.667518166097146	-10.563950517062292	-0.846248004021022	0.08527325464798294	0.9929337748482314
67.19999999999999	0.0	67.19999999999999	0.0	3.7266793942248477	-10.564063615727655	-0.8462569325806184	0.08523559801862766	0.9927094877141411
68.26666666666665	0.0	68.26666666666665	0.0	3.7858778331825	-10.563932391657048	-0.846229320580809	0.0852919810139632	0.9930608673137362
69.33333333333334	0.0	69.33333333333334	0.0	3.845115919966272	-10.563891107800366	-0.8462657645572383	0.08532778110388314	0.9932743693487948
70.4	0.0	70.4	0.0	3.9043963657796077	-10.564003369413271	-0.8462295352096457	0.0852615037191873	0.992985725758095
71.46666666666667	0.0	71.46666666666667	0.0	3.9637221774427083	-10.563984074280867	-0.8462580701134514	0.08524930206983507	0.9929974015667977
72.53333333333333	0.0	72.53333333333333	0.0	4.023096679703835	-10.563965036703085	-0.8462547004407187	0.08527594823988034	0.9930113524411667
73.6	0.0	73.6	0.0	4.082523538468745	-10.563947447869928	-0.8462527151239817	0.08527469266118709	0.9930473993542485
74.66666666666666	0.0	74.66666666666666	0.0	4.142006784964515	-10.563978440273916	-0.8462413505270923	0.08528135688655893	0.9931566132376772
75.73333333333332	0.0	75.73333333333332	0.0	4.201550840854042	-10.563963974290338	-0.8462525863466803	0.08526611823917092	0.9929835687382882
76.80000000000001	0.0	76.80000000000001	0.0	4.261160544317486	-10.563947061538023	-0.8462444626452208	0.0852578550289676	0.9927891364753479
77.86666666666667	0.0	77.86666666666667	0.0	4.320841177116942	-10.563873647744513	-0.8462547111721613	0.08529517898362636	0.9930457574436496
78.93333333333334	0.0	78.93333333333334	0.0	4.380598492660622	-10.563918526634225	-0.8462402988457935	0.0852682108703263	0.9929768186613821
80.0	0.0	80.0	0.0	4.440438745082791	-10.563920587071049	-0.8462574476898258	0.08526248028039313	0.9930012541544118
