Hysterese	V-MOKE
Charge	2020_0446
Sample	1
Sample State	bFC
User	Meike Reginka
Sample Angle	75.0
Magnetic Field Angle	90.0
Detektor Averages	300
Hysteresus Points	150
Magnetic Field [kA/m]	80
Hysteresis Averages	100
Polarization	p-polarization
Measurement Method	Scan Both Angles
Max Voltage Correction	No
Training Effect Elimination	No
Magnetic field [kA/m]	Magnetic field transversal [kA/m]	Magnetic field longitudinal [kA/m]	Magnetic field transversal [V]	Magnetic field longitudinal [V]	Detector diff transversal [V]	Detector diff longitudinal [V]	Detector raw transversal [V]	Detector raw longitudinal [V]
80.0	80.0	0.0	-4.342489581062203	0.0	-6.610491427592389	-0.8439872755609223	0.14035834648374002	1.658936787771796
78.93333333333334	78.93333333333334	0.0	-4.283945631442396	0.0	-6.6008746928263005	-0.845905810535627	0.1404359348081169	1.6598994732233692
77.86666666666666	77.86666666666666	0.0	-4.225481927972428	0.0	-6.59922841453063	-0.8458796902062311	0.14044912375011676	1.6600983912289917
76.8	76.8	0.0	-4.167093947216811	0.0	-6.6114019367738255	-0.8458956907859888	0.1403309705756508	1.658961673985383
75.73333333333333	75.73333333333333	0.0	-4.108777426500553	0.0	-6.603546735988574	-0.8458719313737936	0.14041122029759964	1.6595917705919923
74.66666666666667	74.66666666666667	0.0	-4.050528351430542	0.0	-6.60537024404594	-0.845874818131644	0.14040684186933605	1.6594593875256693
73.6	73.6	0.0	-3.992342943813344	0.0	-6.6131599186474235	-0.8458871056325306	0.1403188333149494	1.6587125435634724
72.53333333333333	72.53333333333333	0.0	-3.934217649963252	0.0	-6.607284325472287	-0.8458971824564019	0.1403624995517254	1.6593574388283558
71.46666666666667	71.46666666666667	0.0	-3.876149129394453	0.0	-6.609049314977394	-0.8458768141798234	0.14036768283812567	1.6592303892886182
70.4	70.4	0.0	-3.818134243891202	0.0	-6.614047827412375	-0.8458970966048676	0.14033243005173865	1.658788200228322
69.33333333333333	69.33333333333333	0.0	-3.760170046949834	0.0	-6.608090535770648	-0.845876223950523	0.1403690135369116	1.659332198477189
68.26666666666667	68.26666666666667	0.0	-3.7022537735865026	0.0	-6.607295453977458	-0.8458946069103649	0.14037572068805076	1.6592634743237569
67.2	67.2	0.0	-3.6443828305044987	0.0	-6.60513669567756	-0.8458784560904219	0.14041944058203568	1.6592711365732198
66.13333333333333	66.13333333333333	0.0	-3.586554786615013	0.0	-6.607712005623241	-0.8458864188202543	0.14036435609116066	1.6593727955216042
65.06666666666666	65.06666666666666	0.0	-3.5287673639052177	0.0	-6.610900993069544	-0.84586414034703	0.1403480442995903	1.65897578583138
64.0	64.0	0.0	-3.4710184286475108	0.0	-6.608370186413104	-0.8458925572049764	0.1403689276853771	1.6591793183569852
62.93333333333334	62.93333333333334	0.0	-3.4133059829438133	0.0	-6.615512089723292	-0.8458719957624449	0.14031682653532873	1.6586547654807005
61.86666666666667	61.86666666666667	0.0	-3.3556281565987605	0.0	-6.611264756753009	-0.8458797224005568	0.14034218493235529	1.6588329396092791
60.8	60.8	0.0	-3.2979831993156687	0.0	-6.613897404792353	-0.8458784238960965	0.14032343710349132	1.658680735569912
59.733333333333334	59.733333333333334	0.0	-3.2403694732091295	0.0	-6.613806133879649	-0.8458835213309618	0.14034157324017138	1.658419972265066
58.66666666666667	58.66666666666667	0.0	-3.1827854456281033	0.0	-6.610444166322605	-0.8458924928163253	0.14035559923463356	1.6587674992770456
57.6	57.6	0.0	-3.1252296822833725	0.0	-6.606381736094919	-0.8458789175424205	0.14037837135418085	1.6591223773266746
56.53333333333333	56.53333333333333	0.0	-3.0677008406732234	0.0	-6.610511559777254	-0.8458728650092321	0.1403438375743959	1.6592311726838722
55.46666666666667	55.46666666666667	0.0	-3.0101976638012173	0.0	-6.608915139760289	-0.845889176800802	0.14037329538219884	1.6590261592192934
54.4	54.4	0.0	-2.9527189741799083	0.0	-6.610087345882004	-0.845881353579714	0.1403651609492974	1.6589395564837859
53.33333333333333	53.33333333333333	0.0	-2.895263668114395	0.0	-6.614440351359918	-0.8458966244214278	0.1403232117432131	1.6585087642147043
52.266666666666666	52.266666666666666	0.0	-2.837830710259539	0.0	-6.6056553247979535	-0.8458773829462395	0.14037847866859907	1.6591987744610097
51.2	51.2	0.0	-2.7804191284447413	0.0	-6.60321176476353	-0.8458982234062588	0.1404086447515622	1.6595834107988119
50.13333333333333	50.13333333333333	0.0	-2.7230280087601257	0.0	-6.60933997607916	-0.8458908938314943	0.14036310051246736	1.658870166980962
49.06666666666666	49.06666666666666	0.0	-2.665656490897999	0.0	-6.607272359914655	-0.8458804414071587	0.14038190199854056	1.6590071216415012
48.0	48.0	0.0	-2.6083037637434527	0.0	-6.610789117788548	-0.845881890151805	0.1403483233170779	1.6591536487481466
46.93333333333334	46.93333333333334	0.0	-2.5509690612079656	0.0	-6.614395579784633	-0.8458751615377825	0.14032883501872814	1.6586530377185666
45.86666666666667	45.86666666666667	0.0	-2.4936516582998802	0.0	-6.611586936099401	-0.8458862471171854	0.1403464775090844	1.6584811844092209
44.8	44.8	0.0	-2.4363508674256087	0.0	-6.614087501552792	-0.8459083646187808	0.14031964890452786	1.6584229019486834
43.733333333333334	43.733333333333334	0.0	-2.3790660349154367	0.0	-6.614038684223943	-0.8458712660244008	0.14033108862151075	1.658562818487165
42.666666666666664	42.666666666666664	0.0	-2.3217965377677903	0.0	-6.612711043898864	-0.8459067227081825	0.14033758114381345	1.6583667335821837
41.6	41.6	0.0	-2.264541780605829	0.0	-6.610683123337668	-0.8458762561448485	0.14036638433366513	1.6587709977270806
40.53333333333333	40.53333333333333	0.0	-2.207301192840227	0.0	-6.616386551991643	-0.8458860968769991	0.14031946647001706	1.6584398898210875
39.46666666666667	39.46666666666667	0.0	-2.1500742260320136	0.0	-6.608907413122179	-0.8458694094849655	0.1403678116154275	1.6584955430783797
38.4	38.4	0.0	-2.092860351449327	0.0	-6.6109049744344635	-0.8458880714622944	0.1403553953372388	1.6585572059430909
37.333333333333336	37.333333333333336	0.0	-2.0356590578119564	0.0	-6.610589008592886	-0.8458745820399243	0.1403557602062608	1.6585569269256046
36.266666666666666	36.266666666666666	0.0	-1.978469849217529	0.0	-6.609541834499845	-0.8458987707097917	0.1403525836994813	1.6584273554970395
35.2	35.2	0.0	-1.9212922432432114	0.0	-6.610065003020132	-0.8458711801728661	0.14036034253191904	1.6587305509228516
34.13333333333333	34.13333333333333	0.0	-1.8641257692167834	0.0	-6.611480598242383	-0.845893190360044	0.1403416268973806	1.658387166247414
33.06666666666667	33.06666666666667	0.0	-1.8069699666509589	0.0	-6.60847892811309	-0.8459003804260652	0.14036233858009806	1.6586745435279795
32.0	32.0	0.0	-1.7498243838348049	0.0	-6.606802279837065	-0.8458974614738897	0.14037957327566494	1.658948023591384
30.933333333333337	30.933333333333337	0.0	-1.6926885765761346	0.0	-6.607696316255299	-0.8458767068654047	0.14038677407312788	1.6586847062033854
29.866666666666667	29.866666666666667	0.0	-1.6355621070887316	0.0	-6.603305192696033	-0.8458906684712154	0.14041191784131807	1.6589281489611303
28.799999999999997	28.799999999999997	0.0	-1.5784445430182759	0.0	-6.607458689939022	-0.8458859680996974	0.14038863061256301	1.658758656568985
27.733333333333334	27.733333333333334	0.0	-1.5213354566008253	0.0	-6.611381117776687	-0.8459001979915541	0.1403507593543716	1.6584994063974352
26.666666666666664	26.666666666666664	0.0	-1.4642344239477312	0.0	-6.614091783398082	-0.8458880607308521	0.1403360894734001	1.658260567428234
25.6	25.6	0.0	-1.4071410244508409	0.0	-6.614345528339976	-0.84589887802421	0.14032071131726842	1.6582274716616525
24.53333333333333	24.53333333333333	0.0	-1.3500548403018546	0.0	-6.60708952834033	-0.845883757422682	0.1403929768465013	1.6584691973887058
23.46666666666667	23.46666666666667	0.0	-1.292975456119707	0.0	-6.612756824229682	-0.8458755907954548	0.14034938572981834	1.65837701430345
22.4	22.4	0.0	-1.2359024586798253	0.0	-6.609699833517798	-0.8458837466912403	0.14036055716075554	1.6583265228696755
21.333333333333336	21.333333333333336	0.0	-1.1788354367391438	0.0	-6.6112221743918544	-0.8458929757312071	0.14035334563185067	1.6580752461594002
20.266666666666666	20.266666666666666	0.0	-1.121773980950723	0.0	-6.610344557079608	-0.8458807096932045	0.14035864696411102	1.6582160963333217
19.200000000000003	19.200000000000003	0.0	-1.0647176838618537	0.0	-6.606358523986261	-0.8458830276846379	0.14038674187880232	1.658521320001637
18.133333333333333	18.133333333333333	0.0	-1.0076661399894944	0.0	-6.604454315486386	-0.8458778873240052	0.14039572409560788	1.6584171820901927
17.06666666666667	17.06666666666667	0.0	-0.9506189459669213	0.0	-6.602023321970335	-0.845894971779387	0.14041721917357824	1.6585332855592692
16.0	16.0	0.0	-0.8935757007554419	0.0	-6.601149621634352	-0.8458772649003796	0.1404278540324246	1.6587775868323593
14.933333333333337	14.933333333333337	0.0	-0.8365360059150497	0.0	-6.60931459621925	-0.84589004604759	0.1403724583297366	1.6581321228010608
13.866666666666674	13.866666666666674	0.0	-0.77949946592787	0.0	-6.611827449173529	-0.8458841544860295	0.14033768845823175	1.6576779145259224
12.799999999999997	12.799999999999997	0.0	-0.7224656885682738	0.0	-6.60695312098332	-0.8458862041914178	0.14039743039485755	1.657852568741583
11.733333333333334	11.733333333333334	0.0	-0.6654342853135198	0.0	-6.605131802140088	-0.8458752903150838	0.14039333098408147	1.6581660556201032
10.666666666666671	10.666666666666671	0.0	-0.6084048717887804	0.0	-6.605529455716819	-0.8458840686344952	0.14040502825566809	1.6580673800125454
9.599999999999994	9.599999999999994	0.0	-0.551377068240432	0.0	-6.60307593690438	-0.8458771897802868	0.14040869840877124	1.65812823801912
8.533333333333331	8.533333333333331	0.0	-0.49435050003146297	0.0	-6.6076280106281	-0.8458945210588301	0.1403807966600327	1.6579134160167168
7.466666666666669	7.466666666666669	0.0	-0.4373247981528619	0.0	-6.6031040103561836	-0.8458790892454892	0.14040731405277626	1.658026943939757
6.400000000000006	6.400000000000006	0.0	-0.3802995997448602	0.0	-6.604305373805328	-0.8458804950643678	0.14041339878028958	1.6577280732849997
5.333333333333329	5.333333333333329	0.0	-0.3232745486218845	0.0	-6.60625776647899	-0.8458847125210042	0.14039860012201633	1.657820428073325
4.266666666666666	4.266666666666666	0.0	-0.2662492957950903	0.0	-6.603821385779136	-0.8458873846500186	0.1403977630695541	1.6575288655304488
3.200000000000003	3.200000000000003	0.0	-0.20922349998633066	0.0	-6.600090600029535	-0.8458926645193949	0.1404350440984456	1.6576204476549623
2.13333333333334	2.13333333333334	0.0	-0.15219682812743746	0.0	-6.601176525359002	-0.8458919025870257	0.14043259732971003	1.6576000579154988
1.0666666666666629	1.0666666666666629	0.0	-0.09516895583866962	0.0	-6.602810720051172	-0.8458812033395284	0.1404043414433913	1.6575185740777407
0.0	0.0	0.0	-0.0381395678802	0.0	-6.603755269366068	-0.8458962917467308	0.14042158687040016	1.6572188663705212
-1.0666666666666629	-1.0666666666666629	0.0	0.01889164142950607	0.0	-6.605640858814379	-0.8458713518759354	0.14039219345124837	1.6569818410149875
-2.1333333333333258	-2.1333333333333258	0.0	0.07592496783454125	0.0	-6.61129879688647	-0.8458750327604801	0.1403441380547671	1.6565574876109985
-3.200000000000003	-3.200000000000003	0.0	0.13296069680778344	0.0	-6.612163042822201	-0.8458823516038031	0.14033851477925197	1.6565551374252405
-4.266666666666666	-4.266666666666666	0.0	0.1899991032686266	0.0	-6.610342764928824	-0.8458955834715702	0.14035585678923715	1.6563699449337086
-5.333333333333329	-5.333333333333329	0.0	0.2470404513583625	0.0	-6.608556162299886	-0.8458699353256144	0.14037372463987172	1.6569362323872412
-6.400000000000006	-6.400000000000006	0.0	0.3040849942793354	0.0	-6.616700940311274	-0.8458937483950184	0.1402898798849124	1.6560676187546846
-7.466666666666669	-7.466666666666669	0.0	0.36113297420401097	0.0	-6.617400598123779	-0.8458869339294618	0.14029699483084065	1.6559695655707523
-8.533333333333331	-8.533333333333331	0.0	0.4181846222601038	0.0	-6.619062233112699	-0.8458871592897398	0.14028586632567067	1.6559015067667138
-9.599999999999994	-9.599999999999994	0.0	0.4752401585978824	0.0	-6.626524856293193	-0.8458708367667276	0.1402138154252742	1.6550938155293837
-10.666666666666671	-10.666666666666671	0.0	0.5322997925458017	0.0	-6.629246135310552	-0.845906658319531	0.1401989201840246	1.6552964144195514
-11.733333333333334	-11.733333333333334	0.0	0.5893637228605886	0.0	-6.6314798741944685	-0.845876760522614	0.1401827371697563	1.6546729498439887
-12.799999999999997	-12.799999999999997	0.0	0.6464321380779278	0.0	-6.628586634553343	-0.8458839720515187	0.14021958894097475	1.6552742003349783
-13.86666666666666	-13.86666666666666	0.0	0.7035052169698697	0.0	-6.638063238152119	-0.8458729615922084	0.14012397179433614	1.6547468894781443
-14.933333333333337	-14.933333333333337	0.0	0.7605831291151076	0.0	-6.6420787934419225	-0.8458945532531551	0.14009488958699698	1.6542626975545545
-16.0	-16.0	0.0	0.8176660355882505	0.0	-6.645894625867971	-0.8459010243125742	0.1400563207850869	1.6539171773221946
-17.066666666666663	-17.066666666666663	0.0	0.8747540897742391	0.0	-6.644948842437267	-0.8458804950643679	0.1400725359936806	1.6542917153732422
-18.133333333333326	-18.133333333333326	0.0	0.9318474383140274	0.0	-6.655991818015897	-0.845895379574176	0.1399919321341518	1.653606373304131
-19.200000000000003	-19.200000000000003	0.0	0.9889462221876749	0.0	-6.655523229608714	-0.8458856890822101	0.13999516229814032	1.6535540575252456
-20.266666666666666	-20.266666666666666	0.0	1.0460505779409777	0.0	-6.6543937560883375	-0.8458798726407423	0.14000600105438116	1.653765627900776
-21.33333333333333	-21.33333333333333	0.0	1.1031606390617854	0.0	-6.663397274805808	-0.8459023550113604	0.13992473184545914	1.6532665407359366
-22.400000000000006	-22.400000000000006	0.0	1.1602765375121282	0.0	-6.667436836330967	-0.8458819438090139	0.1398872361877312	1.6529309792815885
-23.46666666666667	-23.46666666666667	0.0	1.2173984054222904	0.0	-6.668745074209227	-0.8458977082970514	0.13986724351161578	1.6527844629063861
-24.53333333333333	-24.53333333333333	0.0	1.2745263769529795	0.0	-6.677902438876662	-0.8458942956985516	0.1398140155601761	1.6520731292851791
-25.599999999999994	-25.599999999999994	0.0	1.3316605903317076	0.0	-6.672705920608618	-0.8458981160918404	0.13986153438456625	1.6523683083239502
-26.66666666666667	-26.66666666666667	0.0	1.3888011900695343	0.0	-6.674230987268901	-0.8459036642472629	0.1398237382464673	1.6524872341622268
-27.733333333333334	-27.733333333333334	0.0	1.4459483293643003	0.0	-6.676658557455013	-0.8459056173696746	0.13980946542884332	1.6521985047199916
-28.799999999999997	-28.799999999999997	0.0	1.5031021726964937	0.0	-6.676845842577708	-0.8458929435368823	0.1398334502013167	1.652443589388335
-29.86666666666666	-29.86666666666666	0.0	1.5602628986238758	0.0	-6.68009418562873	-0.8459070339199948	0.13979511749112672	1.651911535234216
-30.933333333333337	-30.933333333333337	0.0	1.6174307027810082	0.0	-6.682444446507951	-0.8458874919644369	0.13977808669295436	1.6519518317982596
-32.0	-32.0	0.0	1.6746058010898164	0.0	-6.687216804537963	-0.8459048554373052	0.1397328429342306	1.6514651394487236
-33.06666666666666	-33.06666666666666	0.0	1.731788433187324	0.0	-6.691595672790666	-0.8458933298687878	0.13970314903470768	1.6512743880703291
-34.133333333333326	-34.133333333333326	0.0	1.788978866076694	0.0	-6.689866043386361	-0.8459205877310174	0.13972030861018186	1.6514144655804386
-35.2	-35.2	0.0	1.8461773980077143	0.0	-6.696213433669784	-0.8458945961789226	0.13966926987287398	1.6509281273684828
-36.266666666666666	-36.266666666666666	0.0	1.903384362592853	0.0	-6.69739786290374	-0.8459078709724571	0.13965335514465108	1.6507715770951759
-37.33333333333333	-37.33333333333333	0.0	1.9606001331650438	0.0	-6.695584066801221	-0.8458923640390238	0.13965853843105142	1.6511264229504798
-38.39999999999999	-38.39999999999999	0.0	2.0178251273833046	0.0	-6.701022976145711	-0.8459225193905453	0.13961740481454576	1.6504554932077355
-39.46666666666667	-39.46666666666667	0.0	2.0750598120923507	0.0	-6.699148579591224	-0.8458990819216048	0.13963706481596452	1.650724423139808
-40.53333333333333	-40.53333333333333	0.0	2.1323047084423257	0.0	-6.709329047727695	-0.8459090514310575	0.1395530805522614	1.6503535552418633
-41.599999999999994	-41.599999999999994	0.0	2.18956039727479	0.0	-6.708864687508591	-0.8458934371832063	0.1395515352246389	1.6500351104372215
-42.66666666666667	-42.66666666666667	0.0	2.246827524781106	0.0	-6.715620956456889	-0.8459161234512189	0.13951190400998845	1.6496163910401904
-43.733333333333334	-43.733333333333334	0.0	2.304106808439335	0.0	-6.717991961213159	-0.84590406131061	0.1394813837894452	1.6491906103544407
-44.8	-44.8	0.0	2.3613990432358243	0.0	-6.721890565249977	-0.84591966482702	0.13944784803374982	1.6490953902711498
-45.86666666666666	-45.86666666666666	0.0	2.4187051081775675	0.0	-6.72273670724336	-0.8459000692142524	0.1394480304682609	1.6491151253926606
-46.93333333333334	-46.93333333333334	0.0	2.4760259731015175	0.0	-6.728069214342181	-0.8459196862899033	0.13940791633872815	1.6486552938420078
-48.0	-48.0	0.0	2.53336270578696	0.0	-6.729616817030293	-0.8459073451318079	0.13937521763549496	1.6483890145760645
-49.06666666666666	-49.06666666666666	0.0	2.5907164793770994	0.0	-6.732164729605001	-0.8459060788216733	0.13937428400005633	1.6484696935556877
-50.133333333333326	-50.133333333333326	0.0	2.6480885801159855	0.0	-6.739360526216026	-0.8458985238866299	0.1393049159601156	1.6474274130001165
-51.19999999999999	-51.19999999999999	0.0	2.705480415406914	0.0	-6.728690489703614	-0.8459145781235964	0.13938417838941672	1.6484669785009063
-52.26666666666665	-52.26666666666665	0.0	2.762893522198445	0.0	-6.73304930089155	-0.8459066583195313	0.13935657712104912	1.6481766286109558
-53.33333333333334	-53.33333333333334	0.0	2.820329575704172	0.0	-6.74080551485743	-0.8459075597606446	0.13929134068621005	1.647553292812694
-54.400000000000006	-54.400000000000006	0.0	2.877790398462363	0.0	-6.73513144742828	-0.8459186882658148	0.13933540398633337	1.6477738883307982
-55.46666666666667	-55.46666666666667	0.0	2.935277969741645	0.0	-6.737760318000105	-0.8459238930150983	0.13931242796939144	1.6479144272929052
-56.53333333333333	-56.53333333333333	0.0	2.9927944352988205	0.0	-6.737383955603948	-0.8458900889733572	0.13932921194440184	1.647954638005414
-57.599999999999994	-57.599999999999994	0.0	3.050342117494992	0.0	-6.733576869302986	-0.8459139771628543	0.13935209137836738	1.6481135491959225
-58.66666666666666	-58.66666666666666	0.0	3.1079235257761075	0.0	-6.738145984556323	-0.8459055851753493	0.13931016363516677	1.6478423227352985
-59.73333333333332	-59.73333333333332	0.0	3.1655413675240673	0.0	-6.736149067130544	-0.8459107684617494	0.1393243935270235	1.6479795778762099
-60.80000000000001	-60.80000000000001	0.0	3.223198559284539	0.0	-6.731919086901688	-0.8459216608751994	0.13937829755929826	1.6485066526413235
-61.866666666666674	-61.866666666666674	0.0	3.28089823837759	0.0	-6.7361665271863895	-0.8459065939308801	0.13933031728290945	1.6480024895045011
-62.93333333333334	-62.93333333333334	0.0	3.338643774897311	0.0	-6.735591837013913	-0.8458946283732484	0.13933048898597866	1.6479590378965632
-64.0	-64.0	0.0	3.39643878410653	0.0	-6.738434864238741	-0.84589935020765	0.13933355817833992	1.6479723448844226
-65.06666666666666	-65.06666666666666	0.0	3.454287139232773	0.0	-6.739194178136335	-0.8459100387237055	0.13930904756521725	1.6476783463042524
-66.13333333333333	-66.13333333333333	0.0	3.5121929846716027	0.0	-6.732631525861401	-0.8459180765736307	0.13936293013460818	1.648265420560595
-67.19999999999999	-67.19999999999999	0.0	3.570160749603466	0.0	-6.731902131223607	-0.8458866656434164	0.13936203942493686	1.6484363724288278
-68.26666666666665	-68.26666666666665	0.0	3.628195162030197	0.0	-6.73417813052542	-0.8459244725129564	0.1393438818253733	1.6483939725021874
-69.33333333333334	-69.33333333333334	0.0	3.6863012632373016	0.0	-6.736245542792533	-0.8459136015623908	0.13931602300240198	1.647783428582579
-70.4	-70.4	0.0	3.7444844226881497	0.0	-6.73501204940657	-0.8459130864531832	0.13934330232751474	1.6482802406817518
-71.46666666666667	-71.46666666666667	0.0	3.802750353356249	0.0	-6.736922718234414	-0.8459018399021532	0.1393245330357673	1.6481461727790632
-72.53333333333333	-72.53333333333333	0.0	3.861105127501684	0.0	-6.737326810676239	-0.8459232598600306	0.13932369598330502	1.6480990295551368
-73.6	-73.6	0.0	3.9195551928979	0.0	-6.739889682880852	-0.8458966029585436	0.13930686908252726	1.6476956239255864
-74.66666666666666	-74.66666666666666	0.0	3.9781073895149364	0.0	-6.735261684206237	-0.8459136552196	0.13934225064621614	1.648259507536151
-75.73333333333332	-75.73333333333332	0.0	4.036768966665268	0.0	-6.7337674275154304	-0.8459153722502911	0.13934954802665553	1.6484434551804314
-76.80000000000001	-76.80000000000001	0.0	4.09554760061838	0.0	-6.7373235483179235	-0.8459111333307715	0.13932682956431724	1.6481033114004253
-77.86666666666667	-77.86666666666667	0.0	4.1544514126901975	0.0	-6.738500261645209	-0.8459017218562929	0.1393108075216762	1.6479831943721046
-78.93333333333334	-78.93333333333334	0.0	4.213488987813546	0.0	-6.740480384364532	-0.8459157585821966	0.1392991531758569	1.6481256542622975
-80.0	-80.0	0.0	4.272669393595734	0.0	-6.730400276671986	-0.8459095987345907	0.13937454155466023	1.6483542983617687
-80.0	-80.0	0.0	4.334632001425141	0.0	-6.735743225463701	-0.8441202488565446	0.13934394621402416	1.6482178910047633
-78.93333333333334	-78.93333333333334	0.0	4.2765525217646445	0.0	-6.732364570514626	-0.8458903679908449	0.13936233990530797	1.6485935236628766
-77.86666666666666	-77.86666666666666	0.0	4.2185409905834925	0.0	-6.735151182549796	-0.8458932654801365	0.13931780442174446	1.6483095053236025
-76.8	-76.8	0.0	4.160591136621887	0.0	-6.735913308085148	-0.8459136552195998	0.139336219575912	1.6480897039321931
-75.73333333333333	-75.73333333333333	0.0	4.1026972267289015	0.0	-6.733055889996832	-0.8459199331130653	0.13937053872686034	1.6483203011540761
-74.66666666666667	-74.66666666666667	0.0	4.044854034561523	0.0	-6.733608076335806	-0.8459047266600029	0.13934575982769218	1.6484223678972496
-73.6	-73.6	0.0	3.9870568103551984	0.0	-6.742522899686614	-0.8459186024142796	0.13927134801009466	1.6476815657367991
-72.53333333333333	-72.53333333333333	0.0	3.9293012517491834	0.0	-6.732743165050681	-0.8459184307112103	0.13935346500292067	1.6483862136697496
-71.46666666666667	-71.46666666666667	0.0	3.8715834756500076	0.0	-6.736872935075803	-0.8459171751325172	0.13932193602684614	1.648277665135715
-70.4	-70.4	0.0	3.813899991116364	0.0	-6.735369320567721	-0.8458871914840651	0.13935449522133572	1.6482068054253602
-69.33333333333333	-69.33333333333333	0.0	3.7562476732487218	0.0	-6.738339311480757	-0.845910779193191	0.13931930682359964	1.647969340080711
-68.26666666666667	-68.26666666666667	0.0	3.6986237380669853	0.0	-6.730461123947124	-0.84589958629937	0.13937552884730794	1.6483856234404497
-67.2	-67.2	0.0	3.641025718359479	0.0	-6.736058440104358	-0.8459086972934777	0.1393364878619574	1.6482417899257018
-66.13333333333333	-66.13333333333333	0.0	3.583451440486598	0.0	-6.7412296107068155	-0.84590117455276	0.13928916220352014	1.647902611975459
-65.06666666666666	-65.06666666666666	0.0	3.5258990021224057	0.0	-6.736898035918223	-0.8459240110609585	0.1393093265827048	1.6478561019066007
-64.0	-64.0	0.0	3.4683667509174954	0.0	-6.735888936980768	-0.8459104143241689	0.13931535765300887	1.6481293351468438
-62.93333333333334	-62.93333333333334	0.0	3.4108532640664255	0.0	-6.740594588368411	-0.8459240861810505	0.1392990780557642	1.6480316361004912
-61.86666666666667	-61.86666666666667	0.0	3.353357328763028	0.0	-6.736884396255667	-0.8459167351434027	0.13932328818851578	1.648145003051904
-60.8	-60.8	0.0	3.2958779235269047	0.0	-6.7360395205724215	-0.8459035354699607	0.13933874146474032	1.647916004814854
-59.733333333333334	-59.733333333333334	0.0	3.238414200384411	0.0	-6.727425038083901	-0.8458962058951961	0.13941624393758248	1.6488602858437014
-58.66666666666667	-58.66666666666667	0.0	3.1809654678874364	0.0	-6.739561354418297	-0.8459044261796322	0.13930311307788945	1.6479714434433086
-57.6	-57.6	0.0	3.1235311749532944	0.0	-6.740328040816422	-0.8459097060490085	0.13930200773938173	1.6477066880421054
-56.53333333333333	-56.53333333333333	0.0	3.066110895509022	0.0	-6.7424123121786375	-0.845919976038833	0.13928565302204415	1.6478455099735216
-55.46666666666667	-55.46666666666667	0.0	3.0087043139233947	0.0	-6.738931129034387	-0.8458932332858116	0.1393296304706329	1.6477757126759078
-54.4	-54.4	0.0	2.9513112112099673	0.0	-6.7379508547496645	-0.8459223154931506	0.1393252842366948	1.6477137278679417
-53.33333333333333	-53.33333333333333	0.0	2.8939314519844546	0.0	-6.741112959934202	-0.845904254476563	0.13928203652615	1.6478636890359695
-52.266666666666666	-52.266666666666666	0.0	2.836564972159741	0.0	-6.739343935406965	-0.8459139771628543	0.13929985071957537	1.647615674684009
-51.2	-51.2	0.0	2.7792117673618404	0.0	-6.733261225404664	-0.8459053276207453	0.13935369036319892	1.6483238532613183
-50.13333333333333	-50.13333333333333	0.0	2.7218718820501118	0.0	-6.736619930603389	-0.8459091909398019	0.13933066068904784	1.6481496175718875
-49.06666666666666	-49.06666666666666	0.0	2.6645453993250308	0.0	-6.740406133518564	-0.8459110582106787	0.13929132995476837	1.6478741414603046
-48.0	-48.0	0.0	2.60723243140683	0.0	-6.738687257018971	-0.8459152434729892	0.1393085431874517	1.6478299815772053
-46.93333333333334	-46.93333333333334	0.0	2.549933110768312	0.0	-6.738610001369284	-0.8458930401198586	0.13930443304523352	1.64762551541616
-45.86666666666667	-45.86666666666667	0.0	2.492647581905143	0.0	-6.742751071602644	-0.8459135049794143	0.13928813198510515	1.647615127380476
-44.8	-44.8	0.0	2.435375993726936	0.0	-6.7391625525772865	-0.8459027520747078	0.13932050874508378	1.6477357058607938
-43.733333333333334	-43.733333333333334	0.0	2.378118492552427	0.0	-6.740198748405344	-0.8459309221094918	0.13930449743388457	1.647702899843142
-42.666666666666664	-42.666666666666664	0.0	2.32087521569205	0.0	-6.738180818816479	-0.8459082251100378	0.139310206560934	1.6479405368908595
-41.6	-41.6	0.0	2.2636462856012263	0.0	-6.739888738513973	-0.8459103392040761	0.1392929933282508	1.647728505063331
-40.53333333333333	-40.53333333333333	0.0	2.2064318045876616	0.0	-6.733090681331217	-0.8459114230797004	0.1393526279504586	1.6484381431167285
-39.46666666666667	-39.46666666666667	0.0	2.1492318500559726	0.0	-6.737189276517844	-0.8459019901423385	0.1393357259295881	1.6481290561293562
-38.4	-38.4	0.0	2.092046470272937	0.0	-6.736863427018346	-0.8459064329592533	0.13932646469529517	1.64800330509408
-37.333333333333336	-37.333333333333336	0.0	2.0348756806366817	0.0	-6.740655446374986	-0.8459284753407565	0.13930637543620353	1.6473071350001687
-36.266666666666666	-36.266666666666666	0.0	1.977719460433113	0.0	-6.736977974428357	-0.84590553151814	0.13932571349436754	1.6479451836051688
-35.2	-35.2	0.0	1.920577750062899	0.0	-6.735778188501156	-0.8459249768907222	0.13932728028487376	1.647947394282184
-34.13333333333333	-34.13333333333333	0.0	1.8634504487223043	0.0	-6.736311476771087	-0.8459188385059997	0.1393390204822276	1.6480087030093173
-33.06666666666667	-33.06666666666667	0.0	1.8063374125211922	0.0	-6.731150393723937	-0.8459102640839837	0.13937248111783035	1.6482791353432433
-32.0	-32.0	0.0	1.7492384530214933	0.0	-6.741708887630053	-0.8459068192911587	0.13927822686430313	1.6476726801029702
-30.933333333333337	-30.933333333333337	0.0	1.692153336179458	0.0	-6.738064586570098	-0.8459084397388738	0.1393263144551098	1.6475674368530162
-29.866666666666667	-29.866666666666667	0.0	1.635081781674985	0.0	-6.731028334304649	-0.8459154688332672	0.13938039019045345	1.6484174636283362
-28.799999999999997	-28.799999999999997	0.0	1.5780234626113472	0.0	-6.735263787568837	-0.8459188385059998	0.13934511594118276	1.6479764335637568
-27.733333333333334	-27.733333333333334	0.0	1.5209780055686137	0.0	-6.73368244522764	-0.8459258783318355	0.13934101653040643	1.6479190525443312
-26.666666666666664	-26.666666666666664	0.0	1.4639449909940745	0.0	-6.736242140925473	-0.8459149644555023	0.13934277648686547	1.6478945097368836
-25.6	-25.6	0.0	1.4069239539129832	0.0	-6.738538959224424	-0.8459060251644638	0.1393098202290285	1.6475280846558527
-24.53333333333333	-24.53333333333333	0.0	1.3499143849429092	0.0	-6.730424121935715	-0.8459169926980061	0.13937281379252675	1.6480500512546592
-23.46666666666667	-23.46666666666667	0.0	1.2929157315950264	0.0	-6.732498048188013	-0.8458993824019759	0.1393600004509906	1.6482656351894311
-22.4	-22.4	0.0	1.235927399845624	0.0	-6.7327625996918234	-0.8459203194449717	0.1393728459868522	1.64773980527157
-21.333333333333336	-21.333333333333336	0.0	1.1789487559611669	0.0	-6.724822545396081	-0.8459054027408384	0.13942182428733024	1.648541336661294
-20.266666666666666	-20.266666666666666	0.0	1.1219791285601926	0.0	-6.733164749742683	-0.8459015394217816	0.13935754295081332	1.6479717761180057
-19.200000000000003	-19.200000000000003	0.0	1.0650178108953703	0.0	-6.7274044659099275	-0.8459264149039265	0.13939768927467122	1.6481200739125494
-18.133333333333333	-18.133333333333333	0.0	1.0080640633390137	0.0	-6.728749845308334	-0.8459114016168167	0.13939880534462085	1.6483216425843037
-17.06666666666667	-17.06666666666667	0.0	0.9511171160553648	0.0	-6.732287164624759	-0.8459158444337312	0.13936727636854626	1.6478754721590898
-16.0	-16.0	0.0	0.8941761718429497	0.0	-6.728445941607358	-0.8459045227626086	0.1394006082268471	1.6478488581833697
-14.933333333333337	-14.933333333333337	0.0	0.8372404091303182	0.0	-6.728244437324257	-0.8459096953175671	0.1394031086527917	1.6478102249928088
-13.866666666666674	-13.866666666666674	0.0	0.780308985108466	0.0	-6.726315525045312	-0.8459059607758129	0.1394071114805916	1.6481124867831818
-12.799999999999997	-12.799999999999997	0.0	0.7233810389832572	0.0	-6.7189767319720035	-0.8459100601865893	0.13947315277356728	1.6484615269284606
-11.733333333333334	-11.733333333333334	0.0	0.6664556953311475	0.0	-6.722487930959033	-0.8459225945106371	0.1394619384168628	1.6483125745159626
-10.666666666666671	-10.666666666666671	0.0	0.6095320675415111	0.0	-6.71653639137012	-0.8459030418236371	0.13950583001391684	1.6484045429723821
-9.599999999999994	-9.599999999999994	0.0	0.5526092613288888	0.0	-6.716402452244731	-0.8459124747609986	0.139491256715922	1.6484623961752476
-8.533333333333331	-8.533333333333331	0.0	0.49568637829845885	0.0	-6.709673140678292	-0.8459012711357364	0.13953182156601104	1.6487496876042784
-7.466666666666669	-7.466666666666669	0.0	0.4387625195480302	0.0	-6.705253417826568	-0.8459087294878028	0.1395917995943571	1.64895031190915
-6.400000000000006	-6.400000000000006	0.0	0.3818367892898798	0.0	-6.702394679770911	-0.8458890802178256	0.13961584875548147	1.6489321543095874
-5.333333333333329	-5.333333333333329	0.0	0.3249082984757282	0.0	-6.701523973507193	-0.8458952186025482	0.13963177421514605	1.6492100557270226
-4.266666666666666	-4.266666666666666	0.0	0.26797616840817	0.0	-6.6917838056972645	-0.8459007882208536	0.13968672992871925	1.6498925432326097
-3.200000000000003	-3.200000000000003	0.0	0.21103953432185357	0.0	-6.693137813174889	-0.8459110904050041	0.13968710552918295	1.649746552698056
-2.13333333333334	-2.13333333333334	0.0	0.15409754891773225	0.0	-6.6847605492078594	-0.8459095665402653	0.13975146198579258	1.6504739942134377
-1.0666666666666629	-1.0666666666666629	0.0	0.09714938583368175	0.0	-6.679606677689616	-0.845896420524032	0.13979260633374016	1.651054135958364
0.0	0.0	0.0	0.0401942430348	0.0	-6.680266382344213	-0.8458873095299252	0.13979761791707135	1.6509752705924092
1.0666666666666629	1.0666666666666629	0.0	-0.01676865389331629	0.0	-6.68275815874675	-0.8459133225449031	0.13976506945402362	1.6511198231137598
2.1333333333333258	2.1333333333333258	0.0	-0.07374004856499573	0.0	-6.677788728519113	-0.8458982126748171	0.13980988395507457	1.6512057497684323
3.200000000000003	3.200000000000003	0.0	-0.13072065074532263	0.0	-6.673288251567677	-0.8458947893448757	0.13984680011494396	1.6519621017880846
4.266666666666666	4.266666666666666	0.0	-0.1877111334480573	0.0	-6.667142172401407	-0.8459008633409469	0.1398933853038955	1.6524261078696054
5.333333333333329	5.333333333333329	0.0	-0.244712130197352	0.0	-6.664063525639917	-0.84589669954152	0.13993038731529972	1.652901392696483
6.400000000000006	6.400000000000006	0.0	-0.30172423246994073	0.0	-6.671043899287796	-0.8458919347813508	0.13986462503981112	1.652293123842541
7.466666666666669	7.466666666666669	0.0	-0.35874798733450286	0.0	-6.668766301001153	-0.8459048661687468	0.13987020538955894	1.6526985255202697
8.533333333333331	8.533333333333331	0.0	-0.4157838953049008	0.0	-6.667023450460523	-0.8458930723141838	0.13988975807655943	1.6524865473499508
9.599999999999994	9.599999999999994	0.0	-0.47283240842397	0.0	-6.662697681381956	-0.8459019257536875	0.1399398524469869	1.653331712782124
10.666666666666671	10.666666666666671	0.0	-0.5298939285945675	0.0	-6.660851250964854	-0.8458983092577934	0.13995130289541166	1.653178746810387
11.733333333333334	11.733333333333334	0.0	-0.5869688061745607	0.0	-6.659481296564677	-0.8459195575126023	0.13997402135774994	1.6536861079168714
12.799999999999997	12.799999999999997	0.0	-0.6440573388524645	0.0	-6.654574806243325	-0.8458866227176489	0.13999516229814044	1.6540342680839202
13.86666666666666	13.86666666666666	0.0	-0.7011597708204031	0.0	-6.650380089532299	-0.8459094055686377	0.14002493131775604	1.6542729782758208
14.933333333333337	14.933333333333337	0.0	-0.7582762922611015	0.0	-6.655478908753988	-0.8458964634497996	0.14000098947105	1.654102498591027
16.0	16.0	0.0	-0.815407039165591	0.0	-6.654015805438792	-0.8459009169981563	0.13999473304046745	1.6540634790685609
17.066666666666663	17.066666666666663	0.0	-0.8725520934983348	0.0	-6.654426787466265	-0.8458736484044852	0.14000614056312485	1.6540977660251843
18.133333333333326	18.133333333333326	0.0	-0.9297114837264504	0.0	-6.651048840792345	-0.8459102211582165	0.14002498497496518	1.6542992381139598
19.200000000000003	19.200000000000003	0.0	-0.9868851857297346	0.0	-6.652837257034957	-0.8458898528816375	0.140011570672687	1.654488562210593
20.266666666666666	20.266666666666666	0.0	-1.0440731241081747	0.0	-6.650728657494129	-0.845893383525997	0.14003764807631566	1.6545250383813472
21.33333333333333	21.33333333333333	0.0	-1.1012751739036517	0.0	-6.645842513986473	-0.8458957015174304	0.140072879399819	1.654871642489331
22.400000000000006	22.400000000000006	0.0	-1.1584911627525145	0.0	-6.638857160949596	-0.845901314061504	0.1401162880819911	1.6555354680175898
23.46666666666667	23.46666666666667	0.0	-1.2157208734857228	0.0	-6.650273386806257	-0.8458758268871752	0.14002942779187966	1.6549557340674539
24.53333333333333	24.53333333333333	0.0	-1.272964047193262	0.0	-6.638624524753765	-0.8459045978827013	0.14012030164123276	1.6554174114261
25.599999999999994	25.599999999999994	0.0	-1.3302203867695057	0.0	-6.6385845823273	-0.8458862793115101	0.14012698732948842	1.6559457739642323
26.66666666666667	26.66666666666667	0.0	-1.3874895609562332	0.0	-6.6304849300287705	-0.8459098562891946	0.14019271741065117	1.6562666011489575
27.733333333333334	27.733333333333334	0.0	-1.4447712088999851	0.0	-6.63270529753618	-0.8458860324883485	0.14017087892654242	1.6564156608758724
28.799999999999997	28.799999999999997	0.0	-1.5020649452404609	0.0	-6.626409042573042	-0.8458912587005161	0.1402355036691976	1.6568600820760688
29.86666666666666	29.86666666666666	0.0	-1.5593703657466396	0.0	-6.628615040679852	-0.8458885651086185	0.14019069989958854	1.6565571227419775
30.933333333333337	30.933333333333337	0.0	-1.616687053517327	0.0	-6.625276714489144	-0.845899221430348	0.14021658413726437	1.6569296862077294
32.0	32.0	0.0	-1.6740145857628108	0.0	-6.6185484975297655	-0.8458750542233641	0.14029532072591624	1.6574608281892946
33.06666666666666	33.06666666666666	0.0	-1.731352541184335	0.0	-6.610542895587373	-0.8459061861360914	0.1403472072471282	1.65837106908468
34.133333333333326	34.133333333333326	0.0	-1.788700507968065	0.0	-6.615591867261799	-0.8458792394856748	0.14030726482066483	1.6581446141993412
35.2	35.2	0.0	-1.8460580924102532	0.0	-6.6203396073642695	-0.8458996721509046	0.140273696870644	1.6577964647637344
36.266666666666666	36.266666666666666	0.0	-1.9034249281902877	0.0	-6.605903382075683	-0.8458657286004203	0.14038716040503352	1.6584770742670019
37.33333333333333	37.33333333333333	0.0	-1.9608006863083274	0.0	-6.611014896593053	-0.8458939093666459	0.14033914793431948	1.6585518509536221
38.39999999999999	38.39999999999999	0.0	-2.018185085704204	0.0	-6.6074826210542845	-0.8458825018439885	0.1403744007207065	1.6587366141874795
39.46666666666667	39.46666666666667	0.0	-2.0755779045742972	0.0	-6.609459202397808	-0.8458812677281794	0.1403631756325603	1.6586798126659144
40.53333333333333	40.53333333333333	0.0	-2.132978992403061	0.0	-6.612663621657458	-0.8458741205879253	0.14034858087168162	1.6585632906706047
41.599999999999994	41.599999999999994	0.0	-2.1903882827259142	0.0	-6.610896947315987	-0.8458994038648594	0.14034752919038296	1.658320084004581
42.66666666666667	42.66666666666667	0.0	-2.247805806640169	0.0	-6.6111788193668914	-0.8458791750970235	0.14035726260811582	1.6586867988345404
43.733333333333334	43.733333333333334	0.0	-2.3052317070806954	0.0	-6.60664765049184	-0.8458847661782136	0.14038437023015982	1.658882143270036
44.8	44.8	0.0	-2.3626662538770318	0.0	-6.606493761616105	-0.8458697958168707	0.14038821208633206	1.6589748092701742
45.86666666666666	45.86666666666666	0.0	-2.420109859608605	0.0	-6.601949103318686	-0.8458991141159299	0.14041428948996096	1.6591665694041
46.93333333333334	46.93333333333334	0.0	-2.4775630962747797	0.0	-6.605405529026652	-0.8458929220739982	0.14039597091876968	1.659062839287445
48.0	48.0	0.0	-2.5350267127964097	0.0	-6.608281276417601	-0.8458807633504135	0.14037166420304173	1.6589949092607075
49.06666666666666	49.06666666666666	0.0	-2.5925016533656065	0.0	-6.607814147486511	-0.8458859788311393	0.14037373537131362	1.6587498460552483
50.133333333333326	50.133333333333326	0.0	-2.6499890766603915	0.0	-6.608922705426774	-0.8458866334490907	0.1403741538975446	1.6589733605255277
51.19999999999999	51.19999999999999	0.0	-2.707490375940949	0.0	-6.60736980140641	-0.8458726503803955	0.1403917319992499	1.6592043977365243
52.26666666666665	52.26666666666665	0.0	-2.765007200044159	0.0	-6.613892876123904	-0.8458864939403467	0.14033842892771742	1.658622624812443
53.33333333333334	53.33333333333334	0.0	-2.822541475293108	0.0	-6.609959877816038	-0.8458703967776132	0.140355878252121	1.6586701007110651
54.400000000000006	54.400000000000006	0.0	-2.8800954283382634	0.0	-6.61174392636182	-0.8458822013636184	0.14035139250943904	1.6586576629699925
55.46666666666667	55.46666666666667	0.0	-2.9376716099470257	0.0	-6.605737184236177	-0.8458894128925226	0.14039725869178854	1.6592001695484466
56.53333333333333	56.53333333333333	0.0	-2.9952729197583214	0.0	-6.609141487331212	-0.8459050271403747	0.14035840014094914	1.6592011246467688
57.599999999999994	57.599999999999994	0.0	-3.052902632018954	0.0	-6.6070387256947365	-0.8458832745078001	0.14038372634365026	1.6591310268687842
58.66666666666666	58.66666666666666	0.0	-3.110564422318395	0.0	-6.605821372397275	-0.8458885758400602	0.1404092242494206	1.6593420928665485
59.73333333333332	59.73333333333332	0.0	-3.1682623953387075	0.0	-6.60501127731698	-0.8458927611023711	0.14039124908436798	1.659252496058773
60.80000000000001	60.80000000000001	0.0	-3.2260011136363067	0.0	-6.610457097710004	-0.8458965600327766	0.14035226175622664	1.6590922434380377
61.866666666666674	61.866666666666674	0.0	-3.2837856274722257	0.0	-6.607867729575528	-0.8458875348902033	0.1403763753060019	1.659148036204073
62.93333333333334	62.93333333333334	0.0	-3.341621505707621	0.0	-6.606412277778349	-0.8458951005566892	0.14038911352744526	1.6590944004578438
64.0	64.0	0.0	-3.3995148677811597	0.0	-6.605731915098243	-0.8458806560359959	0.1404007786047063	1.659244640643359
65.06666666666666	65.06666666666666	0.0	-3.4574724167850257	0.0	-6.60897047107433	-0.8458906362768904	0.14035968791396777	1.6592379442236613
66.13333333333333	66.13333333333333	0.0	-3.51550147365621	0.0	-6.611841088836087	-0.8458821691692924	0.1403388796482739	1.6590831753696977
67.19999999999999	67.19999999999999	0.0	-3.5736100124997923	0.0	-6.612843684519797	-0.8458836501082635	0.14033747382939513	1.6588325103516073
68.26666666666665	68.26666666666665	0.0	-3.6318066970609046	0.0	-6.603178454368108	-0.8458850130013754	0.14040440583204228	1.6594163115181946
69.33333333333334	69.33333333333334	0.0	-3.6901009183620634	0.0	-6.604105060712274	-0.8458752044635495	0.1404006605588462	1.6597804615335587
70.4	70.4	0.0	-3.748502833522565	0.0	-6.606663812043226	-0.845880870664832	0.1403843702301597	1.6594029294102421
71.46666666666667	71.46666666666667	0.0	-3.8070234057766568	0.0	-6.605285025666428	-0.845881031636459	0.14039304123515225	1.6597768772319892
72.53333333333333	72.53333333333333	0.0	-3.865674445707142	0.0	-6.6068045334398455	-0.8458935015718569	0.1403930734294777	1.6593688570824552
73.6	73.6	0.0	-3.9244686537111386	0.0	-6.604012469832231	-0.8458764815051265	0.1404025814869324	1.6595982953086206
74.66666666666666	74.66666666666666	0.0	-3.9834196637146766	0.0	-6.612840218264089	-0.8458858500538372	0.1403297471912829	1.659051356644693
75.73333333333332	75.73333333333332	0.0	-4.042542088152829	0.0	-6.605449957195796	-0.8458898958074041	0.14037796355939172	1.6594011157965727
76.80000000000001	76.80000000000001	0.0	-4.1018515642320645	0.0	-6.607222115304044	-0.8458784131646542	0.14037691187809312	1.6592084327586496
77.86666666666667	77.86666666666667	0.0	-4.161364801491512	0.0	-6.6050401663583616	-0.845879711669115	0.1403989220652709	1.6594068356550653
78.93333333333334	78.93333333333334	0.0	-4.221099630679855	0.0	-6.605192617220894	-0.8458807740818556	0.14038760039414813	1.6595294853036548
80.0	80.0	0.0	-4.28107505396451	0.0	-6.610871631844722	-0.8459046408084686	0.14034419171197615	1.6592345423566046
