Hysterese	V-MOKE
Charge	2020_0446
Sample	1
Sample State	bFC
User	Meike Reginka
Sample Angle	145.0
Magnetic Field Angle	0.0
Detektor Averages	300
Hysteresus Points	150
Magnetic Field [kA/m]	80
Hysteresis Averages	100
Polarization	p-polarization
Measurement Method	Scan Both Angles
Max Voltage Correction	No
Training Effect Elimination	No
Magnetic field [kA/m]	Magnetic field transversal [kA/m]	Magnetic field longitudinal [kA/m]	Magnetic field transversal [V]	Magnetic field longitudinal [V]	Detector diff transversal [V]	Detector diff longitudinal [V]	Detector raw transversal [V]	Detector raw longitudinal [V]
80.0	0.0	80.0	0.0	4.381030188287403	-10.564406957477331	-0.8465094112123768	0.07489852595163973	0.9868461176512439
78.93333333333334	0.0	78.93333333333334	0.0	4.319818714176459	-10.564406957477331	-0.8472017287186729	0.07490730427105056	0.9868583193005956
77.86666666666666	0.0	77.86666666666666	0.0	4.258793669369702	-10.564406957477331	-0.8471976185764555	0.07485871230247815	0.9866087488895714
76.8	0.0	76.8	0.0	4.197942654193435	-10.564406957477331	-0.8471982410000811	0.07488528335243075	0.9866850279780449
75.73333333333333	0.0	75.73333333333333	0.0	4.137253993604595	-10.564406957477331	-0.8472108075184557	0.07491572845288125	0.9869711818742429
74.66666666666667	0.0	74.66666666666667	0.0	4.0767167056162315	-10.564406957477331	-0.8472068261535393	0.07486719014151798	0.986724594804045
73.6	0.0	73.6	0.0	4.0163204706037074	-10.564406957477331	-0.8472196609579586	0.0749045033647349	0.9870699218704523
72.53333333333333	0.0	72.53333333333333	0.0	3.9560556014798554	-10.564406957477331	-0.8472118806626378	0.07486710428998337	0.9866744253135249
71.46666666666667	0.0	71.46666666666667	0.0	3.89591301472721	-10.564406957477331	-0.847214681568953	0.0748889856998595	0.9863665187847527
70.4	0.0	70.4	0.0	3.8358842022755653	-10.564406957477331	-0.8472155615471827	0.07488905008851052	0.9864908532697086
69.33333333333333	0.0	69.33333333333333	0.0	3.775961204212982	-10.564406957477331	-0.8472087148873	0.07493200805012605	0.9868109399849486
68.26666666666667	0.0	68.26666666666667	0.0	3.716136582318465	-10.564406957477331	-0.8472198970496791	0.07488892131120858	0.986779808072222
67.2	0.0	67.2	0.0	3.6564033944044745	-10.564406957477331	-0.8472089724419039	0.07489193684636072	0.9869835015694545
66.13333333333333	0.0	66.13333333333333	0.0	3.596755169457454	-10.564406957477331	-0.8472109255643149	0.07488610967345105	0.9868344740368655
65.06666666666666	0.0	65.06666666666666	0.0	3.5371858835645753	-10.564406957477331	-0.8472097665685984	0.07488211757709308	0.9868693297599056
64.0	0.0	64.0	0.0	3.4776899366148504	-10.564406957477331	-0.8472269368755144	0.07487717038241294	0.9863532439912186
62.93333333333334	0.0	62.93333333333334	0.0	3.4182621297628257	-10.564406957477331	-0.8472161410450408	0.0748761294325561	0.9867461113448991
61.86666666666667	0.0	61.86666666666667	0.0	3.3588976436430196	-10.564406957477331	-0.8472237174429676	0.0748735538865187	0.9866111849268645
60.8	0.0	60.8	0.0	3.2995920173232944	-10.564406957477331	-0.8472200150955398	0.07489033786152922	0.986615359457733
59.733333333333334	0.0	59.733333333333334	0.0	3.2403411279853396	-10.564406957477331	-0.8472109792215246	0.07479542899005076	0.9862111918958137
58.66666666666667	0.0	58.66666666666667	0.0	3.181141171320454	-10.564406957477331	-0.8472228374647385	0.0748616741804212	0.986204559864767
57.6	0.0	57.6	0.0	3.121988642628807	-10.564406957477331	-0.8472149605864405	0.07485519238956036	0.9863059397956647
56.53333333333333	0.0	56.53333333333333	0.0	3.062880318610361	-10.564406957477331	-0.8472236315914335	0.0748285891452824	0.9860994239292321
55.46666666666667	0.0	55.46666666666667	0.0	3.003813239835633	-10.564406957477331	-0.8472187917111714	0.07483997520505606	0.9861776776030018
54.4	0.0	54.4	0.0	2.9447846938844906	-10.564406957477331	-0.8472320986990317	0.0748733499891241	0.986304523245344
53.33333333333333	0.0	53.33333333333333	0.0	2.885792199141142	-10.564406957477331	-0.8472144454772332	0.07484887157032688	0.9862601594648492
52.266666666666666	0.0	52.266666666666666	0.0	2.8268334892335334	-10.564406957477331	-0.8472086290357652	0.07484822768381755	0.9863132264446621
51.2	0.0	51.2	0.0	2.7679064981053	-10.564406957477331	-0.8472285036660208	0.07486829548002573	0.9863250954193181
50.13333333333333	0.0	50.13333333333333	0.0	2.7090093457084867	-10.564406957477331	-0.8472066866447951	0.07486943301285892	0.9863770141348556
49.06666666666666	0.0	49.06666666666666	0.0	2.6501403243051973	-10.564406957477331	-0.8472191673116347	0.07483423388368098	0.9860764479122902
48.0	0.0	48.0	0.0	2.591297885366365	-10.564406957477331	-0.8472143059684895	0.07484064055444911	0.9862490953483315
46.93333333333334	0.0	46.93333333333334	0.0	2.532480627055822	-10.564406957477331	-0.8472044008476871	0.07483885913510648	0.9864310576758736
45.86666666666667	0.0	45.86666666666667	0.0	2.4736872822878553	-10.564406957477331	-0.8472060534897281	0.07484347365509018	0.9860775639822396
44.8	0.0	44.8	0.0	2.4149167073464275	-10.564406957477331	-0.8472223760127398	0.07482602433068675	0.9858742353540283
43.733333333333334	0.0	43.733333333333334	0.0	2.356167871054244	-10.564406957477331	-0.847209176339298	0.07481365097826544	0.9859115378458029
42.666666666666664	0.0	42.666666666666664	0.0	2.2974398444798476	-10.564406957477331	-0.847221614080371	0.0748287608483515	0.9861764864129593
41.6	0.0	41.6	0.0	2.2387317911709355	-10.564406957477331	-0.8472095626712042	0.07486889644076775	0.9867837679742538
40.53333333333333	0.0	40.53333333333333	0.0	2.1800429579020566	-10.564406957477331	-0.8472264539606329	0.07484740136279729	0.9863196223839887
39.46666666666667	0.0	39.46666666666667	0.0	2.1213726659248966	-10.564406957477331	-0.8472134903789109	0.07483424461512282	0.985803021506094
38.4	0.0	38.4	0.0	2.0627203027093186	-10.564406957477331	-0.8471940450063289	0.07483100371969245	0.9860234667840116
37.333333333333336	0.0	37.333333333333336	0.0	2.0040853141633432	-10.564406957477331	-0.8472130718526798	0.07487169734708342	0.986260266779268
36.266666666666666	0.0	36.266666666666666	0.0	1.9454671973202513	-10.564406957477331	-0.8472190599972168	0.07480199663244612	0.9856686853173593
35.2	0.0	35.2	0.0	1.8868654934810003	-10.564406957477331	-0.8472085539156727	0.07481480997398224	0.9856410303917835
34.13333333333333	0.0	34.13333333333333	0.0	1.8282797818001153	-10.564406957477331	-0.8472143918200244	0.07478965547435028	0.9858542641407965
33.06666666666667	0.0	33.06666666666667	0.0	1.7697096733032631	-10.564406957477331	-0.8472076632060014	0.07484123078374924	0.9858728509980331
32.0	0.0	32.0	0.0	1.7111548053246695	-10.564406957477331	-0.8472137908592816	0.07483002715848656	0.9861887202566373
30.933333333333337	0.0	30.933333333333337	0.0	1.652614836352576	-10.564406957477331	-0.8472220540694856	0.07481155834710998	0.9862992648388513
29.866666666666667	0.0	29.866666666666667	0.0	1.5940894412709112	-10.564406957477331	-0.8472089080532528	0.07478686529947635	0.9857771265369761
28.799999999999997	0.0	28.799999999999997	0.0	1.5355783069853621	-10.564406957477331	-0.8472097021799478	0.07482526239831745	0.9860187342181684
27.733333333333334	0.0	27.733333333333334	0.0	1.4770811284220267	-10.564406957477331	-0.8472150357065332	0.07482341659032389	0.985765364876739
26.666666666666664	0.0	26.666666666666664	0.0	1.4185976048868278	-10.564406957477331	-0.8472191565801934	0.07483162614331813	0.9858974689255738
25.6	0.0	25.6	0.0	1.360127436773878	-10.564406957477331	-0.8472274841790477	0.07483915961547753	0.9863468802462176
24.53333333333333	0.0	24.53333333333333	0.0	1.3016703226109647	-10.564406957477331	-0.8472249515587774	0.0748031019709539	0.9859283862094643
23.46666666666667	0.0	23.46666666666667	0.0	1.243225956430354	-10.564406957477331	-0.8472247476613829	0.07480170688351691	0.9859426268327628
22.4	0.0	22.4	0.0	1.1847940254530787	-10.564406957477331	-0.8472224082070653	0.07478866818170257	0.9855377188013579
21.333333333333336	0.0	21.333333333333336	0.0	1.1263742080749082	-10.564406957477331	-0.8472072124854445	0.07478756284319486	0.9855946598316675
20.266666666666666	0.0	20.266666666666666	0.0	1.0679661721421683	-10.564406957477331	-0.8472138337850496	0.07476255858374835	0.9857621347127502
19.200000000000003	0.0	19.200000000000003	0.0	1.0095695735056076	-10.564406957477331	-0.8472195321806574	0.07480320928537207	0.9860143021326958
18.133333333333333	0.0	18.133333333333333	0.0	0.9511840548404781	-10.564406957477331	-0.8472099490031099	0.07479467778912324	0.9861203180464604
17.06666666666667	0.0	17.06666666666667	0.0	0.8928092447210244	-10.564406957477331	-0.8472211740912563	0.07472748823187234	0.9857315286406719
16.0	0.0	16.0	0.0	0.8344447569375557	-10.564406957477331	-0.8472211848226976	0.07472752042619789	0.985634548600922
14.933333333333337	0.0	14.933333333333337	0.0	0.7760901900442883	-10.564406957477331	-0.8472104426494337	0.07480146006035505	0.9860785727377709
13.866666666666674	0.0	13.866666666666674	0.0	0.7177451271261349	-10.564406957477331	-0.8472123957718448	0.074794023171172	0.9863482967965386
12.799999999999997	0.0	12.799999999999997	0.0	0.6594091357726295	-10.564406957477331	-0.8472285573232297	0.07477379440333654	0.9860686890798525
11.733333333333334	0.0	11.733333333333334	0.0	0.6010817682471681	-10.564406957477331	-0.8471843652458049	0.07476211859463365	0.9863172829296706
10.666666666666671	0.0	10.666666666666671	0.0	0.5427625618397398	-10.564406957477331	-0.8472049803455459	0.07476997401004777	0.9866614188060358
9.599999999999994	0.0	9.599999999999994	0.0	0.4844510393913435	-10.564406957477331	-0.8472028877143903	0.07472342101542162	0.9866198022746481
8.533333333333331	0.0	8.533333333333331	0.0	0.4261467099782665	-10.564406957477331	-0.8472116445709175	0.07473547242458838	0.9866740819073869
7.466666666666669	0.0	7.466666666666669	0.0	0.36784906974439924	-10.564406957477331	-0.8472037784240617	0.07465383834664434	0.9867188212883446
6.400000000000006	0.0	6.400000000000006	0.0	0.30955760286978407	-10.564406957477331	-0.8472034350179232	0.07464918090089336	0.9867517238889724
5.333333333333329	0.0	5.333333333333329	0.0	0.25127178266356687	-10.564406957477331	-0.8472049910769873	0.07460685609434531	0.9866623202471492
4.266666666666666	0.0	4.266666666666666	0.0	0.19299107276954444	-10.564406957477331	-0.8472034028235979	0.07463188181667549	0.9868991953624975
3.200000000000003	0.0	3.200000000000003	0.0	0.13471492847247593	-10.564406957477331	-0.8472167742001083	0.07451365352211671	0.9865473328480209
2.13333333333334	0.0	2.13333333333334	0.0	0.07644279809335723	-10.564406957477331	-0.8472071588282359	0.07453221891646973	0.9866218090542692
1.0666666666666629	0.0	1.0666666666666629	0.0	0.018174124461827576	-10.564406957477331	-0.8472083714811616	0.07450410253889472	0.9865718434611432
0.0	0.0	0.0	0.0	-0.0400916535461	-10.564406957477331	-0.8472188024426128	0.07446494350768425	0.9867223519327041
-1.0666666666666629	0.0	-1.0666666666666629	0.0	-0.09835509941681445	-10.564406957477331	-0.8472084787955804	0.07440118801181674	0.9865356677707592
-2.1333333333333258	0.0	-2.1333333333333258	0.0	-0.156616777366191	-10.564406957477331	-0.8472104855752006	0.07438607814173065	0.9865732170856967
-3.200000000000003	0.0	-3.200000000000003	0.0	-0.21487725067681432	-10.564406957477331	-0.847228965118019	0.07430058074473052	0.986211106044279
-4.266666666666666	0.0	-4.266666666666666	0.0	-0.27313708001714876	-10.564406957477331	-0.8472138015907237	0.07429925004594459	0.986423942729945
-5.333333333333329	0.0	-5.333333333333329	0.0	-0.331396821754486	-10.564406957477331	-0.8472078134461871	0.07431159120404052	0.9861038345518213
-6.400000000000006	0.0	-6.400000000000006	0.0	-0.3896570262734731	-10.564406957477331	-0.8472133401387251	0.07426616501080574	0.9861153493888964
-7.466666666666669	0.0	-7.466666666666669	0.0	-0.4479182363120456	-10.564406957477331	-0.8472124816233796	0.07422298168891184	0.986370070891996
-8.533333333333331	0.0	-8.533333333333331	0.0	-0.506180985326591	-10.564406957477331	-0.8472125889377977	0.07420990006133021	0.986122078002919
-9.599999999999994	0.0	-9.599999999999994	0.0	-0.564445795898144	-10.564406957477331	-0.8472050983914055	0.0742080005961276	0.9862892524036304
-10.666666666666671	0.0	-10.666666666666671	0.0	-0.6227131781914472	-10.564406957477331	-0.8472275914934658	0.07412929620180128	0.9859551933511375
-11.733333333333334	0.0	-11.733333333333334	0.0	-0.6809836284786798	-10.564406957477331	-0.8472076524745593	0.07416086810364318	0.9859577045085234
-12.799999999999997	0.0	-12.799999999999997	0.0	-0.7392576277396917	-10.564406957477331	-0.8472201438728406	0.07408381635135736	0.9857550519611472
-13.86666666666666	0.0	-13.86666666666666	0.0	-0.7975356403505398	-10.564406957477331	-0.847214509865884	0.07414268904119577	0.9860575391117986
-14.933333333333337	0.0	-14.933333333333337	0.0	-0.8558181128721578	-10.564406957477331	-0.8472096163284135	0.07411068788168103	0.9862764068677692
-16.0	0.0	-16.0	0.0	-0.9141054729509707	-10.564406957477331	-0.8472144776715586	0.0741042382851457	0.9863466441544972
-17.066666666666663	0.0	-17.066666666666663	0.0	-0.9723981283432802	-10.564406957477331	-0.8472070729767013	0.0740466104425587	0.9861847710860467
-18.133333333333326	0.0	-18.133333333333326	0.0	-1.0306964660752267	-10.564406957477331	-0.8472134903789106	0.07405149324858795	0.9862303582509085
-19.200000000000003	0.0	-19.200000000000003	0.0	-1.0890008517501555	-10.564406957477331	-0.8472146171803026	0.0740107137696623	0.9858233361254645
-20.266666666666666	0.0	-20.266666666666666	0.0	-1.147311629015197	-10.564406957477331	-0.84720630031289	0.07403621167543266	0.9861665383663899
-21.33333333333333	0.0	-21.33333333333333	0.0	-1.2056291191988913	-10.564406957477331	-0.8472249622902197	0.07401244153179577	0.986228609025892
-22.400000000000006	0.0	-22.400000000000006	0.0	-1.263953621131659	-10.564406957477331	-0.8472089080532527	0.07399051719615231	0.9860820175305958
-23.46666666666667	0.0	-23.46666666666667	0.0	-1.322285411160945	-10.564406957477331	-0.8472274519847222	0.07396879675790363	0.9862006428885023
-24.53333333333333	0.0	-24.53333333333333	0.0	-1.3806247433728562	-10.564406957477331	-0.8472177829556398	0.07392177157983723	0.9860424828989218
-25.599999999999994	0.0	-25.599999999999994	0.0	-1.438971850032102	-10.564406957477331	-0.8472220969952526	0.07390797094565349	0.9857391372329245
-26.66666666666667	0.0	-26.66666666666667	0.0	-1.497326942252062	-10.564406957477331	-0.847223148676551	0.07385072943497216	0.9856741798155731
-27.733333333333334	0.0	-27.733333333333334	0.0	-1.555690210906793	-10.564406957477331	-0.8472099919288767	0.07390286277934599	0.9860081530165314
-28.799999999999997	0.0	-28.799999999999997	0.0	-1.614061827796803	-10.564406957477331	-0.8472226335673436	0.07382021994587071	0.9859505895625957
-29.86666666666666	0.0	-29.86666666666666	0.0	-1.6724419470803977	-10.564406957477331	-0.8472043471904782	0.0738345893464711	0.9862152913065897
-30.933333333333337	0.0	-30.933333333333337	0.0	-1.7308307069824265	-10.564406957477331	-0.8472061500727044	0.07381662491286017	0.9860487178666207
-32.0	0.0	-32.0	0.0	-1.7892282317922377	-10.564406957477331	-0.8472125567434725	0.07376356866448959	0.9858094067139787
-33.06666666666666	0.0	-33.06666666666666	0.0	-1.8476346341626735	-10.564406957477331	-0.8472125996692399	0.07375516594554257	0.9861613658114317
-34.133333333333326	0.0	-34.133333333333326	0.0	-1.9060500177219062	-10.564406957477331	-0.8472041218302004	0.07370306479549427	0.9855974392750997
-35.2	0.0	-35.2	0.0	-1.9644744800099465	-10.564406957477331	-0.8472240393862225	0.07370875245966019	0.9854658610669133
-36.266666666666666	0.0	-36.266666666666666	0.0	-2.0229081157516333	-10.564406957477331	-0.8472148640034644	0.07375089483169721	0.9859396864177041
-37.33333333333333	0.0	-37.33333333333333	0.0	-2.0813510204779293	-10.564406957477331	-0.8472083822126035	0.07372058923999042	0.9862996404393148
-38.39999999999999	0.0	-38.39999999999999	0.0	-2.139803294507338	-10.564406957477331	-0.847209380236693	0.07370249602907764	0.9864506962144084
-39.46666666666667	0.0	-39.46666666666667	0.0	-2.1982650472992535	-10.564406957477331	-0.8472186522024276	0.07373390695929218	0.986242302345657
-40.53333333333333	0.0	-40.53333333333333	0.0	-2.256736402191068	-10.564406957477331	-0.8472088329331601	0.07371076997072282	0.9861621062809175
-41.599999999999994	0.0	-41.599999999999994	0.0	-2.315217501530861	-10.564406957477331	-0.847205742277915	0.0737037086820036	0.9861383039429552
-42.66666666666667	0.0	-42.66666666666667	0.0	-2.37370851221747	-10.564406957477331	-0.8472116231080336	0.07368698909564408	0.9857605249964771
-43.733333333333334	0.0	-43.733333333333334	0.0	-2.432209631659771	-10.564406957477331	-0.8472191565801933	0.07372267113970399	0.9863777009471316
-44.8	0.0	-44.8	0.0	-2.4907210941669966	-10.564406957477331	-0.8472142415798386	0.07372755394573319	0.9866587574084642
-45.86666666666666	0.0	-45.86666666666666	0.0	-2.549243177781886	-10.564406957477331	-0.8472098309572499	0.07369515572287108	0.9862160317760759
-46.93333333333334	0.0	-46.93333333333334	0.0	-2.6077762115685053	-10.564406957477331	-0.8472110328787333	0.07371955902157543	0.9863407311300534
-48.0	0.0	-48.0	0.0	-2.666320583366545	-10.564406957477331	-0.8472013853125349	0.07369427574464163	0.9862016945698016
-49.06666666666666	0.0	-49.06666666666666	0.0	-2.724876748023921	-10.564406957477331	-0.8472247583928249	0.07369850393271966	0.9862982238889941
-50.133333333333326	0.0	-50.133333333333326	0.0	-2.7834452361194826	-10.564406957477331	-0.8472251232618462	0.07370345112739987	0.9862661046836199
-51.19999999999999	0.0	-51.19999999999999	0.0	-2.842026663187659	-10.564406957477331	-0.847220165335724	0.0736618345960121	0.986070170018824
-52.26666666666665	0.0	-52.26666666666665	0.0	-2.9006217394568647	-10.564406957477331	-0.8472126640578905	0.0736527772591139	0.985891330540852
-53.33333333333334	0.0	-53.33333333333334	0.0	-2.9592312801134577	-10.564406957477331	-0.8472241252377566	0.07371868977478785	0.986248837793727
-54.400000000000006	0.0	-54.400000000000006	0.0	-3.0178562161030937	-10.564406957477331	-0.8472146386431859	0.07372519302853227	0.9868223582390481
-55.46666666666667	0.0	-55.46666666666667	0.0	-3.076497605481298	-10.564406957477331	-0.8472229125848308	0.07371974145608644	0.9866734594837608
-56.53333333333333	0.0	-56.53333333333333	0.0	-3.135156645325031	-10.564406957477331	-0.8472285036660206	0.0737377702783483	0.98670590063239
-57.599999999999994	0.0	-57.599999999999994	0.0	-3.193834684217122	-10.564406957477331	-0.8472161303135999	0.0737134957569457	0.9864953390123904
-58.66666666666666	0.0	-58.66666666666666	0.0	-3.25253323531534	-10.564406957477331	-0.8472166776171326	0.07373180359669497	0.9863945600422355
-59.73333333333332	0.0	-59.73333333333332	0.0	-3.311253990017958	-10.564406957477331	-0.8472336011008866	0.0737439945146054	0.987197228964792
-60.80000000000001	0.0	-60.80000000000001	0.0	-3.3699988322376004	-10.564406957477331	-0.8472282783057428	0.07370823735045272	0.986519098424586
-61.866666666666674	0.0	-61.866666666666674	0.0	-3.4287698532951953	-10.564406957477331	-0.8472272802816527	0.07367153581941964	0.9863239364236013
-62.93333333333334	0.0	-62.93333333333334	0.0	-3.4875693674458788	-10.564406957477331	-0.8472169566346197	0.07371894732939163	0.9865108674087076
-64.0	0.0	-64.0	0.0	-3.546399928048623	-10.564406957477331	-0.8472036067209926	0.07371597472000677	0.986843531373764
-65.06666666666666	0.0	-65.06666666666666	0.0	-3.605264344391439	-10.564406957477331	-0.8472130396583544	0.0737152879077301	0.9863159951566522
-66.13333333333333	0.0	-66.13333333333333	0.0	-3.6641656991839646	-10.564406957477331	-0.8472174288180596	0.07371828197999852	0.9867663723070602
-67.19999999999999	0.0	-67.19999999999999	0.0	-3.723107366729244	-10.564406957477331	-0.8472263573776562	0.0737437798857689	0.9868108004762057
-68.26666666666665	0.0	-68.26666666666665	0.0	-3.782093031786535	-10.564406957477331	-0.8472033598978304	0.07367414355978248	0.9864529283543081
-69.33333333333334	0.0	-69.33333333333334	0.0	-3.8411267091369456	-10.564406957477331	-0.8472049159568953	0.07373084849837278	0.9867293273698887
-70.4	0.0	-70.4	0.0	-3.9002127638637214	-10.564406957477331	-0.8472262607946799	0.07370241017754303	0.9863747605320724
-71.46666666666667	0.0	-71.46666666666667	0.0	-3.959355932359017	-10.564406957477331	-0.8472263895719814	0.07372578325783255	0.9868689541594418
-72.53333333333333	0.0	-72.53333333333333	0.0	-4.018561344068946	-10.564406957477331	-0.8472294480329013	0.07371750931618733	0.9867968281389524
-73.6	0.0	-73.6	0.0	-4.077834543988736	-10.564406957477331	-0.8472141879226294	0.07374795441663783	0.9866783422897903
-74.66666666666666	0.0	-74.66666666666666	0.0	-4.137181515919814	-10.564406957477331	-0.8472280207511386	0.07373389622785034	0.9866220451459888
-75.73333333333332	0.0	-75.73333333333332	0.0	-4.19660870650064	-10.564406957477331	-0.8472112153132447	0.07371601764577401	0.9867340492042908
-76.80000000000001	0.0	-76.80000000000001	0.0	-4.256123050023082	-10.564406957477331	-0.8472279027052785	0.07372100776622152	0.9866228929298931
-77.86666666666667	0.0	-77.86666666666667	0.0	-4.315731994046186	-10.564406957477331	-0.8472137372020734	0.07369694787365537	0.9864472406901421
-78.93333333333334	0.0	-78.93333333333334	0.0	-4.375443525819141	-10.564406957477331	-0.8472115801822665	0.07374064630475671	0.9866505156611446
-80.0	0.0	-80.0	0.0	-4.435266199525242	-10.564406957477331	-0.8472041110987578	0.07369323479478483	0.9866257260305339
-80.0	0.0	-80.0	0.0	-4.380060909566294	-10.564406957477331	-0.8465408757998005	0.0737425243070756	0.9871511159592811
-78.93333333333334	0.0	-78.93333333333334	0.0	-4.318197730509417	-10.564406957477331	-0.8472136191562128	0.07374807246249801	0.9871501072037496
-77.86666666666666	0.0	-77.86666666666666	0.0	-4.256627645195748	-10.564406957477331	-0.8472247798557087	0.07373800637006835	0.98718060596141
-76.8	0.0	-76.8	0.0	-4.195328882143961	-10.564406957477331	-0.8472145957174191	0.07371337771108562	0.9866576842642814
-75.73333333333333	0.0	-75.73333333333333	0.0	-4.1342809326230165	-10.564406957477331	-0.8472169244402942	0.07373925121731972	0.9865921473490712
-74.66666666666667	0.0	-74.66666666666667	0.0	-4.073464498932334	-10.564406957477331	-0.8472234813512479	0.0737213619038016	0.9868837850120401
-73.6	0.0	-73.6	0.0	-4.012861444010001	-10.564406957477331	-0.8472149391235569	0.07369143191255864	0.9866496034885895
-72.53333333333333	0.0	-72.53333333333333	0.0	-3.9524547423527756	-10.564406957477331	-0.8472228267332967	0.07367808199893135	0.9863655314921052
-71.46666666666667	0.0	-71.46666666666667	0.0	-3.8922284322315646	-10.564406957477331	-0.8472290295066699	0.07369209726195168	0.9865884235387593
-70.4	0.0	-70.4	0.0	-3.832167569186148	-10.564406957477331	-0.8472144025514659	0.07368931781851965	0.9864599037914924
-69.33333333333333	0.0	-69.33333333333333	0.0	-3.7722581807828357	-10.564406957477331	-0.8472199829012136	0.07374703151264109	0.9865706951968682
-68.26666666666667	0.0	-68.26666666666667	0.0	-3.712487222618799	-10.564406957477331	-0.8472094124310183	0.07373095581279099	0.9867410782986842
-67.2	0.0	-67.2	0.0	-3.652842535556789	-10.564406957477331	-0.8472324421051696	0.07367729860367837	0.9862425384373773
-66.13333333333333	0.0	-66.13333333333333	0.0	-3.5933128041739804	-10.564406957477331	-0.8472097773000403	0.07374279259312125	0.9868653913207566
-65.06666666666666	0.0	-65.06666666666666	0.0	-3.533887516408651	-10.564406957477331	-0.8472188990255896	0.07367361771913322	0.9861940537832229
-64.0	0.0	-64.0	0.0	-3.474556924388418	-10.564406957477331	-0.8472180405102437	0.0736920650676261	0.9860355611189462
-62.93333333333334	0.0	-62.93333333333334	0.0	-3.4153120064237723	-10.564406957477331	-0.8472282031856498	0.07369544547180022	0.9865474508938812
-61.86666666666667	0.0	-61.86666666666667	0.0	-3.356144430150613	-10.564406957477331	-0.8472104963066424	0.07369742005709562	0.9861795126795536
-60.8	0.0	-60.8	0.0	-3.2970465168055205	-10.564406957477331	-0.8472107109354782	0.07370727152068864	0.9863059827214319
-59.733333333333334	0.0	-59.733333333333334	0.0	-3.2380112066174873	-10.564406957477331	-0.8472202619187011	0.07371647909777237	0.9865553063092948
-58.66666666666667	0.0	-58.66666666666667	0.0	-3.179032025299821	-10.564406957477331	-0.8472069871251665	0.07370238871465948	0.9861231618785439
-57.6	0.0	-57.6	0.0	-3.1201030516259602	-10.564406957477331	-0.8472193819404715	0.07367556011010307	0.9861009155996453
-56.53333333333333	0.0	-56.53333333333333	0.0	-3.061218886072913	-10.564406957477331	-0.8472223652812981	0.07369201141041701	0.9861809292298745
-55.46666666666667	0.0	-55.46666666666667	0.0	-3.002374620516045	-10.564406957477331	-0.847219124385868	0.07368826613722095	0.9861727733340889
-54.4	0.0	-54.4	0.0	-2.943565808958942	-10.564406957477331	-0.8472017072557898	0.0736477012871318	0.9856400323676937
-53.33333333333333	0.0	-53.33333333333333	0.0	-2.884788439282071	-10.564406957477331	-0.8472322167448918	0.07364400967114484	0.9858239370862063
-52.266666666666666	0.0	-52.266666666666666	0.0	-2.826038905993961	-10.564406957477331	-0.84722019753005	0.07367427233708447	0.9858720676027805
-51.2	0.0	-51.2	0.0	-2.7673139839686236	-10.564406957477331	-0.8472221613839039	0.0736983214982087	0.9862373551509767
-50.13333333333333	0.0	-50.13333333333333	0.0	-2.7086108031529483	-10.564406957477331	-0.8472325923453549	0.07365175777214075	0.9860081208222061
-49.06666666666666	0.0	-49.06666666666666	0.0	-2.649926824227785	-10.564406957477331	-0.8472144884030004	0.07371045875890996	0.9864527137254716
-48.0	0.0	-48.0	0.0	-2.591259815206436	-10.564406957477331	-0.8472205087418634	0.07369289138864646	0.98630055261187
-46.93333333333334	0.0	-46.93333333333334	0.0	-2.532607828954294	-10.564406957477331	-0.8472245544954299	0.07369338503497033	0.9862106123979548
-45.86666666666667	0.0	-45.86666666666667	0.0	-2.473969181613334	-10.564406957477331	-0.8472187917111714	0.07371970926176093	0.9863701889378567
-44.8	0.0	-44.8	0.0	-2.415342431915193	-10.564406957477331	-0.8472141879226295	0.07372026729673581	0.9864811949720685
-43.733333333333334	0.0	-43.733333333333334	0.0	-2.356726361366558	-10.564406957477331	-0.8472102387520389	0.07371343136829482	0.9864413705914644
-42.666666666666664	0.0	-42.666666666666664	0.0	-2.29811995529058	-10.564406957477331	-0.8472059569067517	0.07371129581137215	0.9862731767037808
-41.6	0.0	-41.6	0.0	-2.2395223847080508	-10.564406957477331	-0.8472258744627744	0.07365998878801866	0.9859893729933421
-40.53333333333333	0.0	-40.53333333333333	0.0	-2.180932989042046	-10.564406957477331	-0.8472245223011047	0.07366857394147665	0.9858502720444379
-39.46666666666667	0.0	-39.46666666666667	0.0	-2.122351259629783	-10.564406957477331	-0.847216634691365	0.07369200067897523	0.9863365673306259
-38.4	0.0	-38.4	0.0	-2.0637768240253935	-10.564406957477331	-0.847213758664957	0.07364908564312704	0.9854433465019706
-37.333333333333336	0.0	-37.333333333333336	0.0	-2.0052094310773465	-10.564406957477331	-0.8472182336761966	0.07368020682441226	0.9861963932375404
-36.266666666666666	0.0	-36.266666666666666	0.0	-1.946648936764245	-10.564406957477331	-0.8472225906415767	0.07368620570039099	0.9860831443319874
-35.2	0.0	-35.2	0.0	-1.8880952907727155	-10.564406957477331	-0.847238784387287	0.07370269992647227	0.9863304074830198
-34.13333333333333	0.0	-34.13333333333333	0.0	-1.8295485238011158	-10.564406957477331	-0.8472350927712995	0.07374603348855162	0.9866550765239193
-33.06666666666667	0.0	-33.06666666666667	0.0	-1.771008735572786	-10.564406957477331	-0.8472199721697714	0.07374085020215133	0.9866214763795729
-32.0	0.0	-32.0	0.0	-1.7124760835425616	-10.564406957477331	-0.8472214638401852	0.07370376233921264	0.9860977498243073
-30.933333333333337	0.0	-30.933333333333337	0.0	-1.6539507722802793	-10.564406957477331	-0.847218330259173	0.07367568888740496	0.9861383897944901
-29.866666666666667	0.0	-29.866666666666667	0.0	-1.5954330435149888	-10.564406957477331	-0.8472171390691307	0.07369315967469205	0.9860359367194097
-28.799999999999997	0.0	-28.799999999999997	0.0	-1.536923166823607	-10.564406957477331	-0.8472288256092756	0.07367785663865312	0.9860766303468007
-27.733333333333334	0.0	-27.733333333333334	0.0	-1.478421430947724	-10.564406957477331	-0.8472174932067107	0.07369166800427872	0.9863416433026082
-26.666666666666664	0.0	-26.666666666666664	0.0	-1.4199281357222944	-10.564406957477331	-0.8472229984363656	0.07370976121519149	0.9860336723851847
-25.6	0.0	-25.6	0.0	-1.3614435845999364	-10.564406957477331	-0.8472203155759103	0.07370344039595805	0.9859561591809013
-24.53333333333333	0.0	-24.53333333333333	0.0	-1.302968077754553	-10.564406957477331	-0.8472252198448231	0.07369322406334301	0.9861478549261768
-23.46666666666667	0.0	-23.46666666666667	0.0	-1.2445019057480127	-10.564406957477331	-0.8472171283376889	0.07371743419609462	0.9859727177956334
-22.4	0.0	-22.4	0.0	-1.1860453437435996	-10.564406957477331	-0.847212889418169	0.07365557816542954	0.9857910237541363
-21.333333333333336	0.0	-21.333333333333336	0.0	-1.1275986462499692	-10.564406957477331	-0.8472171498005724	0.07374324331367774	0.9864362516937157
-20.266666666666666	0.0	-20.266666666666666	0.0	-1.0691620423793182	-10.564406957477331	-0.8472190492657751	0.07372574033206523	0.9860363552456409
-19.200000000000003	0.0	-19.200000000000003	0.0	-1.010735731603509	-10.564406957477331	-0.8472154971585314	0.07370038193503863	0.9859543884930007
-18.133333333333333	0.0	-18.133333333333333	0.0	-0.9523198799918556	-10.564406957477331	-0.847216216165134	0.07372825148945174	0.9862443520510453
-17.06666666666667	0.0	-17.06666666666667	0.0	-0.8939146169143085	-10.564406957477331	-0.8472143274313727	0.07372048192557219	0.9861043711239126
-16.0	0.0	-16.0	0.0	-0.8355200321937496	-10.564406957477331	-0.8472213887200927	0.07373768442681376	0.9860817814388757
-14.933333333333337	0.0	-14.933333333333337	0.0	-0.7771361736911329	-10.564406957477331	-0.847202919908716	0.07374276039879576	0.9861462774042289
-13.866666666666674	0.0	-13.866666666666674	0.0	-0.7187630453071814	-10.564406957477331	-0.8472185770823347	0.07373926194876161	0.986030002232082
-12.799999999999997	0.0	-12.799999999999997	0.0	-0.6604006053843748	-10.564406957477331	-0.8472107860555715	0.07374516424176403	0.9858719173625942
-11.733333333333334	0.0	-11.733333333333334	0.0	-0.6020487654929477	-10.564406957477331	-0.8472125567434723	0.07376355793304777	0.9861175815287957
-10.666666666666671	0.0	-10.666666666666671	0.0	-0.5437073895846136	-10.564406957477331	-0.8472134152588184	0.07377676833793129	0.9862908943142294
-9.599999999999994	0.0	-9.599999999999994	0.0	-0.4853762934977529	-10.564406957477331	-0.8472286431747642	0.07379608493321185	0.9866161106586608
-8.533333333333331	0.0	-8.533333333333331	0.0	-0.4270552447977797	-10.564406957477331	-0.8472215926174869	0.0737683656189842	0.9862261837200395
-7.466666666666669	0.0	-7.466666666666669	0.0	-0.36874396293640566	-10.564406957477331	-0.8472101099747372	0.07377885023764494	0.9857865487428971
-6.400000000000006	0.0	-6.400000000000006	0.0	-0.31044211971353775	-10.564406957477331	-0.8472272695502115	0.0738172580679277	0.986426346572914
-5.333333333333329	0.0	-5.333333333333329	0.0	-0.2521493400255208	-10.564406957477331	-0.8472262607946796	0.07385325132380044	0.986690855150955
-4.266666666666666	0.0	-4.266666666666666	0.0	-0.1938652028834597	-10.564406957477331	-0.847208221240976	0.07384668368140507	0.9864269260707718
-3.200000000000003	0.0	-3.200000000000003	0.0	-0.1355892426853284	-10.564406957477331	-0.8472174180866177	0.07387317961126488	0.986759729544572
-2.13333333333334	0.0	-2.13333333333334	0.0	-0.07732095072560852	-10.564406957477331	-0.8472226764931109	0.07391197377345332	0.9868998499804484
-1.0666666666666629	0.0	-1.0666666666666629	0.0	-0.01905977692616606	-10.564406957477331	-0.8472234813512481	0.07389781900168943	0.9863030530378145
0.0	0.0	0.0	0.0	0.0391948682279	-10.564406957477331	-0.8472048730311272	0.07394415736747904	0.9864124064299861
1.0666666666666629	0.0	1.0666666666666629	0.0	0.0974436115637267	-10.564406957477331	-0.8472293729128088	0.07394009015102833	0.9867665869358966
2.1333333333333258	0.0	2.1333333333333258	0.0	0.1556871149237345	-10.564406957477331	-0.8472205194733046	0.07398807042741683	0.9867604807454989
3.200000000000003	0.0	3.200000000000003	0.0	0.2139260727125422	-10.564406957477331	-0.8472190921915426	0.07396721923595567	0.9865576350321703
4.266666666666666	0.0	4.266666666666666	0.0	0.27216120930401666	-10.564406957477331	-0.8472167205428995	0.07402037206730264	0.986970130192944
5.333333333333329	0.0	5.333333333333329	0.0	0.33039327632474647	-10.564406957477331	-0.8472157117873681	0.074026574840676	0.9867723282572713
6.400000000000006	0.0	6.400000000000006	0.0	0.38862304983020113	-10.564406957477331	-0.8472144347457911	0.07402848503732043	0.9863513552574577
7.466666666666669	0.0	7.466666666666669	0.0	0.44685132738985966	-10.564406957477331	-0.8472153254554626	0.0740942687756925	0.9860924914178146
8.533333333333331	0.0	8.533333333333331	0.0	0.5050789250975919	-10.564406957477331	-0.8472230628250169	0.07408769040185531	0.9864484855373936
9.599999999999994	0.0	9.599999999999994	0.0	0.5633066745235548	-10.564406957477331	-0.8472223116240893	0.07413506971750179	0.9867498244237694
10.666666666666671	0.0	10.666666666666671	0.0	0.621535419623892	-10.564406957477331	-0.847224490106779	0.07416754306045675	0.9863617647560254
11.733333333333334	0.0	11.733333333333334	0.0	0.6797660136245051	-10.564406957477331	-0.8472075236972578	0.07418401582365428	0.9865474079681132
12.799999999999997	0.0	12.799999999999997	0.0	0.7379993158951843	-10.564406957477331	-0.8472271836986764	0.07423413165696549	0.9863271343932641
13.86666666666666	0.0	13.86666666666666	0.0	0.7962361888303604	-10.564406957477331	-0.8471960410545077	0.07424265242177251	0.9864658597417038
14.933333333333337	0.0	14.933333333333337	0.0	0.8544774947527677	-10.564406957477331	-0.8472279027052795	0.07424243779293606	0.9863795896808928
16.0	0.0	16.0	0.0	0.9127240928562825	-10.564406957477331	-0.8472213779886506	0.07429297215247836	0.9867195617578304
17.066666666666663	0.0	17.066666666666663	0.0	0.9709768362042303	-10.564406957477331	-0.847206675913354	0.07431801933769205	0.9865671323581832
18.133333333333326	0.0	18.133333333333326	0.0	1.0292365687994187	-10.564406957477331	-0.8472041969502926	0.07430771715354256	0.9862608462771264
19.200000000000003	0.0	19.200000000000003	0.0	1.0875041227421884	-10.564406957477331	-0.8472079851492558	0.07426981370102537	0.9859859174690752
20.266666666666666	0.0	20.266666666666666	0.0	1.1457803154927464	-10.564406957477331	-0.847213812322166	0.07432132462177349	0.9863326932801283
21.33333333333333	0.0	21.33333333333333	0.0	1.2040659472540736	-10.564406957477331	-0.8471973180960848	0.07432577817012986	0.9858758987275102
22.400000000000006	0.0	22.400000000000006	0.0	1.2623617984916657	-10.564406957477331	-0.8472138874422587	0.07433425600916964	0.9859593571505644
23.46666666666667	0.0	23.46666666666667	0.0	1.3206686276063948	-10.564406957477331	-0.8472092299965078	0.07441533205213877	0.9863923171708948
24.53333333333333	0.0	24.53333333333333	0.0	1.3789871687767694	-10.564406957477331	-0.8472211633598147	0.07442206066616153	0.9861757996006832
25.599999999999994	0.0	25.599999999999994	0.0	1.4373181299868607	-10.564406957477331	-0.847212760640867	0.07442265089546175	0.9863479426589579
26.66666666666667	0.0	26.66666666666667	0.0	1.4956621912561816	-10.564406957477331	-0.8472035745266671	0.07447388279872241	0.9863161775911635
27.733333333333334	0.0	27.733333333333334	0.0	1.5540200030877847	-10.564406957477331	-0.8472123099203104	0.0744790982794482	0.9861648964557914
28.799999999999997	0.0	28.799999999999997	0.0	1.6123921851508696	-10.564406957477331	-0.8472167098114578	0.07445347159637607	0.985978834717472
29.86666666666666	0.0	29.86666666666666	0.0	1.670779325214162	-10.564406957477331	-0.847213758664957	0.07442016120095893	0.9853156530757242
30.933333333333337	0.0	30.933333333333337	0.0	1.7291819783463485	-10.564406957477331	-0.847226604200818	0.07453737000854453	0.9862384497580424
32.0	0.0	32.0	0.0	1.7876006663998416	-10.564406957477331	-0.8472045296249894	0.07452016750730302	0.9859599473798651
33.06666666666666	0.0	33.06666666666666	0.0	1.8460358777941588	-10.564406957477331	-0.8472003121683528	0.07451388961383681	0.9860695261323142
34.133333333333326	0.0	34.133333333333326	0.0	1.9044880676151767	-10.564406957477331	-0.8472022438278813	0.07452928923285214	0.9857645492871602
35.2	0.0	35.2	0.0	1.9629576580465535	-10.564406957477331	-0.8472242969408262	0.07453823925533215	0.9853921253301512
36.266666666666666	0.0	36.266666666666666	0.0	2.021445039149582	-10.564406957477331	-0.8472106465468281	0.07456483176816839	0.9855411957885083
37.33333333333333	0.0	37.33333333333333	0.0	2.079950570007767	-10.564406957477331	-0.8472109470271989	0.07459710121372873	0.9855290799906904
38.39999999999999	0.0	38.39999999999999	0.0	2.1384745802523812	-10.564406957477331	-0.8472180405102437	0.07457790266430815	0.9853458513530126
39.46666666666667	0.0	39.46666666666667	0.0	2.1970173719853	-10.564406957477331	-0.8472091978021818	0.07467575195084598	0.9861744259761296
40.53333333333333	0.0	40.53333333333333	0.0	2.2555792221153697	-10.564406957477331	-0.8471897095038323	0.0746611464585255	0.9854665586106325
41.599999999999994	0.0	41.599999999999994	0.0	2.3141603851246044	-10.564406957477331	-0.8472139947566766	0.07468981013963347	0.9859566850215508
42.66666666666667	0.0	42.66666666666667	0.0	2.3727610962804784	-10.564406957477331	-0.8472139732937931	0.07474072009963956	0.9859297705654605
43.733333333333334	0.0	43.733333333333334	0.0	2.4313815753105863	-10.564406957477331	-0.8472058925181005	0.07475484267707799	0.9857623493415866
44.8	0.0	44.8	0.0	2.490022030555963	-10.564406957477331	-0.8472127713723089	0.07480632140350067	0.9862871490410334
45.86666666666666	0.0	45.86666666666666	0.0	2.548682663619322	-10.564406957477331	-0.8472155293528574	0.07477895622685317	0.9859953074806697
46.93333333333334	0.0	46.93333333333334	0.0	2.607363674524507	-10.564406957477331	-0.8471938196460502	0.07480771649093758	0.9860338011624876
48.0	0.0	48.0	0.0	2.6660652674034075	-10.564406957477331	-0.8472174180866182	0.07476583167350422	0.986046174514909
49.06666666666666	0.0	49.06666666666666	0.0	2.724787656726653	-10.564406957477331	-0.8472156044729501	0.07473292907287639	0.985211386386976
50.133333333333326	0.0	50.133333333333326	0.0	2.783531074094322	-10.564406957477331	-0.8472028018628559	0.074830488610485	0.9859552899341142
51.19999999999999	0.0	51.19999999999999	0.0	2.8422957756029708	-10.564406957477331	-0.8472220648009271	0.0747682677107979	0.9854483580853014
52.26666666666665	0.0	52.26666666666665	0.0	2.901082049805243	-10.564406957477331	-0.8472147030318369	0.07477450267849681	0.9855880278006215
53.33333333333334	0.0	53.33333333333334	0.0	2.9598902262783517	-10.564406957477331	-0.8472207877593498	0.07478295905465297	0.9857778777379036
54.400000000000006	0.0	54.400000000000006	0.0	3.0187206848176857	-10.564406957477331	-0.8472083714811618	0.0747860067841306	0.9854889443982742
55.46666666666667	0.0	55.46666666666667	0.0	3.0775738652718507	-10.564406957477331	-0.8471919309122897	0.07479124372774001	0.9855861283354195
56.53333333333333	0.0	56.53333333333333	0.0	3.13645027803539	-10.564406957477331	-0.8472125889377976	0.0747853843605049	0.985289082025772
57.599999999999994	0.0	57.599999999999994	0.0	3.195350515215478	-10.564406957477331	-0.8472224189385075	0.07480546288815486	0.985708370189219
58.66666666666666	0.0	58.66666666666666	0.0	3.2542752624888656	-10.564406957477331	-0.8472278597795109	0.07483551092525789	0.9860541801705083
59.73333333333332	0.0	59.73333333333332	0.0	3.3132253116653385	-10.564406957477331	-0.8472221935782289	0.07483407291205371	0.9860449940563082
60.80000000000001	0.0	60.80000000000001	0.0	3.372201573973985	-10.564406957477331	-0.8472062144613554	0.0747892369481192	0.9856098555532887
61.866666666666674	0.0	61.866666666666674	0.0	3.431205094088528	-10.564406957477331	-0.847206429090192	0.07483962106747588	0.9857251005070204
62.93333333333334	0.0	62.93333333333334	0.0	3.490237064908026	-10.564406957477331	-0.8472134903789115	0.07484692917935706	0.9861024287329425
64.0	0.0	64.0	0.0	3.549298843109189	-10.564406957477331	-0.8472047764481513	0.07482197857711967	0.9861044999012144
65.06666666666666	0.0	65.06666666666666	0.0	3.6083919654866037	-10.564406957477331	-0.847210818249897	0.07482524093543373	0.9860568093737548
66.13333333333333	0.0	66.13333333333333	0.0	3.667518166097146	-10.564406957477331	-0.8472066866447961	0.07484103761779656	0.9861297724467063
67.19999999999999	0.0	67.19999999999999	0.0	3.7266793942248477	-10.564406957477331	-0.8471949249845581	0.07483895571808291	0.9860609302474146
68.26666666666665	0.0	68.26666666666665	0.0	3.7858778331825	-10.564406957477331	-0.8472057422779151	0.07485193003124638	0.9859198761760996
69.33333333333334	0.0	69.33333333333334	0.0	3.845115919966272	-10.564406957477331	-0.8472149069292313	0.07486579505408102	0.9863324249940828
70.4	0.0	70.4	0.0	3.9043963657796077	-10.564406957477331	-0.8472228160018548	0.07485322853570688	0.9862735093784772
71.46666666666667	0.0	71.46666666666667	0.0	3.9637221774427083	-10.564406957477331	-0.8472117411538939	0.07487104272913223	0.9864472192272583
72.53333333333333	0.0	72.53333333333333	0.0	4.023096679703835	-10.564406957477331	-0.8472100885118533	0.07486435704087682	0.9864443110065237
73.6	0.0	73.6	0.0	4.082523538468745	-10.564406957477331	-0.8472297485132718	0.07486591309994113	0.9863416647654922
74.66666666666666	0.0	74.66666666666666	0.0	4.142006784964515	-10.564406957477331	-0.847205355946009	0.0748293188833263	0.986000941487627
75.73333333333332	0.0	75.73333333333332	0.0	4.201550840854042	-10.564406957477331	-0.8472045081621056	0.07481425193900747	0.9859541202069547
76.80000000000001	0.0	76.80000000000001	0.0	4.261160544317486	-10.564406957477331	-0.8472061608041463	0.07484940814241801	0.9861464491072985
77.86666666666667	0.0	77.86666666666667	0.0	4.320841177116942	-10.564406957477331	-0.8472125352805888	0.07492253218699674	0.9868009704754962
78.93333333333334	0.0	78.93333333333334	0.0	4.380598492660622	-10.564406957477331	-0.8472184697679163	0.0748597210580095	0.9862642696070683
80.0	0.0	80.0	0.0	4.440438745082791	-10.564406957477331	-0.8472198970496793	0.07484207856765333	0.9857822668976091
