Hysterese	V-MOKE
Charge	2020_0446
Sample	1
Sample State	bFC
User	Meike Reginka
Sample Angle	45.0
Magnetic Field Angle	0.0
Detektor Averages	300
Hysteresus Points	150
Magnetic Field [kA/m]	80
Hysteresis Averages	100
Polarization	p-polarization
Measurement Method	Scan Both Angles
Max Voltage Correction	No
Training Effect Elimination	No
Magnetic field [kA/m]	Magnetic field transversal [kA/m]	Magnetic field longitudinal [kA/m]	Magnetic field transversal [V]	Magnetic field longitudinal [V]	Detector diff transversal [V]	Detector diff longitudinal [V]	Detector raw transversal [V]	Detector raw longitudinal [V]
80.0	0.0	80.0	0.0	4.381030188287403	-10.564219479188695	-0.8456044072605999	0.0859040595297527	1.0611175465267015
78.93333333333334	0.0	78.93333333333334	0.0	4.319818714176459	-10.564176757318798	-0.8463205271048589	0.08588479659168125	1.0612204073965708
77.86666666666666	0.0	77.86666666666666	0.0	4.258793669369702	-10.56412831559041	-0.8463030348546883	0.08590991889698779	1.0614121997248231
76.8	0.0	76.8	0.0	4.197942654193435	-10.564150647720835	-0.8462966281839199	0.08588842381901732	1.0612444994834618
75.73333333333333	0.0	75.73333333333333	0.0	4.137253993604595	-10.56410658442072	-0.8462992359242826	0.08591254810023431	1.0612892603273036
74.66666666666667	0.0	74.66666666666667	0.0	4.0767167056162315	-10.564204659067535	-0.8463076815689975	0.08587542804297019	1.061252741230782
73.6	0.0	73.6	0.0	4.0163204706037074	-10.564137190492797	-0.8463018973218547	0.08595008668372946	1.061460684378977
72.53333333333333	0.0	72.53333333333333	0.0	3.9560556014798554	-10.564061576753717	-0.846299708107723	0.08589704116680076	1.0612980601095985
71.46666666666667	0.0	71.46666666666667	0.0	3.89591301472721	-10.564053817921279	-0.8462947823759264	0.08588166301066917	1.0612176064902554
70.4	0.0	70.4	0.0	3.8358842022755653	-10.56408952142822	-0.8462969072014076	0.08590413464984545	1.0612432868305364
69.33333333333333	0.0	69.33333333333333	0.0	3.775961204212982	-10.564069153151648	-0.8462857894276791	0.085898779660376	1.0611874404072905
68.26666666666667	0.0	68.26666666666667	0.0	3.716136582318465	-10.564095659812942	-0.8462966389153621	0.08588669605688387	1.0611936431806648
67.2	0.0	67.2	0.0	3.6564033944044745	-10.564183603978684	-0.8463010817322758	0.0858958607082003	1.061256647475606
66.13333333333333	0.0	66.13333333333333	0.0	3.596755169457454	-10.564185417592347	-0.8462934302142568	0.08590918915894384	1.0613749508902561
65.06666666666666	0.0	65.06666666666666	0.0	3.5371858835645753	-10.5642151973434	-0.8463035177695706	0.08590084009720597	1.061192119315926
64.0	0.0	64.0	0.0	3.4776899366148504	-10.56416891263482	-0.8463132833816287	0.08591979182346449	1.0614861393589807
62.93333333333334	0.0	62.93333333333334	0.0	3.4182621297628257	-10.56415748364928	-0.8462924107272839	0.0859091247702929	1.0613228819345333
61.86666666666667	0.0	61.86666666666667	0.0	3.3588976436430196	-10.564164652252419	-0.8462922175613309	0.0858790981960735	1.061152402249741
60.8	0.0	60.8	0.0	3.2995920173232944	-10.564156110024731	-0.8463081108266703	0.08589316711630288	1.0611665248271789
59.733333333333334	0.0	59.733333333333334	0.0	3.2403411279853396	-10.564202072790057	-0.8462956838170393	0.08587811090342581	1.0611355109603122
58.66666666666667	0.0	58.66666666666667	0.0	3.181141171320454	-10.56423584463747	-0.8462984954547966	0.08586599510560829	1.061082465443384
57.6	0.0	57.6	0.0	3.121988642628807	-10.564144144467091	-0.8463113195277746	0.08589118179956565	1.06100525271947
56.53333333333333	0.0	56.53333333333333	0.0	3.062880318610361	-10.564230210630518	-0.8463096346914089	0.08588845601334277	1.0612121763806925
55.46666666666667	0.0	55.46666666666667	0.0	3.003813239835633	-10.564242401548427	-0.846297819373962	0.08588065425513779	1.0611976460084642
54.4	0.0	54.4	0.0	2.9447846938844906	-10.564224415651926	-0.8463179408273794	0.08591952353741897	1.0613750260103485
53.33333333333333	0.0	53.33333333333333	0.0	2.885792199141142	-10.564134883232805	-0.8463196685895127	0.08590616289234992	1.0612644492338101
52.266666666666666	0.0	52.266666666666666	0.0	2.8268334892335334	-10.564248303841428	-0.8463032387520826	0.0859026966366412	1.0612370518628382
51.2	0.0	51.2	0.0	2.7679064981053	-10.564092966221045	-0.8463057928352369	0.08590591606918802	1.0614511548586394
50.13333333333333	0.0	50.13333333333333	0.0	2.7090093457084867	-10.56418043820334	-0.8463236821487543	0.08589112814235657	1.0611399967029944
49.06666666666666	0.0	49.06666666666666	0.0	2.6501403243051973	-10.564192736435674	-0.8463214178145299	0.0858980928480994	1.0612407327473818
48.0	0.0	48.0	0.0	2.591297885366365	-10.564084692279405	-0.8463026377913407	0.08589672995498793	1.0613580274065024
46.93333333333334	0.0	46.93333333333334	0.0	2.532480627055822	-10.564089210216407	-0.8463105254010803	0.08591411489074038	1.0613987639596612
45.86666666666667	0.0	45.86666666666667	0.0	2.4736872822878553	-10.564000246563701	-0.8463160950193863	0.08588362686452264	1.0611821068807052
44.8	0.0	44.8	0.0	2.4149167073464275	-10.564072265269772	-0.8462909619826376	0.0858834444300116	1.0612450360555534
43.733333333333334	0.0	43.733333333333334	0.0	2.356167871054244	-10.564047765388093	-0.8463009207606491	0.08588831650459909	1.0610545315003195
42.666666666666664	0.0	42.666666666666664	0.0	2.2974398444798476	-10.564074443752466	-0.8462941277579756	0.08587279883972368	1.0610294413893384
41.6	0.0	41.6	0.0	2.2387317911709355	-10.564108677051868	-0.8462972720704292	0.08585068133812745	1.0607991983050362
40.53333333333333	0.0	40.53333333333333	0.0	2.1800429579020566	-10.564187767778108	-0.846297229144662	0.08586139131706634	1.0607722516546203
39.46666666666667	0.0	39.46666666666667	0.0	2.1213726659248966	-10.564121511856294	-0.8463138628794874	0.085894369037787	1.0612101588696303
38.4	0.0	38.4	0.0	2.0627203027093186	-10.56401985290791	-0.8463067693964424	0.08586328005082708	1.0611117193537927
37.333333333333336	0.0	37.333333333333336	0.0	2.0040853141633432	-10.564073724745853	-0.8463046553024033	0.08588172739932004	1.0611956499602853
36.266666666666666	0.0	36.266666666666666	0.0	1.9454671973202513	-10.564074658381294	-0.8463045265251011	0.08588014987737212	1.060992922292817
35.2	0.0	35.2	0.0	1.8868654934810003	-10.564109181429641	-0.8462960916118292	0.08586339809668715	1.0609360671140404
34.13333333333333	0.0	34.13333333333333	0.0	1.8282797818001153	-10.564214124199232	-0.846311362453542	0.08587297054279283	1.0612265565127352
33.06666666666667	0.0	33.06666666666667	0.0	1.7697096733032631	-10.564206408292556	-0.8463034104551519	0.08588390588201004	1.0611393957422526
32.0	0.0	32.0	0.0	1.7111548053246695	-10.564153899347714	-0.8463080142436936	0.08586405271463837	1.06117189054809
30.933333333333337	0.0	30.933333333333337	0.0	1.652614836352576	-10.564124945917673	-0.846304848468356	0.08585194764826248	1.0609602772467925
29.866666666666667	0.0	29.866666666666667	0.0	1.5940894412709112	-10.564063315247294	-0.846310976121637	0.08588412051084646	1.0611882667283117
28.799999999999997	0.0	28.799999999999997	0.0	1.5355783069853621	-10.564077362704635	-0.8463136160563252	0.08587041645963911	1.061372750944683
27.733333333333334	0.0	27.733333333333334	0.0	1.4770811284220267	-10.564186630245272	-0.846300802714789	0.08589923038093254	1.0613314456251082
26.666666666666664	0.0	26.666666666666664	0.0	1.4185976048868278	-10.564172529130715	-0.8463072415798826	0.08586336590236172	1.0612844097156002
25.6	0.0	25.6	0.0	1.360127436773878	-10.564079852399136	-0.8463216968320174	0.08586664972355941	1.0612095579088874
24.53333333333333	0.0	24.53333333333333	0.0	1.3016703226109647	-10.564127489269389	-0.8463006202802782	0.08589986353600011	1.0613310485617602
23.46666666666667	0.0	23.46666666666667	0.0	1.243225956430354	-10.56411575980347	-0.8462837719166165	0.08587014817359356	1.061395587452881
22.4	0.0	22.4	0.0	1.1847940254530787	-10.564170897951563	-0.8462970145158257	0.08587308858865286	1.061392185585824
21.333333333333336	0.0	21.333333333333336	0.0	1.1263742080749082	-10.56411589931222	-0.8462921317097966	0.08588481805456494	1.0614580873700552
20.266666666666666	0.0	20.266666666666666	0.0	1.0679661721421683	-10.564148512163918	-0.8462951687078321	0.08585118571589316	1.0611174177494005
19.200000000000003	0.0	19.200000000000003	0.0	1.0095695735056076	-10.564152450603064	-0.8463165242770591	0.08590016401637113	1.0614818253193672
18.133333333333333	0.0	18.133333333333333	0.0	0.9511840548404781	-10.564116221255478	-0.8462989461753543	0.08586573755100448	1.061445370611496
17.06666666666667	0.0	17.06666666666667	0.0	0.8928092447210244	-10.564042238695555	-0.8463086366673196	0.08587856162398237	1.0613942030968877
16.0	0.0	16.0	0.0	0.8344447569375557	-10.564122756703545	-0.8463136053248835	0.0859053902285387	1.0617186682403905
14.933333333333337	0.0	14.933333333333337	0.0	0.7760901900442883	-10.564073349145394	-0.8462849094494502	0.08589138569696032	1.061606664182089
13.866666666666674	0.0	13.866666666666674	0.0	0.7177451271261349	-10.564084831788142	-0.8462996007933051	0.08588698580581308	1.06160826316692
12.799999999999997	0.0	12.799999999999997	0.0	0.6594091357726295	-10.564108923875038	-0.8462985061862389	0.08586628485453737	1.0616443208114443
11.733333333333334	0.0	11.733333333333334	0.0	0.6010817682471681	-10.564031539448058	-0.8463088727590398	0.08586861357741292	1.0618252099948042
10.666666666666671	0.0	10.666666666666671	0.0	0.5427625618397398	-10.56409425399406	-0.8463003197999072	0.08584848139255383	1.0618494093961144
9.599999999999994	0.0	9.599999999999994	0.0	0.4844510393913435	-10.5641008323679	-0.8462979910770312	0.0858543729541144	1.0619789808246793
8.533333333333331	0.0	8.533333333333331	0.0	0.4261467099782665	-10.564101025533851	-0.8462922282927725	0.08582935796322612	1.0617128410674808
7.466666666666669	0.0	7.466666666666669	0.0	0.36784906974439924	-10.564136857818106	-0.8463184237422613	0.08580100549393097	1.0616518864779294
6.400000000000006	0.0	6.400000000000006	0.0	0.30955760286978407	-10.564095767127366	-0.8463061040470491	0.08581757484010501	1.062121526566408
5.333333333333329	0.0	5.333333333333329	0.0	0.25127178266356687	-10.564035252526926	-0.8463094522568977	0.0858030551993191	1.0621331165235757
4.266666666666666	0.0	4.266666666666666	0.0	0.19299107276954444	-10.56408510007419	-0.8462964886751759	0.08576612830800785	1.0618666118973557
3.200000000000003	0.0	3.200000000000003	0.0	0.13471492847247593	-10.564073767671628	-0.8463027129114333	0.08576133135351315	1.0619069406557242
2.13333333333334	0.0	2.13333333333334	0.0	0.07644279809335723	-10.564035456424321	-0.8463150755324126	0.08575621245576379	1.0621008578094573
1.0666666666666629	0.0	1.0666666666666629	0.0	0.018174124461827576	-10.5640379675817	-0.8462945462842064	0.08573589783639371	1.0621706551070718
0.0	0.0	0.0	0.0	-0.0400916535461	-10.563953382357258	-0.8462977979110786	0.08572647563047363	1.0623576826751542
-1.0666666666666629	0.0	-1.0666666666666629	0.0	-0.09835509941681445	-10.563976787631875	-0.8462897278668282	0.08569922849968621	1.0621431396902379
-2.1333333333333258	0.0	-2.1333333333333258	0.0	-0.156616777366191	-10.564020689960365	-0.8462915629433799	0.08569354083552025	1.0623362305229513
-3.200000000000003	0.0	-3.200000000000003	0.0	-0.21487725067681432	-10.564070312147361	-0.8462990212954467	0.08565647443546523	1.0621531521254577
-4.266666666666666	0.0	-4.266666666666666	0.0	-0.27313708001714876	-10.56412437715126	-0.8462915414804967	0.08565730075648562	1.0623199831200325
-5.333333333333329	0.0	-5.333333333333329	0.0	-0.331396821754486	-10.564045028870426	-0.8462912839258923	0.08562453766460135	1.0624684848119716
-6.400000000000006	0.0	-6.400000000000006	0.0	-0.3896570262734731	-10.564009218049065	-0.8462890195916679	0.08556885221298435	1.0622092990290748
-7.466666666666669	0.0	-7.466666666666669	0.0	-0.4479182363120456	-10.564025207897382	-0.8462810568618356	0.0855601704765499	1.06233398765161
-8.533333333333331	0.0	-8.533333333333331	0.0	-0.506180985326591	-10.563932305805523	-0.8462995471360959	0.0855270532470856	1.062366460994565
-9.599999999999994	0.0	-9.599999999999994	0.0	-0.564445795898144	-10.563901849973625	-0.846292797059189	0.08550582645516071	1.0624988440608882
-10.666666666666671	0.0	-10.666666666666671	0.0	-0.6227131781914472	-10.564021752373119	-0.8462964994066178	0.08546030367894948	1.0623009562736814
-11.733333333333334	0.0	-11.733333333333334	0.0	-0.6809836284786798	-10.564035638858828	-0.846292163904122	0.08542910737757149	1.062207131277827
-12.799999999999997	0.0	-12.799999999999997	0.0	-0.7392576277396917	-10.56396426403927	-0.8462957804000159	0.08544178121036387	1.0625581138140736
-13.86666666666666	0.0	-13.86666666666666	0.0	-0.7975356403505398	-10.563912259472195	-0.8462918419608668	0.08533703160673418	1.0620842562689585
-14.933333333333337	0.0	-14.933333333333337	0.0	-0.8558181128721578	-10.564041991872388	-0.8462957052799233	0.08529933205161164	1.062085061127096
-16.0	0.0	-16.0	0.0	-0.9141054729509707	-10.563958415403482	-0.8462905112620809	0.08527883499773062	1.0621909804578826
-17.066666666666663	0.0	-17.066666666666663	0.0	-0.9723981283432802	-10.56393149021594	-0.8463004056514417	0.08524370025720368	1.0622511945779491
-18.133333333333326	0.0	-18.133333333333326	0.0	-1.0306964660752267	-10.564004249391507	-0.846289599089526	0.08519680385643928	1.0620241816576361
-19.200000000000003	0.0	-19.200000000000003	0.0	-1.0890008517501555	-10.563994773528375	-0.8462982164373091	0.08518889478381605	1.0618035539452064
-20.266666666666666	0.0	-20.266666666666666	0.0	-1.147311629015197	-10.563968578078878	-0.8462918634237501	0.08515735507629967	1.061940197393933
-21.33333333333333	0.0	-21.33333333333333	0.0	-1.2056291191988913	-10.563886740103548	-0.8462810675932773	0.08512142620907781	1.0616618345244995
-22.400000000000006	0.0	-22.400000000000006	0.0	-1.263953621131659	-10.56398302259958	-0.8462830636414566	0.08509112061737106	1.06177807750232
-23.46666666666667	0.0	-23.46666666666667	0.0	-1.322285411160945	-10.563946932760722	-0.8462739097215817	0.0850609974601752	1.0617532878717104
-24.53333333333333	0.0	-24.53333333333333	0.0	-1.3806247433728562	-10.563917635924545	-0.8462813466107646	0.08506344422891077	1.0619816100279253
-25.599999999999994	0.0	-25.599999999999994	0.0	-1.438971850032102	-10.56401322087686	-0.8462721390336813	0.08501421910527084	1.0618557194839062
-26.66666666666667	0.0	-26.66666666666667	0.0	-1.497326942252062	-10.563925158665267	-0.8462728258459576	0.0849501953233577	1.0615190741539329
-27.733333333333334	0.0	-27.733333333333334	0.0	-1.555690210906793	-10.56397954561242	-0.8462925824303527	0.0849745664277366	1.0618490123327673
-28.799999999999997	0.0	-28.799999999999997	0.0	-1.614061827796803	-10.563970445349767	-0.84627378094428	0.08495726734351869	1.0620121839056775
-29.86666666666666	0.0	-29.86666666666666	0.0	-1.6724419470803977	-10.563985437173985	-0.8462791037394238	0.08494794172057492	1.0618819256648357
-30.933333333333337	0.0	-30.933333333333337	0.0	-1.7308307069824265	-10.564007350778189	-0.8462880108361363	0.08485453525095171	1.0616278587796881
-32.0	0.0	-32.0	0.0	-1.7892282317922377	-10.564079058272439	-0.8462728473088414	0.08484349259731633	1.0616272363560628
-33.06666666666666	0.0	-33.06666666666666	0.0	-1.8476346341626735	-10.564002339194857	-0.8462888156942725	0.08479096218959514	1.0615950849563627
-34.133333333333326	0.0	-34.133333333333326	0.0	-1.9060500177219062	-10.564092655009228	-0.8463087332502959	0.0847909729210369	1.0618038114998112
-35.2	0.0	-35.2	0.0	-1.9644744800099465	-10.56413663245782	-0.846284297757266	0.08475011832201856	1.0615828296498013
-36.266666666666666	0.0	-36.266666666666666	0.0	-2.0229081157516333	-10.563952062389914	-0.8462747145797187	0.0847535201890763	1.0617653607437603
-37.33333333333333	0.0	-37.33333333333333	0.0	-2.0813510204779293	-10.564064420585801	-0.846293558991559	0.08468190927779455	1.0616509957682572
-38.39999999999999	0.0	-38.39999999999999	0.0	-2.139803294507338	-10.564064281077059	-0.8462721712280071	0.084657216230161	1.0616210765084566
-39.46666666666667	0.0	-39.46666666666667	0.0	-2.1982650472992535	-10.56406826244197	-0.8462718492847521	0.08462058981922065	1.061659516533065
-40.53333333333333	0.0	-40.53333333333333	0.0	-2.256736402191068	-10.564039620223744	-0.8462798978661188	0.0845802181350843	1.061430711461966
-41.599999999999994	0.0	-41.599999999999994	0.0	-2.315217501530861	-10.564105972728534	-0.8462709800379641	0.08456459315579076	1.0613633502016462
-42.66666666666667	0.0	-42.66666666666667	0.0	-2.37370851221747	-10.56409309499835	-0.8462762277130151	0.08452231127500996	1.0615540908485996
-43.733333333333334	0.0	-43.733333333333334	0.0	-2.432209631659771	-10.56410715318713	-0.8462763242959913	0.08450591363190525	1.0614465725329798
-44.8	0.0	-44.8	0.0	-2.4907210941669966	-10.564048420006038	-0.8462892127576205	0.08448816382713073	1.0613302758979486
-45.86666666666666	0.0	-45.86666666666666	0.0	-2.549243177781886	-10.56407848950603	-0.8462788461848202	0.0844661751028364	1.0614184883497308
-46.93333333333334	0.0	-46.93333333333334	0.0	-2.6077762115685053	-10.564076783206776	-0.8462754443177622	0.08446244056108217	1.061379522484472
-48.0	0.0	-48.0	0.0	-2.666320583366545	-10.564102130872358	-0.8462873454867434	0.08442921601719963	1.0613946645488845
-49.06666666666666	0.0	-49.06666666666666	0.0	-2.724876748023921	-10.564126104913393	-0.8462640689894301	0.0844593928316045	1.0614456174346585
-50.133333333333326	0.0	-50.133333333333326	0.0	-2.7834452361194826	-10.564061995279953	-0.8462842011742899	0.08445340468706758	1.0616423033003806
-51.19999999999999	0.0	-51.19999999999999	0.0	-2.842026663187659	-10.564123100109683	-0.8462749721343227	0.0844236571303355	1.0614456174346578
-52.26666666666665	0.0	-52.26666666666665	0.0	-2.9006217394568647	-10.56409473690895	-0.8462724180511689	0.08445432759106435	1.0618707435024575
-53.33333333333334	0.0	-53.33333333333334	0.0	-2.9592312801134577	-10.5640905409152	-0.8462767320907812	0.08446182886889829	1.061825682178244
-54.400000000000006	0.0	-54.400000000000006	0.0	-3.0178562161030937	-10.564166605374833	-0.8462775476803596	0.08441186327577255	1.0617639119991147
-55.46666666666667	0.0	-55.46666666666667	0.0	-3.076497605481298	-10.564033514033351	-0.8462899639585482	0.08441330128897682	1.0616267534411803
-56.53333333333333	0.0	-56.53333333333333	0.0	-3.135156645325031	-10.564084155707313	-0.846265227985147	0.08439700022884837	1.0615227657699196
-57.599999999999994	0.0	-57.599999999999994	0.0	-3.193834684217122	-10.564091474550636	-0.8462773759772904	0.08440181864622674	1.0615661744520923
-58.66666666666666	0.0	-58.66666666666666	0.0	-3.25253323531534	-10.564128304858967	-0.8462763886846426	0.0843901964947329	1.0615998497165315
-59.73333333333332	0.0	-59.73333333333332	0.0	-3.311253990017958	-10.564147664380018	-0.8462958233257831	0.08439667828559376	1.0613492383556498
-60.80000000000001	0.0	-60.80000000000001	0.0	-3.3699988322376004	-10.564108033165367	-0.846280498826861	0.08441584464068874	1.0614588063766572
-61.866666666666674	0.0	-61.866666666666674	0.0	-3.4287698532951953	-10.564031013607407	-0.8462789642306805	0.08440610049151388	1.0615447866885395
-62.93333333333334	0.0	-62.93333333333334	0.0	-3.4875693674458788	-10.564080227999595	-0.8462755945579482	0.08441758313426403	1.0618991603604038
-64.0	0.0	-64.0	0.0	-3.546399928048623	-10.56410985751047	-0.8462725575599122	0.08439124817603147	1.0615096948737803
-65.06666666666666	0.0	-65.06666666666666	0.0	-3.605264344391439	-10.564107829267968	-0.8462834177790363	0.08437840264016992	1.0613371869464836
-66.13333333333333	0.0	-66.13333333333333	0.0	-3.6641656991839646	-10.564108784366292	-0.8462829348641544	0.08441154133251795	1.0617480509281025
-67.19999999999999	0.0	-67.19999999999999	0.0	-3.723107366729244	-10.564047561490694	-0.8462808744273245	0.08442401126791568	1.0619284035393703
-68.26666666666665	0.0	-68.26666666666665	0.0	-3.782093031786535	-10.564081150903602	-0.8462890839803187	0.08444672973025401	1.0621508663283508
-69.33333333333334	0.0	-69.33333333333334	0.0	-3.8411267091369456	-10.564089575085431	-0.8462797583573747	0.08442183278522576	1.06206683913888
-70.4	0.0	-70.4	0.0	-3.9002127638637214	-10.564005365461453	-0.8462779662065901	0.08444681558178851	1.0620106171151718
-71.46666666666667	0.0	-71.46666666666667	0.0	-3.959355932359017	-10.564142631333805	-0.8462807885757901	0.08441689632198733	1.061963645594314
-72.53333333333333	0.0	-72.53333333333333	0.0	-4.018561344068946	-10.564153523747244	-0.8462741780076274	0.08440470540407696	1.0616370663567714
-73.6	0.0	-73.6	0.0	-4.077834543988736	-10.56406163041092	-0.8462591861834009	0.08441069354861387	1.0620413948903191
-74.66666666666666	0.0	-74.66666666666666	0.0	-4.137181515919814	-10.564078886569371	-0.8462927219390965	0.08443430272062347	1.0619091191384147
-75.73333333333332	0.0	-75.73333333333332	0.0	-4.19660870650064	-10.56408939265092	-0.846272536097028	0.08443420613764702	1.0621356920696134
-76.80000000000001	0.0	-76.80000000000001	0.0	-4.256123050023082	-10.564121533319177	-0.8462691127670865	0.0844196435710939	1.0621166222974947
-77.86666666666667	0.0	-77.86666666666667	0.0	-4.315731994046186	-10.564040135332952	-0.8462791466651912	0.08440386835161479	1.0619853445696794
-78.93333333333334	0.0	-78.93333333333334	0.0	-4.375443525819141	-10.56410199136361	-0.8462788354533786	0.08442940918315242	1.0620871859525762
-80.0	0.0	-80.0	0.0	-4.435266199525242	-10.564119451419465	-0.8462832782702929	0.08444591414067547	1.062203933308163
-80.0	0.0	-80.0	0.0	-4.380060909566294	-10.564088652181436	-0.8455917012334817	0.08442997794956898	1.0620193739716997
-78.93333333333334	0.0	-78.93333333333334	0.0	-4.318197730509417	-10.564066277125235	-0.8462741028875344	0.0844228844665243	1.06203044881966
-77.86666666666666	0.0	-77.86666666666666	0.0	-4.256627645195748	-10.564143618626453	-0.8462626524391093	0.08444784580020352	1.0618790603698698
-76.8	0.0	-76.8	0.0	-4.195328882143961	-10.564108290719968	-0.8462744570251148	0.08440176498901764	1.061956530648386
-75.73333333333333	0.0	-75.73333333333333	0.0	-4.1342809326230165	-10.564107260501551	-0.8462789320363546	0.08441409541567163	1.0619265577313761
-74.66666666666667	0.0	-74.66666666666667	0.0	-4.073464498932334	-10.564099276308836	-0.8462739526473488	0.08443434564639077	1.0619355399481822
-73.6	0.0	-73.6	0.0	-4.012861444010001	-10.56413466860397	-0.8462842011742895	0.08438947748813082	1.0615014745893443
-72.53333333333333	0.0	-72.53333333333333	0.0	-3.9524547423527756	-10.564191684754375	-0.8462898673755714	0.08439812703023979	1.0618964131112971
-71.46666666666667	0.0	-71.46666666666667	0.0	-3.8922284322315646	-10.564139111420877	-0.8462863259997703	0.08441547977166676	1.061848733315279
-70.4	0.0	-70.4	0.0	-3.832167569186148	-10.564190600878746	-0.8462736092412109	0.08440979210750077	1.0617155131964946
-69.33333333333333	0.0	-69.33333333333333	0.0	-3.7722581807828357	-10.564139261661063	-0.8462792110538422	0.08442254106038603	1.0618490230642084
-68.26666666666667	0.0	-68.26666666666667	0.0	-3.712487222618799	-10.564078049516914	-0.84628296705848	0.08441385932395161	1.0618201340228222
-67.2	0.0	-67.2	0.0	-3.652842535556789	-10.564117680731561	-0.8462819153771813	0.08437555880808705	1.0617898820883258
-66.13333333333333	0.0	-66.13333333333333	0.0	-3.5933128041739804	-10.564127124400365	-0.8462636397317576	0.08439848116781992	1.0616567907468428
-65.06666666666666	0.0	-65.06666666666666	0.0	-3.533887516408651	-10.564158685570774	-0.8462751331059496	0.08438568928916744	1.06167939116332
-64.0	0.0	-64.0	0.0	-3.474556924388418	-10.564091689179463	-0.8462839650825689	0.08441325836320956	1.0618206705949134
-62.93333333333334	0.0	-62.93333333333334	0.0	-3.4153120064237723	-10.564148501432484	-0.8462973364590802	0.08440625073169937	1.0618468982387275
-61.86666666666667	0.0	-61.86666666666667	0.0	-3.356144430150613	-10.564088094146467	-0.846288375705158	0.08442031965192871	1.062027701570554
-60.8	0.0	-60.8	0.0	-3.2970465168055205	-10.56418056698064	-0.8462833748532694	0.08438092452899827	1.0616760322220289
-59.733333333333334	0.0	-59.733333333333334	0.0	-3.2380112066174873	-10.564101529911614	-0.846277622800452	0.08441365542655697	1.0615874763641093
-58.66666666666667	0.0	-58.66666666666667	0.0	-3.179032025299821	-10.564127811212645	-0.846284598237637	0.08441360176934784	1.0616496865323548
-57.6	0.0	-57.6	0.0	-3.1201030516259602	-10.564099587520648	-0.8462813573422067	0.08439977967228045	1.0617911054726916
-56.53333333333333	0.0	-56.53333333333333	0.0	-3.061218886072913	-10.564144176661422	-0.8462744784879981	0.08439783728131052	1.0616471002548755
-55.46666666666667	0.0	-55.46666666666667	0.0	-3.002374620516045	-10.564144498604676	-0.846278363269938	0.08440553172509725	1.061694726393685
-54.4	0.0	-54.4	0.0	-2.943565808958942	-10.564147267316674	-0.8462605920022801	0.08440495222723886	1.06171442932087
-53.33333333333333	0.0	-53.33333333333333	0.0	-2.884788439282071	-10.564140646017062	-0.8462747789683692	0.08439570172438789	1.0615298914472902
-52.266666666666666	0.0	-52.266666666666666	0.0	-2.826038905993961	-10.56408815853511	-0.8462831602244323	0.08439869579665636	1.061659291172786
-51.2	0.0	-51.2	0.0	-2.7673139839686236	-10.564108752171972	-0.8462724931712609	0.08437394909181366	1.0614369035038982
-50.13333333333333	0.0	-50.13333333333333	0.0	-2.7086108031529483	-10.564178216794888	-0.8462878927902763	0.08434752828204652	1.0612029258778415
-49.06666666666666	0.0	-49.06666666666666	0.0	-2.649926824227785	-10.564119118744768	-0.8462665801468168	0.08437260766158579	1.0613197054277541
-48.0	0.0	-48.0	0.0	-2.591259815206436	-10.564157601695138	-0.8462808958902082	0.08439527246671494	1.0616488280170093
-46.93333333333334	0.0	-46.93333333333334	0.0	-2.532607828954294	-10.564139293855392	-0.8462720102563794	0.08436711316337264	1.0613202849256131
-45.86666666666667	0.0	-45.86666666666667	0.0	-2.473969181613334	-10.56406298257259	-0.8462938487404881	0.08441200278451629	1.0615735040268568
-44.8	0.0	-44.8	0.0	-2.415342431915193	-10.564096786614332	-0.8462739526473491	0.08442771361534446	1.0618034144364623
-43.733333333333334	0.0	-43.733333333333334	0.0	-2.356726361366558	-10.564116006626639	-0.8462887191112963	0.08440652974918673	1.061567644659621
-42.666666666666664	0.0	-42.666666666666664	0.0	-2.29811995529058	-10.564054665705182	-0.846279651042957	0.08435993382879343	1.0612219205298679
-41.6	0.0	-41.6	0.0	-2.2395223847080508	-10.56417468615052	-0.8462832138816415	0.08438194401597135	1.0614954220561552
-40.53333333333333	0.0	-40.53333333333333	0.0	-2.180932989042046	-10.564110608711406	-0.8462792217852839	0.08438330690908291	1.0613194586045929
-39.46666666666667	0.0	-39.46666666666667	0.0	-2.122351259629783	-10.564102130872365	-0.8462733409551656	0.08439534758680767	1.0614826731032716
-38.4	0.0	-38.4	0.0	-2.0637768240253935	-10.564154865177482	-0.8462799300604441	0.0843982880018671	1.0616390731363925
-37.333333333333336	0.0	-37.333333333333336	0.0	-2.0052094310773465	-10.564152525723165	-0.8462833641218271	0.08439577684448063	1.0612082701358694
-36.266666666666666	0.0	-36.266666666666666	0.0	-1.946648936764245	-10.564132930110393	-0.846277708651987	0.0843973007092194	1.0613240194673668
-35.2	0.0	-35.2	0.0	-1.8880952907727155	-10.564070408730334	-0.8462770754969197	0.08438610781539856	1.061437161058502
-34.13333333333333	0.0	-34.13333333333333	0.0	-1.8295485238011158	-10.564098879245487	-0.846280423706768	0.08441567293761962	1.0615779146494457
-33.06666666666667	0.0	-33.06666666666667	0.0	-1.771008735572786	-10.564032365769078	-0.8462738989901402	0.08441309739158216	1.0615970595416577
-32.0	0.0	-32.0	0.0	-1.7124760835425616	-10.564163707885534	-0.8462830099842471	0.08441485734804105	1.0615898694756365
-30.933333333333337	0.0	-30.933333333333337	0.0	-1.6539507722802793	-10.564112143307579	-0.8462784169271471	0.08440542441067908	1.0616254012795108
-29.866666666666667	0.0	-29.866666666666667	0.0	-1.5954330435149888	-10.56415391007915	-0.8462883113165078	0.08440031624437155	1.0612579996372749
-28.799999999999997	0.0	-28.799999999999997	0.0	-1.536923166823607	-10.564111617466935	-0.8462773867087324	0.08439454272867106	1.0612647067884151
-27.733333333333334	0.0	-27.733333333333334	0.0	-1.478421430947724	-10.56411602808952	-0.8462775154860341	0.08440985649615175	1.0612952913976075
-26.666666666666664	0.0	-26.666666666666664	0.0	-1.4199281357222944	-10.564109632150199	-0.8462951794392738	0.08442652242530213	1.0616290714326149
-25.6	0.0	-25.6	0.0	-1.3614435845999364	-10.56405591055243	-0.8462896742096185	0.08440889066638771	1.0613546684652122
-24.53333333333333	0.0	-24.53333333333333	0.0	-1.302968077754553	-10.564031367744985	-0.8462862294167942	0.08444925161908223	1.0616333747407847
-23.46666666666667	0.0	-23.46666666666667	0.0	-1.2445019057480127	-10.564036508105616	-0.8462722248852156	0.08443221008946811	1.0614763093582709
-22.4	0.0	-22.4	0.0	-1.1860453437435996	-10.564095917367549	-0.8462932799740716	0.08442190790531846	1.0613481008228165
-21.333333333333336	0.0	-21.333333333333336	0.0	-1.1275986462499692	-10.56406538641557	-0.8462801876150482	0.08448555608676792	1.0615918869866996
-20.266666666666666	0.0	-20.266666666666666	0.0	-1.0691620423793182	-10.564097011974617	-0.8462879357160434	0.084487723838016	1.0619936614370924
-19.200000000000003	0.0	-19.200000000000003	0.0	-1.010735731603509	-10.5640950588522	-0.8462807349185805	0.08446295567028957	1.061655492242381
-18.133333333333333	0.0	-18.133333333333333	0.0	-0.9523198799918556	-10.564115952969425	-0.8462773223200815	0.08449237055232511	1.0615626867335013
-17.06666666666667	0.0	-17.06666666666667	0.0	-0.8939146169143085	-10.564074808621479	-0.846286411851305	0.08450392831516806	1.0615095446335936
-16.0	0.0	-16.0	0.0	-0.8355200321937496	-10.564060020694649	-0.8462873562181851	0.08450945500770665	1.0617590828502936
-14.933333333333337	0.0	-14.933333333333337	0.0	-0.7771361736911329	-10.564107142455695	-0.846281636359694	0.08452397464849253	1.0621531950512262
-13.866666666666674	0.0	-13.866666666666674	0.0	-0.7187630453071814	-10.564058121229452	-0.8462860899080503	0.08454248638563634	1.0619603725045585
-12.799999999999997	0.0	-12.799999999999997	0.0	-0.6604006053843748	-10.564041058236953	-0.8462753799291117	0.08455381878820095	1.0618425734676726
-11.733333333333334	0.0	-11.733333333333334	0.0	-0.6020487654929477	-10.56403822513631	-0.8462689625269013	0.08461042714381473	1.0619951316446217
-10.666666666666671	0.0	-10.666666666666671	0.0	-0.5437073895846136	-10.563967193722883	-0.8462546038577429	0.08464886716842297	1.0621752803584974
-9.599999999999994	0.0	-9.599999999999994	0.0	-0.4853762934977529	-10.564010570210735	-0.8462747145797188	0.08465432947231076	1.0620914248720954
-8.533333333333331	0.0	-8.533333333333331	0.0	-0.4270552447977797	-10.564016515429506	-0.8462717097760081	0.08470597990180252	1.062295633478536
-7.466666666666669	0.0	-7.466666666666669	0.0	-0.36874396293640566	-10.564085110805632	-0.8462786959446345	0.08470162293642255	1.0620452152836082
-6.400000000000006	0.0	-6.400000000000006	0.0	-0.31044211971353775	-10.563956215457898	-0.8462766891650136	0.0847735665224007	1.062083311902078
-5.333333333333329	0.0	-5.333333333333329	0.0	-0.2521493400255208	-10.564081923567409	-0.8462846304319624	0.0848110621801286	1.0623682316824665
-4.266666666666666	0.0	-4.266666666666666	0.0	-0.1938652028834597	-10.563878391041808	-0.8462804880954188	0.08487135142028761	1.0622871234451714
-3.200000000000003	0.0	-3.200000000000003	0.0	-0.1355892426853284	-10.564068412682152	-0.8462948682274615	0.0849116479843312	1.062276048597211
-2.13333333333334	0.0	-2.13333333333334	0.0	-0.07732095072560852	-10.563963287478058	-0.8462882791221824	0.08493466692704045	1.0622975651380644
-1.0666666666666629	0.0	-1.0666666666666629	0.0	-0.01905977692616606	-10.56401909097554	-0.8462869054976286	0.08497853706121097	1.0622497565647453
0.0	0.0	0.0	0.0	0.0391948682279	-10.564064817649147	-0.8462990212954467	0.0849993453269048	1.0620664098812085
1.0666666666666629	0.0	1.0666666666666629	0.0	0.0974436115637267	-10.563909340520029	-0.8462858323534465	0.0850497401777034	1.062234764740519
2.1333333333333258	0.0	2.1333333333333258	0.0	0.1556871149237345	-10.56400769418433	-0.8462718385533096	0.085062585713565	1.0618335268622172
3.200000000000003	0.0	3.200000000000003	0.0	0.2139260727125422	-10.563901270475771	-0.8462863903884218	0.08509799947157923	1.0617998945235445
4.266666666666666	0.0	4.266666666666666	0.0	0.27216120930401666	-10.563938744670613	-0.8462851455411701	0.08511373176529118	1.0617278328917061
5.333333333333329	0.0	5.333333333333329	0.0	0.33039327632474647	-10.563945398164543	-0.8462835465563381	0.08516912746797897	1.0615265647003254
6.400000000000006	0.0	6.400000000000006	0.0	0.38862304983020113	-10.56385939638978	-0.8462811749076957	0.08520425147706408	1.0617868987474979
7.466666666666669	0.0	7.466666666666669	0.0	0.44685132738985966	-10.563925341099777	-0.8462696922649457	0.08520932744904611	1.061542350651245
8.533333333333331	0.0	8.533333333333331	0.0	0.5050789250975919	-10.563969039530882	-0.8462871523207908	0.08525062203717919	1.0616860339258074
9.599999999999994	0.0	9.599999999999994	0.0	0.5633066745235548	-10.563919889527337	-0.8462847592092637	0.08528224759623017	1.0615693294959874
10.666666666666671	0.0	10.666666666666671	0.0	0.621535419623892	-10.563949755129922	-0.846280445169651	0.0852664079881001	1.0614011678026285
11.733333333333334	0.0	11.733333333333334	0.0	0.6797660136245051	-10.564015088147737	-0.8462884937510186	0.08528225832767208	1.061316775744137
12.799999999999997	0.0	12.799999999999997	0.0	0.7379993158951843	-10.56396627081889	-0.8462853279756808	0.08531769354857001	1.0612937997271938
13.86666666666666	0.0	13.86666666666666	0.0	0.7962361888303604	-10.564054107670213	-0.8463016290358089	0.0852977759925474	1.0612659087098983
14.933333333333337	0.0	14.933333333333337	0.0	0.8544774947527677	-10.564091689179469	-0.8462791466651914	0.08532716941169932	1.0613566430505073
16.0	0.0	16.0	0.0	0.9127240928562825	-10.563993206737866	-0.8462904254105464	0.08540542308546917	1.0614273417892337
17.066666666666663	0.0	17.066666666666663	0.0	0.9709768362042303	-10.564006384948424	-0.8462830636414566	0.08540410311812498	1.061494359643415
18.133333333333326	0.0	18.133333333333326	0.0	1.0292365687994187	-10.563978418811027	-0.8462868947661868	0.0854193846912802	1.0613134811914968
19.200000000000003	0.0	19.200000000000003	0.0	1.0875041227421884	-10.564032891609731	-0.846275508706413	0.08544481820839962	1.0612334139040598
20.266666666666666	0.0	20.266666666666666	0.0	1.1457803154927464	-10.563987325907735	-0.8462892127576204	0.08548590889913811	1.0614329436018652
21.33333333333333	0.0	21.33333333333333	0.0	1.2040659472540736	-10.563964231844944	-0.8462897922554791	0.08545072050140201	1.0613446667614332
22.400000000000006	0.0	22.400000000000006	0.0	1.2623617984916657	-10.56401315648821	-0.8463041938504051	0.08549527744784907	1.0609610069848356
23.46666666666667	0.0	23.46666666666667	0.0	1.3206686276063948	-10.564067747332768	-0.8462919170809597	0.08549708033007532	1.0610106291718238
24.53333333333333	0.0	24.53333333333333	0.0	1.3789871687767694	-10.56400498986098	-0.8462901141987339	0.08554863417659078	1.061308941791606
25.599999999999994	0.0	25.599999999999994	0.0	1.4373181299868607	-10.564079358752815	-0.8462964564808506	0.08560788246689292	1.0614961947199684
26.66666666666667	0.0	26.66666666666667	0.0	1.4956621912561816	-10.563953607717535	-0.8462929365679333	0.08560986778363006	1.061262249288236
27.733333333333334	0.0	27.733333333333334	0.0	1.5540200030877847	-10.5639965764106	-0.8462944604326716	0.08563863877915623	1.0611253160905811
28.799999999999997	0.0	28.799999999999997	0.0	1.6123921851508696	-10.56404403084634	-0.8463000515138619	0.08562818635482106	1.0611482277188724
29.86666666666666	0.0	29.86666666666666	0.0	1.670779325214162	-10.564070430193219	-0.846299386164468	0.08566036994884679	1.0608985929191972
30.933333333333337	0.0	30.933333333333337	0.0	1.7291819783463485	-10.56399790710938	-0.846293086808119	0.08572248353411557	1.0610391640756303
32.0	0.0	32.0	0.0	1.7876006663998416	-10.563984181595288	-0.8462905434564065	0.0857621362116498	1.061269020828026
33.06666666666666	0.0	33.06666666666666	0.0	1.8460358777941588	-10.563893254088725	-0.846310493206755	0.08573865581694218	1.0610611957256912
34.133333333333326	0.0	34.133333333333326	0.0	1.9044880676151767	-10.563972881387054	-0.8463001480968378	0.08576199670290612	1.060896274927763
35.2	0.0	35.2	0.0	1.9629576580465535	-10.564049879482132	-0.8463041938504047	0.08582152401069566	1.061159356224042
36.266666666666666	0.0	36.266666666666666	0.0	2.021445039149582	-10.563971357522316	-0.8462952116336	0.08584301908866626	1.0614151079455558
37.33333333333333	0.0	37.33333333333333	0.0	2.079950570007767	-10.564070623359168	-0.8463008885663232	0.08584030403388505	1.0612828107307681
38.39999999999999	0.0	38.39999999999999	0.0	2.1384745802523812	-10.564052830628627	-0.8462981413172176	0.08589969183293093	1.061472628473725
39.46666666666667	0.0	39.46666666666667	0.0	2.1970173719853	-10.56414410154133	-0.8463023158480865	0.08584662485311856	1.0612110281164175
40.53333333333333	0.0	40.53333333333333	0.0	2.2555792221153697	-10.564167270724228	-0.84630846496425	0.08581800409777786	1.061121871297756
41.599999999999994	0.0	41.599999999999994	0.0	2.3141603851246044	-10.5641275965838	-0.8463043333591489	0.08585897674265629	1.0609835322812209
42.66666666666667	0.0	42.66666666666667	0.0	2.3727610962804784	-10.564133101813463	-0.8462857143075864	0.08588801602422803	1.06129265146292
43.733333333333334	0.0	43.733333333333334	0.0	2.4313815753105863	-10.564041079699837	-0.8462932263168621	0.08584228935062227	1.0609474209794894
44.8	0.0	44.8	0.0	2.490022030555963	-10.564104223503517	-0.8463019402476225	0.08583550707939042	1.060847114192775
45.86666666666666	0.0	45.86666666666666	0.0	2.548682663619322	-10.564086237607022	-0.8463069410995117	0.08586104791092801	1.0610674843506
46.93333333333334	0.0	46.93333333333334	0.0	2.607363674524507	-10.564121468930523	-0.8463082932611811	0.08585731336917377	1.061137710905886
48.0	0.0	48.0	0.0	2.6660652674034075	-10.564159994806666	-0.8463017148873445	0.08588100839271792	1.0611793703630417
49.06666666666666	0.0	49.06666666666666	0.0	2.724787656726653	-10.564129817992262	-0.8462906293079411	0.0858606401161388	1.061016230984455
50.133333333333326	0.0	50.133333333333326	0.0	2.783531074094322	-10.564079004615234	-0.846296263314898	0.08587673727887252	1.060927353183281
51.19999999999999	0.0	51.19999999999999	0.0	2.8422957756029708	-10.56403305258135	-0.8463036572783138	0.08589763139610108	1.0612142260860817
52.26666666666665	0.0	52.26666666666665	0.0	2.901082049805243	-10.564176424644105	-0.8463156550302713	0.08586779798783441	1.061023775188056
53.33333333333334	0.0	53.33333333333334	0.0	2.9598902262783517	-10.564103021582037	-0.8462996866448396	0.08589444415787968	1.0611379577290487
54.400000000000006	0.0	54.400000000000006	0.0	3.0187206848176857	-10.564203392757404	-0.8463141204340904	0.0858850326834014	1.0610539520024613
55.46666666666667	0.0	55.46666666666667	0.0	3.0775738652718507	-10.564157580232257	-0.8462901785873848	0.08587277737684004	1.0612882408403301
56.53333333333333	0.0	56.53333333333333	0.0	3.13645027803539	-10.564215014908884	-0.8463100639490818	0.08589422952904321	1.0611972918708843
57.599999999999994	0.0	57.599999999999994	0.0	3.195350515215478	-10.564068799014066	-0.8463026807171075	0.0858838522248009	1.0610750285542014
58.66666666666666	0.0	58.66666666666666	0.0	3.2542752624888656	-10.564073606699997	-0.8463037323984065	0.08586007134972219	1.0610452166088182
59.73333333333332	0.0	59.73333333333332	0.0	3.3132253116653385	-10.564090165314731	-0.8462895454323172	0.08587926989914269	1.0610457424494668
60.80000000000001	0.0	60.80000000000001	0.0	3.372201573973985	-10.564173602274895	-0.8463059860011894	0.0858948734155526	1.0610878955529464
61.866666666666674	0.0	61.866666666666674	0.0	3.431205094088528	-10.564139969936233	-0.8463001051710702	0.08589110667947292	1.0611569094553068
62.93333333333334	0.0	62.93333333333334	0.0	3.490237064908026	-10.56415942604025	-0.8462982593630767	0.08585049890361644	1.060893345244145
64.0	0.0	64.0	0.0	3.549298843109189	-10.564194753946726	-0.8462932692426296	0.08590130154920424	1.0612547480104026
65.06666666666666	0.0	65.06666666666666	0.0	3.6083919654866037	-10.564215240269174	-0.846297422310615	0.08589305980188461	1.0611173962865157
66.13333333333333	0.0	66.13333333333333	0.0	3.667518166097146	-10.564130311638586	-0.8463021334135752	0.08586012500693137	1.0609691521491798
67.19999999999999	0.0	67.19999999999999	0.0	3.7266793942248477	-10.56414501371389	-0.8462972935333128	0.08590357661487066	1.0610526964237679
68.26666666666665	0.0	68.26666666666665	0.0	3.7858778331825	-10.564085003491208	-0.8463113195277746	0.08586509366449512	1.0611512217911403
69.33333333333334	0.0	69.33333333333334	0.0	3.845115919966272	-10.564158975319708	-0.846300212485489	0.08586655314058297	1.0610643293067035
70.4	0.0	70.4	0.0	3.9043963657796077	-10.564111327718003	-0.8463080035122519	0.08587997817430297	1.0608687380480466
71.46666666666667	0.0	71.46666666666667	0.0	3.9637221774427083	-10.564186501467972	-0.8463054494290984	0.08585570365290042	1.0608165188521381
72.53333333333333	0.0	72.53333333333333	0.0	4.023096679703835	-10.564082363556526	-0.8462859718621902	0.08586978330457157	1.0610638141974966
73.6	0.0	73.6	0.0	4.082523538468745	-10.564249902826262	-0.8463018543960875	0.08591757041500728	1.0612210083573126
74.66666666666666	0.0	74.66666666666666	0.0	4.142006784964515	-10.564207095104834	-0.8462881288819969	0.08588395953921911	1.0612285632923562
75.73333333333332	0.0	75.73333333333332	0.0	4.201550840854042	-10.564226207802715	-0.8462975832822418	0.0859011298461351	1.0612272755193362
76.80000000000001	0.0	76.80000000000001	0.0	4.261160544317486	-10.564243088360707	-0.8463004593086503	0.08589149301137855	1.0613056257760836
77.86666666666667	0.0	77.86666666666667	0.0	4.320841177116942	-10.564182938629287	-0.8462913268516593	0.08587346418911668	1.061161953232963
78.93333333333334	0.0	78.93333333333334	0.0	4.380598492660622	-10.564147020493504	-0.8462960272231776	0.08586834529136739	1.0611036171152153
80.0	0.0	80.0	0.0	4.440438745082791	-10.564127510732275	-0.8463065547676056	0.08585277396928284	1.0607826826160716
