Hysterese	V-MOKE
Charge	2020_0446
Sample	1
Sample State	bFC
User	Meike Reginka
Sample Angle	25.0
Magnetic Field Angle	0.0
Detektor Averages	300
Hysteresus Points	150
Magnetic Field [kA/m]	80
Hysteresis Averages	100
Polarization	p-polarization
Measurement Method	Scan Both Angles
Max Voltage Correction	No
Training Effect Elimination	No
Magnetic field [kA/m]	Magnetic field transversal [kA/m]	Magnetic field longitudinal [kA/m]	Magnetic field transversal [V]	Magnetic field longitudinal [V]	Detector diff transversal [V]	Detector diff longitudinal [V]	Detector raw transversal [V]	Detector raw longitudinal [V]
80.0	0.0	80.0	0.0	4.381030188287403	-10.564406957477331	-0.8455398791009213	0.09060204866793355	1.0385204246011053
78.93333333333334	0.0	78.93333333333334	0.0	4.319818714176459	-10.564406957477331	-0.8462345145986514	0.0906178453502963	1.0385851137324114
77.86666666666666	0.0	77.86666666666666	0.0	4.258793669369702	-10.564406957477331	-0.8462276572073267	0.0905983033947375	1.0384919755488342
76.8	0.0	76.8	0.0	4.197942654193435	-10.564406957477331	-0.8462338385178164	0.09058278572986213	1.0383339336051143
75.73333333333333	0.0	75.73333333333333	0.0	4.137253993604595	-10.564406957477331	-0.8462259831024024	0.09060165160458616	1.0381674782110044
74.66666666666667	0.0	74.66666666666667	0.0	4.0767167056162315	-10.564406957477331	-0.8462332697513996	0.09061177135422482	1.0383365628083607
73.6	0.0	73.6	0.0	4.0163204706037074	-10.564406957477331	-0.8462317995438702	0.09060014920273092	1.0384031192105438
72.53333333333333	0.0	72.53333333333333	0.0	3.9560556014798554	-10.564406957477331	-0.8462284406025798	0.09061977700982435	1.038537766611091
71.46666666666667	0.0	71.46666666666667	0.0	3.89591301472721	-10.564406957477331	-0.8462325185504724	0.09062958554765015	1.0385566861430247
70.4	0.0	70.4	0.0	3.8358842022755653	-10.564406957477331	-0.8462277645217448	0.09058344034781324	1.038291791233077
69.33333333333333	0.0	69.33333333333333	0.0	3.775961204212982	-10.564406957477331	-0.8462331195112143	0.09061841411671293	1.038518879273483
68.26666666666667	0.0	68.26666666666667	0.0	3.716136582318465	-10.564406957477331	-0.8462233538991561	0.09059163916936575	1.038139780359661
67.2	0.0	67.2	0.0	3.6564033944044745	-10.564406957477331	-0.8462034685374591	0.09059407520665942	1.0381170618973221
66.13333333333333	0.0	66.13333333333333	0.0	3.596755169457454	-10.564406957477331	-0.8462247811809185	0.09060478518559835	1.0381830173387625
65.06666666666666	0.0	65.06666666666666	0.0	3.5371858835645753	-10.564406957477331	-0.8462253928731017	0.09059567419149099	1.0384201070829489
64.0	0.0	64.0	0.0	3.4776899366148504	-10.564406957477331	-0.8462185462132191	0.09061370301375278	1.0383252733315629
62.93333333333334	0.0	62.93333333333334	0.0	3.4182621297628257	-10.564406957477331	-0.8462256075019386	0.09061187866864297	1.0384106097569363
61.86666666666667	0.0	61.86666666666667	0.0	3.3588976436430196	-10.564406957477331	-0.8462244377747804	0.09059891508692139	1.038192332230265
60.8	0.0	60.8	0.0	3.2995920173232944	-10.564406957477331	-0.846220349095446	0.09058972897272131	1.0381572511469483
59.733333333333334	0.0	59.733333333333334	0.0	3.2403411279853396	-10.564406957477331	-0.846217795012292	0.0905972839077643	1.0382195900924949
58.66666666666667	0.0	58.66666666666667	0.0	3.181141171320454	-10.564406957477331	-0.8462211217592569	0.09060187696486442	1.0384155891459412
57.6	0.0	57.6	0.0	3.121988642628807	-10.564406957477331	-0.8462290630262049	0.09057737708318359	1.0381218159260495
56.53333333333333	0.0	56.53333333333333	0.0	3.062880318610361	-10.564406957477331	-0.8462236758424108	0.09059357082889376	1.0381040983156007
55.46666666666667	0.0	55.46666666666667	0.0	3.003813239835633	-10.564406957477331	-0.8462242660717105	0.09059004018453418	1.0381742497507942
54.4	0.0	54.4	0.0	2.9447846938844906	-10.564406957477331	-0.846225457261753	0.0905703157944644	1.0381413256872831
53.33333333333333	0.0	53.33333333333333	0.0	2.885792199141142	-10.564406957477331	-0.8462272386810955	0.09059800291436647	1.0383327531465134
52.266666666666666	0.0	52.266666666666666	0.0	2.8268334892335334	-10.564406957477331	-0.8462269918579338	0.09057758098057818	1.0380161648813075
51.2	0.0	51.2	0.0	2.7679064981053	-10.564406957477331	-0.8462298249585745	0.09059490152767972	1.0381986745123823
50.13333333333333	0.0	50.13333333333333	0.0	2.7090093457084867	-10.564406957477331	-0.8462249850783127	0.09061697610350862	1.0381650421737103
49.06666666666666	0.0	49.06666666666666	0.0	2.6501403243051973	-10.564406957477331	-0.846230833714106	0.09056723587066129	1.0380962858259544
48.0	0.0	48.0	0.0	2.591297885366365	-10.564406957477331	-0.8462106049462704	0.09058611247682709	1.037998297030672
46.93333333333334	0.0	46.93333333333334	0.0	2.532480627055822	-10.564406957477331	-0.8462123649027294	0.09058461007497197	1.0380191589535768
45.86666666666667	0.0	45.86666666666667	0.0	2.4736872822878553	-10.564406957477331	-0.846222752938414	0.09058551151608504	1.0381474318776798
44.8	0.0	44.8	0.0	2.4149167073464275	-10.564406957477331	-0.8462376052538962	0.09057254793436342	1.0381148190259812
43.733333333333334	0.0	43.733333333333334	0.0	2.356167871054244	-10.564406957477331	-0.8462253392158927	0.09057810682122756	1.0381343609815403
42.666666666666664	0.0	42.666666666666664	0.0	2.2974398444798476	-10.564406957477331	-0.8462474352546058	0.09061377813384558	1.0384477834714096
41.6	0.0	41.6	0.0	2.2387317911709355	-10.564406957477331	-0.8462203705583298	0.09060080382068214	1.0383275805915553
40.53333333333333	0.0	40.53333333333333	0.0	2.1800429579020566	-10.564406957477331	-0.8462162926104365	0.09058062871005586	1.0381593223152188
39.46666666666667	0.0	39.46666666666667	0.0	2.1213726659248966	-10.564406957477331	-0.8462189218136829	0.09059922629873425	1.0380751556170054
38.4	0.0	38.4	0.0	2.0627203027093186	-10.564406957477331	-0.8462159062785309	0.0905892460578393	1.0380176887460457
37.333333333333336	0.0	37.333333333333336	0.0	2.0040853141633432	-10.564406957477331	-0.8462201666609342	0.09058993287011592	1.038212560998101
36.266666666666666	0.0	36.266666666666666	0.0	1.9454671973202513	-10.564406957477331	-0.8462169043026205	0.09059659709548776	1.03822197247258
35.2	0.0	35.2	0.0	1.8868654934810003	-10.564406957477331	-0.8462249958097545	0.09057927654838614	1.0380165082874457
34.13333333333333	0.0	34.13333333333333	0.0	1.8282797818001153	-10.564406957477331	-0.846235255068137	0.09059729463920618	1.038174485842514
33.06666666666667	0.0	33.06666666666667	0.0	1.7697096733032631	-10.564406957477331	-0.8462189647394506	0.09058642368863992	1.038365977690396
32.0	0.0	32.0	0.0	1.7111548053246695	-10.564406957477331	-0.8462277645217449	0.09058203452893451	1.0381822768692783
30.933333333333337	0.0	30.933333333333337	0.0	1.652614836352576	-10.564406957477331	-0.8462264767487264	0.0905863056427799	1.038191033725804
29.866666666666667	0.0	29.866666666666667	0.0	1.5940894412709112	-10.564406957477331	-0.8462258006678912	0.09059304498824447	1.0383019217141576
28.799999999999997	0.0	28.799999999999997	0.0	1.5355783069853621	-10.564406957477331	-0.8462136956015155	0.09059449373289048	1.0382590066783102
27.733333333333334	0.0	27.733333333333334	0.0	1.4770811284220267	-10.564406957477331	-0.846215348243556	0.09057948044578079	1.0382355048207181
26.666666666666664	0.0	26.666666666666664	0.0	1.4185976048868278	-10.564406957477331	-0.8462250709298473	0.0905656154229461	1.0380848997661807
25.6	0.0	25.6	0.0	1.360127436773878	-10.564406957477331	-0.8462160243243909	0.09059398935512489	1.0383350818693895
24.53333333333333	0.0	24.53333333333333	0.0	1.3016703226109647	-10.564406957477331	-0.846226648451795	0.09056528274824956	1.0382581374315218
23.46666666666667	0.0	23.46666666666667	0.0	1.243225956430354	-10.564406957477331	-0.8462242768031526	0.0905915103920639	1.0382460109022622
22.4	0.0	22.4	0.0	1.1847940254530787	-10.564406957477331	-0.8462292239978326	0.09058988994434865	1.0384234445613552
21.333333333333336	0.0	21.333333333333336	0.0	1.1263742080749082	-10.564406957477331	-0.8462372833106414	0.0905851788413886	1.0384005329330646
20.266666666666666	0.0	20.266666666666666	0.0	1.0679661721421683	-10.564406957477331	-0.8462250280040802	0.09059556687707275	1.0384429865169138
19.200000000000003	0.0	19.200000000000003	0.0	1.0095695735056076	-10.564406957477331	-0.8462273567269554	0.09058291450716402	1.0384333604135998
18.133333333333333	0.0	18.133333333333333	0.0	0.9511840548404781	-10.564406957477331	-0.8462194691172161	0.0905809721161941	1.0383189417808874
17.06666666666667	0.0	17.06666666666667	0.0	0.8928092447210244	-10.564406957477331	-0.8462374013565018	0.09056946801056032	1.0383970130201468
16.0	0.0	16.0	0.0	0.8344447569375557	-10.564406957477331	-0.8462218300344169	0.0905905982195089	1.0384496614737277
14.933333333333337	0.0	14.933333333333337	0.0	0.7760901900442883	-10.564406957477331	-0.8462169901541552	0.09059641466097675	1.0386350685940955
13.866666666666674	0.0	13.866666666666674	0.0	0.7177451271261349	-10.564406957477331	-0.8462132556124008	0.09060170526179526	1.0385578236758568
12.799999999999997	0.0	12.799999999999997	0.0	0.6594091357726295	-10.564406957477331	-0.8462274962356992	0.0905924547589442	1.0385666127267095
11.733333333333334	0.0	11.733333333333334	0.0	0.6010817682471681	-10.564406957477331	-0.8462262621198898	0.09055558152484203	1.0386281253512366
10.666666666666671	0.0	10.666666666666671	0.0	0.5427625618397398	-10.564406957477331	-0.8462305868909443	0.09053027678502452	1.0383463713461862
9.599999999999994	0.0	9.599999999999994	0.0	0.4844510393913435	-10.564406957477331	-0.8462217012571149	0.090562052584261	1.0385350944820773
8.533333333333331	0.0	8.533333333333331	0.0	0.4261467099782665	-10.564406957477331	-0.8462350940965097	0.090535867866214	1.0384430830998903
7.466666666666669	0.0	7.466666666666669	0.0	0.36784906974439924	-10.564406957477331	-0.8462335380374456	0.09054064335782508	1.0385267454203397
6.400000000000006	0.0	6.400000000000006	0.0	0.30955760286978407	-10.564406957477331	-0.8462070099132599	0.09052246429537775	1.038441537772269
5.333333333333329	0.0	5.333333333333329	0.0	0.25127178266356687	-10.564406957477331	-0.8462176984293154	0.09049844732857888	1.0383484210515739
4.266666666666666	0.0	4.266666666666666	0.0	0.19299107276954444	-10.564406957477331	-0.8462269703950497	0.09049838293992801	1.038531295551672
3.200000000000003	0.0	3.200000000000003	0.0	0.13471492847247593	-10.564406957477331	-0.8462223129492991	0.09047189774150999	1.038473517468899
2.13333333333334	0.0	2.13333333333334	0.0	0.07644279809335723	-10.564406957477331	-0.8462257255477986	0.09049577519956514	1.0387203942880268
1.0666666666666629	0.0	1.0666666666666629	0.0	0.018174124461827576	-10.564406957477331	-0.8462295566725291	0.09047521375703317	1.0388075872528355
0.0	0.0	0.0	0.0	-0.0400916535461	-10.564406957477331	-0.84621996276354	0.09045703469458577	1.0388994054690683
-1.0666666666666629	0.0	-1.0666666666666629	0.0	-0.09835509941681445	-10.564406957477331	-0.8462196837460526	0.09042572034734768	1.0387510754801965
-2.1333333333333258	0.0	-2.1333333333333258	0.0	-0.156616777366191	-10.564406957477331	-0.8462327975679597	0.0904060281516033	1.0387864677753291
-3.200000000000003	0.0	-3.200000000000003	0.0	-0.21487725067681432	-10.564406957477331	-0.8462314883320576	0.09041766103453895	1.03905604159391
-4.266666666666666	0.0	-4.266666666666666	0.0	-0.27313708001714876	-10.564406957477331	-0.8462174516061534	0.0903582625040513	1.0388215810529706
-5.333333333333329	0.0	-5.333333333333329	0.0	-0.331396821754486	-10.564406957477331	-0.8462205100670728	0.09034723058185767	1.0388282667412265
-6.400000000000006	0.0	-6.400000000000006	0.0	-0.3896570262734731	-10.564406957477331	-0.8462246524036162	0.0903109905028231	1.038724429310153
-7.466666666666669	0.0	-7.466666666666669	0.0	-0.4479182363120456	-10.564406957477331	-0.8462403417715607	0.0902789786118665	1.0387410845078604
-8.533333333333331	0.0	-8.533333333333331	0.0	-0.506180985326591	-10.564406957477331	-0.8462259938338442	0.09026114295555743	1.0389154382431518
-9.599999999999994	0.0	-9.599999999999994	0.0	-0.564445795898144	-10.564406957477331	-0.8462145219225361	0.09024812571662671	1.0388492145156645
-10.666666666666671	0.0	-10.666666666666671	0.0	-0.6227131781914472	-10.564406957477331	-0.8462177306236408	0.09020552189259122	1.0387700272064564
-11.733333333333334	0.0	-11.733333333333334	0.0	-0.6809836284786798	-10.564406957477331	-0.8462231821960866	0.09019402851839935	1.0389245814315826
-12.799999999999997	0.0	-12.799999999999997	0.0	-0.7392576277396917	-10.564406957477331	-0.8462241694887344	0.09014339757588063	1.0386858283139164
-13.86666666666666	0.0	-13.86666666666666	0.0	-0.7975356403505398	-10.564406957477331	-0.8462288698602533	0.09010852038995748	1.038698587998243
-14.933333333333337	0.0	-14.933333333333337	0.0	-0.8558181128721578	-10.564406957477331	-0.8462345145986512	0.09009214420973635	1.03906098878859
-16.0	0.0	-16.0	0.0	-0.9141054729509707	-10.564406957477331	-0.8462141355906303	0.09003331444566527	1.0387882384632285
-17.066666666666663	0.0	-17.066666666666663	0.0	-0.9723981283432802	-10.564406957477331	-0.8462292669236	0.08999551830756636	1.0387351822148576
-18.133333333333326	0.0	-18.133333333333326	0.0	-1.0306964660752267	-10.564406957477331	-0.8462219051545099	0.08998435760807087	1.0386808596563533
-19.200000000000003	0.0	-19.200000000000003	0.0	-1.0890008517501555	-10.564406957477331	-0.8462237080367356	0.0899266439139494	1.0386384168039458
-20.266666666666666	0.0	-20.266666666666666	0.0	-1.147311629015197	-10.564406957477331	-0.8462270025893757	0.08991867045267529	1.038696484635645
-21.33333333333333	0.0	-21.33333333333333	0.0	-1.2056291191988913	-10.564406957477331	-0.846230350799224	0.0898972397633557	1.03881933818163
-22.400000000000006	0.0	-22.400000000000006	0.0	-1.263953621131659	-10.564406957477331	-0.8462139424246773	0.08986114992450651	1.0387482638424403
-23.46666666666667	0.0	-23.46666666666667	0.0	-1.322285411160945	-10.564406957477331	-0.8462232358532954	0.0898180202598218	1.0385466737078033
-24.53333333333333	0.0	-24.53333333333333	0.0	-1.3806247433728562	-10.564406957477331	-0.8462262513884476	0.08978145823753245	1.0387984869901685
-25.599999999999994	0.0	-25.599999999999994	0.0	-1.438971850032102	-10.564406957477331	-0.8462339565636762	0.0897741501256513	1.0385467702907798
-26.66666666666667	0.0	-26.66666666666667	0.0	-1.497326942252062	-10.564406957477331	-0.8462252962901254	0.08975543449111284	1.0386223411040938
-27.733333333333334	0.0	-27.733333333333334	0.0	-1.555690210906793	-10.564406957477331	-0.8462203490954461	0.0896991051529864	1.0384257303584636
-28.799999999999997	0.0	-28.799999999999997	0.0	-1.614061827796803	-10.564406957477331	-0.8462183852415918	0.08972009585319128	1.0385708838405545
-29.86666666666666	0.0	-29.86666666666666	0.0	-1.6724419470803977	-10.564406957477331	-0.846217537457688	0.08966192070707138	1.0384406470625973
-30.933333333333337	0.0	-30.933333333333337	0.0	-1.7308307069824265	-10.564406957477331	-0.8462418978306254	0.08965057757306498	1.0386373543912049
-32.0	0.0	-32.0	0.0	-1.7892282317922377	-10.564406957477331	-0.8462167433309932	0.08963152926382997	1.03861707196616
-33.06666666666666	0.0	-33.06666666666666	0.0	-1.8476346341626735	-10.564406957477331	-0.8462165608964821	0.08959343264535999	1.0385860044420827
-34.133333333333326	0.0	-34.133333333333326	0.0	-1.9060500177219062	-10.564406957477331	-0.8462348472733481	0.08954939080812035	1.0386370861051577
-35.2	0.0	-35.2	0.0	-1.9644744800099465	-10.564406957477331	-0.8462267235718882	0.08951780817483668	1.0385734593865925
-36.266666666666666	0.0	-36.266666666666666	0.0	-2.0229081157516333	-10.564406957477331	-0.8462175052633625	0.08952274463807502	1.0387839136921744
-37.33333333333333	0.0	-37.33333333333333	0.0	-2.0813510204779293	-10.564406957477331	-0.8462264874801683	0.08949636675407532	1.0387755002417856
-38.39999999999999	0.0	-38.39999999999999	0.0	-2.139803294507338	-10.564406957477331	-0.8462270777094679	0.08943730089828404	1.0386338881354964
-39.46666666666667	0.0	-39.46666666666667	0.0	-2.1982650472992535	-10.564406957477331	-0.8462322073386598	0.0894259148385104	1.038658548988803
-40.53333333333333	0.0	-40.53333333333333	0.0	-2.256736402191068	-10.564406957477331	-0.8462264445544007	0.08936722458318297	1.0385592509576187
-41.599999999999994	0.0	-41.599999999999994	0.0	-2.315217501530861	-10.564406957477331	-0.8462126117258912	0.08933793847844934	1.0386349934740025
-42.66666666666667	0.0	-42.66666666666667	0.0	-2.37370851221747	-10.564406957477331	-0.8462300717817373	0.08932558658891163	1.0385563427368865
-43.733333333333334	0.0	-43.733333333333334	0.0	-2.432209631659771	-10.564406957477331	-0.8462047348475937	0.08931089524505659	1.0386242942265063
-44.8	0.0	-44.8	0.0	-2.4907210941669966	-10.564406957477331	-0.8462164965078312	0.08929192205591438	1.0387506676854081
-45.86666666666666	0.0	-45.86666666666666	0.0	-2.549243177781886	-10.564406957477331	-0.846228161585092	0.08924974748955186	1.038712656918472
-46.93333333333334	0.0	-46.93333333333334	0.0	-2.6077762115685053	-10.564406957477331	-0.8462324326989378	0.08924555149579931	1.0389304622617024
-48.0	0.0	-48.0	0.0	-2.666320583366545	-10.564406957477331	-0.846208576703766	0.08924163451953404	1.0388994805891607
-49.06666666666666	0.0	-49.06666666666666	0.0	-2.724876748023921	-10.564406957477331	-0.846226991857934	0.08919685221280864	1.0388435375829397
-50.133333333333326	0.0	-50.133333333333326	0.0	-2.7834452361194826	-10.564406957477331	-0.8462274318470482	0.08920103747511941	1.0389098256990776
-51.19999999999999	0.0	-51.19999999999999	0.0	-2.842026663187659	-10.564406957477331	-0.8462401271427241	0.08918247208076645	1.0388803678912746
-52.26666666666665	0.0	-52.26666666666665	0.0	-2.9006217394568647	-10.564406957477331	-0.8462174301432701	0.08917615126153301	1.038832612975165
-53.33333333333334	0.0	-53.33333333333334	0.0	-2.9592312801134577	-10.564406957477331	-0.8462223773379501	0.08916808121728245	1.038782143004273
-54.400000000000006	0.0	-54.400000000000006	0.0	-3.0178562161030937	-10.564406957477331	-0.8462342141182804	0.08914730514591408	1.0388591518307917
-55.46666666666667	0.0	-55.46666666666667	0.0	-3.076497605481298	-10.564406957477331	-0.846236596498365	0.08916916509290658	1.0388173314020093
-56.53333333333333	0.0	-56.53333333333333	0.0	-3.135156645325031	-10.564406957477331	-0.8462383135290565	0.08913455619302887	1.0388340187940428
-57.599999999999994	0.0	-57.599999999999994	0.0	-3.193834684217122	-10.564406957477331	-0.8462292669236	0.0891376253853901	1.0387303852603633
-58.66666666666666	0.0	-58.66666666666666	0.0	-3.25253323531534	-10.564406957477331	-0.8462280435392322	0.08913867706668878	1.0387116910887095
-59.73333333333332	0.0	-59.73333333333332	0.0	-3.311253990017958	-10.564406957477331	-0.8462384315749161	0.0891540766857041	1.0387971562913842
-60.80000000000001	0.0	-60.80000000000001	0.0	-3.3699988322376004	-10.564406957477331	-0.8462273996527229	0.08915090017892459	1.038929077905708
-61.866666666666674	0.0	-61.866666666666674	0.0	-3.4287698532951953	-10.564406957477331	-0.8462407173720246	0.08912679736059126	1.038780865962697
-62.93333333333334	0.0	-62.93333333333334	0.0	-3.4875693674458788	-10.564406957477331	-0.8462246738665	0.08916089115126132	1.0389406463999924
-64.0	0.0	-64.0	0.0	-3.546399928048623	-10.564406957477331	-0.8462251031241732	0.08916067652242494	1.0390922816729447
-65.06666666666666	0.0	-65.06666666666666	0.0	-3.605264344391439	-10.564406957477331	-0.8462263587028659	0.08914002922835838	1.0388968191915893
-66.13333333333333	0.0	-66.13333333333333	0.0	-3.6641656991839646	-10.564406957477331	-0.8462149726430924	0.08913580104028027	1.0388508349633792
-67.19999999999999	0.0	-67.19999999999999	0.0	-3.723107366729244	-10.564406957477331	-0.8462303186048983	0.08913997557114924	1.0388636697677989
-68.26666666666665	0.0	-68.26666666666665	0.0	-3.782093031786535	-10.564406957477331	-0.8462236651109682	0.08914619980740632	1.0390787493248055
-69.33333333333334	0.0	-69.33333333333334	0.0	-3.8411267091369456	-10.564406957477331	-0.846230275679131	0.08913920290733807	1.038977369393909
-70.4	0.0	-70.4	0.0	-3.9002127638637214	-10.564406957477331	-0.8462395261819822	0.0891308860399256	1.038826453127559
-71.46666666666667	0.0	-71.46666666666667	0.0	-3.959355932359017	-10.564406957477331	-0.8462195871630762	0.08915868047424592	1.0390047989592073
-72.53333333333333	0.0	-72.53333333333333	0.0	-4.018561344068946	-10.564406957477331	-0.8462144897282107	0.08912406084292647	1.038895488492803
-73.6	0.0	-73.6	0.0	-4.077834543988736	-10.564406957477331	-0.8462273138011887	0.08912829976244634	1.0389181640293736
-74.66666666666666	0.0	-74.66666666666666	0.0	-4.137181515919814	-10.564406957477331	-0.846229320580809	0.08916981971085766	1.0390291378692607
-75.73333333333332	0.0	-75.73333333333332	0.0	-4.19660870650064	-10.564406957477331	-0.846212472217148	0.08916177112949081	1.039224890099546
-76.80000000000001	0.0	-76.80000000000001	0.0	-4.256123050023082	-10.564406957477331	-0.8462296317926217	0.08913186260113144	1.0391859564286134
-77.86666666666667	0.0	-77.86666666666667	0.0	-4.315731994046186	-10.564406957477331	-0.8462296639869475	0.0891593243607553	1.0391084646872122
-78.93333333333334	0.0	-78.93333333333334	0.0	-4.375443525819141	-10.564406957477331	-0.8462256182333803	0.0891800253120309	1.0391186917512703
-80.0	0.0	-80.0	0.0	-4.435266199525242	-10.564406957477331	-0.8462353945768802	0.08915076067018095	1.039263158421084
-80.0	0.0	-80.0	0.0	-4.380060909566294	-10.564406957477331	-0.845560182988849	0.08914344182685792	1.0392396672949353
-78.93333333333334	0.0	-78.93333333333334	0.0	-4.318197730509417	-10.564406957477331	-0.8462181813441972	0.08916364913180982	1.0392684382904616
-77.86666666666666	0.0	-77.86666666666666	0.0	-4.256627645195748	-10.564406957477331	-0.8462290630262049	0.08915868047424592	1.0390971537475313
-76.8	0.0	-76.8	0.0	-4.195328882143961	-10.564406957477331	-0.8462394725247734	0.08914056580044946	1.0392889353443424
-75.73333333333333	0.0	-75.73333333333333	0.0	-4.1342809326230165	-10.564406957477331	-0.8462358989546466	0.08914153163021352	1.039250216302247
-74.66666666666667	0.0	-74.66666666666667	0.0	-4.073464498932334	-10.564406957477331	-0.8462345575244185	0.08914129553849344	1.039138566381526
-73.6	0.0	-73.6	0.0	-4.012861444010001	-10.564406957477331	-0.8462308337141063	0.08915686686057796	1.0391864930007042
-72.53333333333333	0.0	-72.53333333333333	0.0	-3.9524547423527756	-10.564406957477331	-0.8462339458322349	0.08915306793017282	1.039168056383653
-71.46666666666667	0.0	-71.46666666666667	0.0	-3.8922284322315646	-10.564406957477331	-0.8462188896193572	0.0891440964448091	1.0391390600278483
-70.4	0.0	-70.4	0.0	-3.832167569186148	-10.564406957477331	-0.8462233324362721	0.08915608346532483	1.0390879139761233
-69.33333333333333	0.0	-69.33333333333333	0.0	-3.7722581807828357	-10.564406957477331	-0.846231992709823	0.08917003433969416	1.0390933548171255
-68.26666666666667	0.0	-68.26666666666667	0.0	-3.712487222618799	-10.564406957477331	-0.8462154662894161	0.08915178015715403	1.039201195076001
-67.2	0.0	-67.2	0.0	-3.652842535556789	-10.564406957477331	-0.8462085230465568	0.08913944973049995	1.039145037440944
-66.13333333333333	0.0	-66.13333333333333	0.0	-3.5933128041739804	-10.564406957477331	-0.8462268416177483	0.08917018457987969	1.0393195092220946
-65.06666666666666	0.0	-65.06666666666666	0.0	-3.533887516408651	-10.564406957477331	-0.8462332375570746	0.0891409306694715	1.0389733451032255
-64.0	0.0	-64.0	0.0	-3.474556924388418	-10.564406957477331	-0.8462356199371591	0.08911102214111206	1.0388936212219253
-62.93333333333334	0.0	-62.93333333333334	0.0	-3.4153120064237723	-10.564406957477331	-0.8462289771746705	0.08914272282025591	1.0389359245655905
-61.86666666666667	0.0	-61.86666666666667	0.0	-3.356144430150613	-10.564406957477331	-0.8462313702861971	0.08911613030741963	1.0389016483404085
-60.8	0.0	-60.8	0.0	-3.2970465168055205	-10.564406957477331	-0.8462364569896209	0.08911691370267265	1.0390291915264689
-59.733333333333334	0.0	-59.733333333333334	0.0	-3.2380112066174873	-10.564406957477331	-0.846225521650404	0.0891253056901778	1.038867307726577
-58.66666666666667	0.0	-58.66666666666667	0.0	-3.179032025299821	-10.564406957477331	-0.8462303829935496	0.08912575641073443	1.0390261545284332
-57.6	0.0	-57.6	0.0	-3.1201030516259602	-10.564406957477331	-0.8462176125777805	0.08913691711022974	1.0389184967040703
-56.53333333333333	0.0	-56.53333333333333	0.0	-3.061218886072913	-10.564406957477331	-0.8462254357988691	0.08914251892286124	1.0391348103768872
-55.46666666666667	0.0	-55.46666666666667	0.0	-3.002374620516045	-10.564406957477331	-0.8462283976768127	0.08914260477439584	1.0389187864529998
-54.4	0.0	-54.4	0.0	-2.943565808958942	-10.564406957477331	-0.8462279147619302	0.08914123114984247	1.0389435975464938
-53.33333333333333	0.0	-53.33333333333333	0.0	-2.884788439282071	-10.564406957477331	-0.8462145219225361	0.08915109334487736	1.0390414468330307
-52.266666666666666	0.0	-52.266666666666666	0.0	-2.826038905993961	-10.564406957477331	-0.846240792492117	0.08913501764502729	1.038997705476162
-51.2	0.0	-51.2	0.0	-2.7673139839686236	-10.564406957477331	-0.8462245021634308	0.08913853755794506	1.0389156957977548
-50.13333333333333	0.0	-50.13333333333333	0.0	-2.7086108031529483	-10.564406957477331	-0.8462312951661046	0.08913312891126647	1.0388868174878099
-49.06666666666666	0.0	-49.06666666666666	0.0	-2.649926824227785	-10.564406957477331	-0.8462200164207491	0.08910803880028541	1.0386025737882572
-48.0	0.0	-48.0	0.0	-2.591259815206436	-10.564406957477331	-0.8462276035501177	0.08909440986917085	1.0386600084648925
-46.93333333333334	0.0	-46.93333333333334	0.0	-2.532607828954294	-10.564406957477331	-0.8462230212244592	0.08910115994607723	1.0384253332951165
-45.86666666666667	0.0	-45.86666666666667	0.0	-2.473969181613334	-10.564406957477331	-0.8462226670868792	0.08912396425995012	1.0386762558678109
-44.8	0.0	-44.8	0.0	-2.415342431915193	-10.564406957477331	-0.846242938780482	0.08908464425711232	1.0385834074331624
-43.733333333333334	0.0	-43.733333333333334	0.0	-2.356726361366558	-10.564406957477331	-0.8462297927642493	0.08910858610381839	1.0386902067421793
-42.666666666666664	0.0	-42.666666666666664	0.0	-2.29811995529058	-10.564406957477331	-0.8462236758424104	0.08911923169410631	1.0385446991225071
-41.6	0.0	-41.6	0.0	-2.2395223847080508	-10.564406957477331	-0.8462216046741391	0.08913250648764086	1.0387740514971393
-40.53333333333333	0.0	-40.53333333333333	0.0	-2.180932989042046	-10.564406957477331	-0.8462327975679593	0.08912416815734465	1.0386351973713976
-39.46666666666667	0.0	-39.46666666666667	0.0	-2.122351259629783	-10.564406957477331	-0.8462351048279514	0.08910975583097694	1.0385680400084736
-38.4	0.0	-38.4	0.0	-2.0637768240253935	-10.564406957477331	-0.8462329048823776	0.08911250308008362	1.0385821518544687
-37.333333333333336	0.0	-37.333333333333336	0.0	-2.0052094310773465	-10.564406957477331	-0.8462204671413054	0.08910510911666794	1.038534482789894
-36.266666666666666	0.0	-36.266666666666666	0.0	-1.946648936764245	-10.564406957477331	-0.8462103795859922	0.0891073197936833	1.0385194158455753
-35.2	0.0	-35.2	0.0	-1.8880952907727155	-10.564406957477331	-0.846239848125237	0.08912112042786705	1.0386327291397783
-34.13333333333333	0.0	-34.13333333333333	0.0	-1.8295485238011158	-10.564406957477331	-0.8462268416177481	0.08913749660808826	1.0388013200908104
-33.06666666666667	0.0	-33.06666666666667	0.0	-1.771008735572786	-10.564406957477331	-0.8462218300344175	0.08912901876904852	1.0386199801868932
-32.0	0.0	-32.0	0.0	-1.7124760835425616	-10.564406957477331	-0.8462383779177075	0.08913572592018752	1.0387715403397522
-30.933333333333337	0.0	-30.933333333333337	0.0	-1.6539507722802793	-10.564406957477331	-0.846229814227133	0.08912705491519493	1.0386950036966747
-29.866666666666667	0.0	-29.866666666666667	0.0	-1.5954330435149888	-10.564406957477331	-0.8462216368684643	0.0891352537367473	1.0386027562227682
-28.799999999999997	0.0	-28.799999999999997	0.0	-1.536923166823607	-10.564406957477331	-0.8462293635065764	0.08913130456615667	1.0388376030956112
-27.733333333333334	0.0	-27.733333333333334	0.0	-1.478421430947724	-10.564406957477331	-0.8462171189314575	0.08913928875887261	1.0387549817250203
-26.666666666666664	0.0	-26.666666666666664	0.0	-1.4199281357222944	-10.564406957477331	-0.8462251353184982	0.08911754685774018	1.0386026059825832
-25.6	0.0	-25.6	0.0	-1.3614435845999364	-10.564406957477331	-0.8462256718905898	0.08913887023264153	1.0386000411679868
-24.53333333333333	0.0	-24.53333333333333	0.0	-1.302968077754553	-10.564406957477331	-0.8462203598268868	0.08912953387825592	1.0384688814860323
-23.46666666666667	0.0	-23.46666666666667	0.0	-1.2445019057480127	-10.564406957477331	-0.8462212290736751	0.0891281709851445	1.0384551345090567
-22.4	0.0	-22.4	0.0	-1.1860453437435996	-10.564406957477331	-0.8462162926104362	0.08915384059398399	1.0385215943282642
-21.333333333333336	0.0	-21.333333333333336	0.0	-1.1275986462499692	-10.564406957477331	-0.8462271850238864	0.08913889169552515	1.0385479722122641
-20.266666666666666	0.0	-20.266666666666666	0.0	-1.0691620423793182	-10.564406957477331	-0.846233226825632	0.08917038847727422	1.0386134125444992
-19.200000000000003	0.0	-19.200000000000003	0.0	-1.010735731603509	-10.564406957477331	-0.8462238475454797	0.08917753561752814	1.0387881955374618
-18.133333333333333	0.0	-18.133333333333333	0.0	-0.9523198799918556	-10.564406957477331	-0.8462281186593249	0.08918597053080062	1.0389609395564783
-17.06666666666667	0.0	-17.06666666666667	0.0	-0.8939146169143085	-10.564406957477331	-0.8462209071304198	0.08917489568283977	1.0387097272348549
-16.0	0.0	-16.0	0.0	-0.8355200321937496	-10.564406957477331	-0.8462290415633218	0.08920413886180611	1.0387728817699808
-14.933333333333337	0.0	-14.933333333333337	0.0	-0.7771361736911329	-10.564406957477331	-0.8462214544339532	0.08920317303204207	1.0386898955303676
-13.866666666666674	0.0	-13.866666666666674	0.0	-0.7187630453071814	-10.564406957477331	-0.846224394849013	0.08920660709342532	1.038714771012512
-12.799999999999997	0.0	-12.799999999999997	0.0	-0.6604006053843748	-10.564406957477331	-0.8462202954382364	0.08924344813320201	1.0388469179871143
-11.733333333333334	0.0	-11.733333333333334	0.0	-0.6020487654929477	-10.564406957477331	-0.8462347614218133	0.08927038405217652	1.0387827332335733
-10.666666666666671	0.0	-10.666666666666671	0.0	-0.5437073895846136	-10.564406957477331	-0.8462361457778084	0.08929406834427883	1.0388246287824485
-9.599999999999994	0.0	-9.599999999999994	0.0	-0.4853762934977529	-10.564406957477331	-0.8462241802201761	0.08930824457892643	1.0389946255523597
-8.533333333333331	0.0	-8.533333333333331	0.0	-0.4270552447977797	-10.564406957477331	-0.8462381847517545	0.08938135789206327	1.0390671593676382
-7.466666666666669	0.0	-7.466666666666669	0.0	-0.36874396293640566	-10.564406957477331	-0.8462155521409507	0.08944926645591622	1.0391397897658923
-6.400000000000006	0.0	-6.400000000000006	0.0	-0.31044211971353775	-10.564406957477331	-0.8462272816068627	0.08944705577890072	1.0389806746779902
-5.333333333333329	0.0	-5.333333333333329	0.0	-0.2521493400255208	-10.564406957477331	-0.8462267986919813	0.08946315294163457	1.0387234098231786
-4.266666666666666	0.0	-4.266666666666666	0.0	-0.1938652028834597	-10.564406957477331	-0.8462216046741385	0.0895196325199465	1.038986501850899
-3.200000000000003	0.0	-3.200000000000003	0.0	-0.1355892426853284	-10.564406957477331	-0.8462152194662549	0.08955021712914066	1.0388294471998278
-2.13333333333334	0.0	-2.13333333333334	0.0	-0.07732095072560852	-10.564406957477331	-0.846228848397369	0.08962468260394724	1.0388856155663269
-1.0666666666666629	0.0	-1.0666666666666629	0.0	-0.01905977692616606	-10.564406957477331	-0.8462244807005473	0.08963731351097232	1.0386888760433943
0.0	0.0	0.0	0.0	0.0391948682279	-10.564406957477331	-0.8462264874801684	0.08968961855841533	1.0387358368328083
1.0666666666666629	0.0	1.0666666666666629	0.0	0.0974436115637267	-10.564406957477331	-0.8462298142271331	0.08967249117726657	1.0384145267332006
2.1333333333333258	0.0	2.1333333333333258	0.0	0.1556871149237345	-10.564406957477331	-0.8462402237257008	0.08976032802858391	1.0387207591570478
3.200000000000003	0.0	3.200000000000003	0.0	0.2139260727125422	-10.564406957477331	-0.8462403954287703	0.08976391233015259	1.0387077955753266
4.266666666666666	0.0	4.266666666666666	0.0	0.27216120930401666	-10.564406957477331	-0.8462318102753116	0.08978504253910109	1.0383839957812162
5.333333333333329	0.0	5.333333333333329	0.0	0.33039327632474647	-10.564406957477331	-0.8462212290736748	0.0898559666381062	1.0386570573183895
6.400000000000006	0.0	6.400000000000006	0.0	0.38862304983020113	-10.564406957477331	-0.8462249958097545	0.08988411521000673	1.0387584265178453
7.466666666666669	0.0	7.466666666666669	0.0	0.44685132738985966	-10.564406957477331	-0.8462279684191393	0.08990738097587797	1.0386445981144348
8.533333333333331	0.0	8.533333333333331	0.0	0.5050789250975919	-10.564406957477331	-0.846225832862217	0.08992342448140256	1.038506130320599
9.599999999999994	0.0	9.599999999999994	0.0	0.5633066745235548	-10.564406957477331	-0.846219479848658	0.08996227230080013	1.0385718818646439
10.666666666666671	0.0	10.666666666666671	0.0	0.621535419623892	-10.564406957477331	-0.8462152087348127	0.08997028868784157	1.0385052288794845
11.733333333333334	0.0	11.733333333333334	0.0	0.6797660136245051	-10.564406957477331	-0.8462304688450841	0.08999880212876402	1.0386746783458627
12.799999999999997	0.0	12.799999999999997	0.0	0.7379993158951843	-10.564406957477331	-0.8462060548149378	0.08999074281595534	1.0383801324621602
13.86666666666666	0.0	13.86666666666666	0.0	0.7962361888303604	-10.564406957477331	-0.846228429871138	0.09000971600509755	1.0382331653664005
14.933333333333337	0.0	14.933333333333337	0.0	0.8544774947527677	-10.564406957477331	-0.8462129980577964	0.0900498837918393	1.038123092967627
16.0	0.0	16.0	0.0	0.9127240928562825	-10.564406957477331	-0.8462199305692143	0.09007012329111654	1.0385588324313886
17.066666666666663	0.0	17.066666666666663	0.0	0.9709768362042303	-10.564406957477331	-0.8462206710387004	0.09010005328235952	1.03833367605051
18.133333333333326	0.0	18.133333333333326	0.0	1.0292365687994187	-10.564406957477331	-0.8462311341944774	0.09011797479020309	1.038405737682349
19.200000000000003	0.0	19.200000000000003	0.0	1.0875041227421884	-10.564406957477331	-0.8462319819783808	0.09010504340280696	1.0380068499898052
20.266666666666666	0.0	20.266666666666666	0.0	1.1457803154927464	-10.564406957477331	-0.8462268094234234	0.09016464583068932	1.0383372281577528
21.33333333333333	0.0	21.33333333333333	0.0	1.2040659472540736	-10.564406957477331	-0.8462198983748894	0.09019792403178098	1.0383661923192327
22.400000000000006	0.0	22.400000000000006	0.0	1.2623617984916657	-10.564406957477331	-0.8462233217048304	0.09020268879195018	1.0381666626214265
23.46666666666667	0.0	23.46666666666667	0.0	1.3206686276063948	-10.564406957477331	-0.8462276357444432	0.0902293993506464	1.038142860283464
24.53333333333333	0.0	24.53333333333333	0.0	1.3789871687767694	-10.564406957477331	-0.846217719892199	0.0902869628045824	1.038456808613982
25.599999999999994	0.0	25.599999999999994	0.0	1.4373181299868607	-10.564406957477331	-0.8462194047285655	0.09028734913648803	1.0382002520343312
26.66666666666667	0.0	26.66666666666667	0.0	1.4956621912561816	-10.564406957477331	-0.8462207032330262	0.09031148414914686	1.0382653489604265
27.733333333333334	0.0	27.733333333333334	0.0	1.5540200030877847	-10.564406957477331	-0.8462285693798818	0.09037219191553693	1.0383638635963566
28.799999999999997	0.0	28.799999999999997	0.0	1.6123921851508696	-10.564406957477331	-0.8462196193574013	0.09037536842231635	1.038130712291321
29.86666666666666	0.0	29.86666666666666	0.0	1.670779325214162	-10.564406957477331	-0.8462212612680006	0.0904042145379353	1.0383037353278237
30.933333333333337	0.0	30.933333333333337	0.0	1.7291819783463485	-10.564406957477331	-0.846227710864536	0.09045862294797553	1.038397646175215
32.0	0.0	32.0	0.0	1.7876006663998416	-10.564406957477331	-0.8462289771746703	0.09046686469529516	1.0382502927475494
33.06666666666666	0.0	33.06666666666666	0.0	1.8460358777941588	-10.564406957477331	-0.8462110985925946	0.090477038102143	1.038091424482808
34.133333333333326	0.0	34.133333333333326	0.0	1.9044880676151767	-10.564406957477331	-0.8462291810720654	0.0904930064875749	1.0379576785233746
35.2	0.0	35.2	0.0	1.9629576580465535	-10.564406957477331	-0.846225414335986	0.09054037507177953	1.0381306586341126
36.266666666666666	0.0	36.266666666666666	0.0	2.021445039149582	-10.564406957477331	-0.8462232680476209	0.09053113530037037	1.0382166389459937
37.33333333333333	0.0	37.33333333333333	0.0	2.079950570007767	-10.564406957477331	-0.8462202632439105	0.09055049482141818	1.0382931326633043
38.39999999999999	0.0	38.39999999999999	0.0	2.1384745802523812	-10.564406957477331	-0.846211077129711	0.09055052701574359	1.0379690323888233
39.46666666666667	0.0	39.46666666666667	0.0	2.1970173719853	-10.564406957477331	-0.8462414578415104	0.09055147138262401	1.037953171317808
40.53333333333333	0.0	40.53333333333333	0.0	2.2555792221153697	-10.564406957477331	-0.8462242982660356	0.0905724084256197	1.0382341526590486
41.599999999999994	0.0	41.599999999999994	0.0	2.3141603851246044	-10.564406957477331	-0.846232754642192	0.09058570468203786	1.0382065513906804
42.66666666666667	0.0	42.66666666666667	0.0	2.3727610962804784	-10.564406957477331	-0.846231134194477	0.09057256939724705	1.038066817286711
43.733333333333334	0.0	43.733333333333334	0.0	2.4313815753105863	-10.564406957477331	-0.8462300825131785	0.09056934996470031	1.038255197016462
44.8	0.0	44.8	0.0	2.490022030555963	-10.564406957477331	-0.8462218085715336	0.09057208648236507	1.0382125824609854
45.86666666666666	0.0	45.86666666666666	0.0	2.548682663619322	-10.564406957477331	-0.8462306405481536	0.09057031579446434	1.0381463480020567
46.93333333333334	0.0	46.93333333333334	0.0	2.607363674524507	-10.564406957477331	-0.846213180492308	0.0905715391788321	1.0380718503329243
48.0	0.0	48.0	0.0	2.6660652674034075	-10.564406957477331	-0.8462250065411961	0.09056065749682408	1.0380250075893682
49.06666666666666	0.0	49.06666666666666	0.0	2.724787656726653	-10.564406957477331	-0.8462308766398731	0.09057105626395016	1.0380841056394858
50.133333333333326	0.0	50.133333333333326	0.0	2.783531074094322	-10.564406957477331	-0.8462143287565833	0.0905757673669102	1.038085007080599
51.19999999999999	0.0	51.19999999999999	0.0	2.8422957756029708	-10.564406957477331	-0.8462215080911625	0.09060403398467066	1.0382697059258057
52.26666666666665	0.0	52.26666666666665	0.0	2.901082049805243	-10.564406957477331	-0.8462239119341306	0.09060085747789126	1.038308682522505
53.33333333333334	0.0	53.33333333333334	0.0	2.9598902262783517	-10.564406957477331	-0.8462374335508265	0.09056763293400881	1.0379477519396882
54.400000000000006	0.0	54.400000000000006	0.0	3.0187206848176857	-10.564406957477331	-0.8462230212244592	0.0905770014827198	1.0380106596516518
55.46666666666667	0.0	55.46666666666667	0.0	3.0775738652718507	-10.564406957477331	-0.8462215724798131	0.0905913064946692	1.0380915532601105
56.53333333333333	0.0	56.53333333333333	0.0	3.13645027803539	-10.564406957477331	-0.8462270455151427	0.09056686027019749	1.0381131663839414
57.599999999999994	0.0	57.599999999999994	0.0	3.195350515215478	-10.564406957477331	-0.8462131697608666	0.09058929971504838	1.038161532992235
58.66666666666666	0.0	58.66666666666666	0.0	3.2542752624888656	-10.564406957477331	-0.8462349331248822	0.0905794375200135	1.0381816866399773
59.73333333333332	0.0	59.73333333333332	0.0	3.3132253116653385	-10.564406957477331	-0.8462315956464758	0.09059395716079935	1.0383798963704403
60.80000000000001	0.0	60.80000000000001	0.0	3.372201573973985	-10.564406957477331	-0.8462417046646726	0.09057768829499642	1.0382030207463215
61.866666666666674	0.0	61.866666666666674	0.0	3.431205094088528	-10.564406957477331	-0.846240030559748	0.09058837681105171	1.0381408535038432
62.93333333333334	0.0	62.93333333333334	0.0	3.490237064908026	-10.564406957477331	-0.846218621333312	0.09059540590544542	1.038183747076807
64.0	0.0	64.0	0.0	3.549298843109189	-10.564406957477331	-0.8462141570535137	0.09055663320614064	1.0377454427984505
65.06666666666666	0.0	65.06666666666666	0.0	3.6083919654866037	-10.564406957477331	-0.8462264123600756	0.090599784333709	1.038214664360698
66.13333333333333	0.0	66.13333333333333	0.0	3.667518166097146	-10.564406957477331	-0.8462279684191399	0.09059180014099305	1.0382725282950047
67.19999999999999	0.0	67.19999999999999	0.0	3.7266793942248477	-10.564406957477331	-0.8462336560833055	0.09058979336137225	1.0382091591310436
68.26666666666665	0.0	68.26666666666665	0.0	3.7858778331825	-10.564406957477331	-0.846222989030134	0.09057803170113476	1.038062546172864
69.33333333333334	0.0	69.33333333333334	0.0	3.845115919966272	-10.564406957477331	-0.8462342355811633	0.09058750756426398	1.038032101072413
70.4	0.0	70.4	0.0	3.9043963657796077	-10.564406957477331	-0.8462197481347037	0.0905967258727896	1.0382219832040218
71.46666666666667	0.0	71.46666666666667	0.0	3.9637221774427083	-10.564406957477331	-0.8462199091063307	0.09059779901697189	1.0382400012948418
72.53333333333333	0.0	72.53333333333333	0.0	4.023096679703835	-10.564406957477331	-0.8462182886586155	0.09059315230266267	1.038197354545038
73.6	0.0	73.6	0.0	4.082523538468745	-10.564406957477331	-0.8462401700684922	0.09060419495629805	1.0382589100953323
74.66666666666666	0.0	74.66666666666666	0.0	4.142006784964515	-10.564406957477331	-0.846216893571179	0.09060314327499944	1.0384056625622555
75.73333333333332	0.0	75.73333333333332	0.0	4.201550840854042	-10.564406957477331	-0.8462298678843425	0.0905809721161941	1.0380929268846635
76.80000000000001	0.0	76.80000000000001	0.0	4.261160544317486	-10.564406957477331	-0.8462186964534049	0.09059948385333792	1.0382724317120284
77.86666666666667	0.0	77.86666666666667	0.0	4.320841177116942	-10.564406957477331	-0.8462284298711381	0.09060451689955279	1.0381953370339765
78.93333333333334	0.0	78.93333333333334	0.0	4.380598492660622	-10.564406957477331	-0.8462264230915172	0.09059418252107763	1.0383213241609714
80.0	0.0	80.0	0.0	4.440438745082791	-10.564406957477331	-0.8462268738120737	0.09057066993204449	1.0382429631727852
