Hysterese	V-MOKE
Charge	2020_0446
Sample	1
Sample State	bFC
User	Meike Reginka
Sample Angle	10.0
Magnetic Field Angle	0.0
Detektor Averages	300
Hysteresus Points	150
Magnetic Field [kA/m]	80
Hysteresis Averages	100
Polarization	p-polarization
Measurement Method	Scan Both Angles
Max Voltage Correction	No
Training Effect Elimination	No
Magnetic field [kA/m]	Magnetic field transversal [kA/m]	Magnetic field longitudinal [kA/m]	Magnetic field transversal [V]	Magnetic field longitudinal [V]	Detector diff transversal [V]	Detector diff longitudinal [V]	Detector raw transversal [V]	Detector raw longitudinal [V]
80.0	0.0	80.0	0.0	4.381030188287403	-10.564368850127426	-0.8456422248615827	0.08340706764648782	1.0168794204846874
78.93333333333334	0.0	78.93333333333334	0.0	4.319818714176459	-10.56438815599126	-0.8463152043097146	0.08342507500586603	1.0168760186176298
77.86666666666666	0.0	77.86666666666666	0.0	4.258793669369702	-10.564367047245193	-0.8462992359242828	0.08341207922981896	1.0166437365593821
76.8	0.0	76.8	0.0	4.197942654193435	-10.564358333314438	-0.846299933468001	0.08342013854262768	1.0168626901668865
75.73333333333333	0.0	75.73333333333333	0.0	4.137253993604595	-10.564365598500547	-0.8463044943307758	0.08343017244073168	1.0168418389754257
74.66666666666667	0.0	74.66666666666667	0.0	4.0767167056162315	-10.564367959417746	-0.8463101283377326	0.08342769347767076	1.0168319445860647
73.6	0.0	73.6	0.0	4.0163204706037074	-10.5643615312841	-0.8463151721153888	0.08343310212434933	1.0168568200682104
72.53333333333333	0.0	72.53333333333333	0.0	3.9560556014798554	-10.56437928108887	-0.8463049557827743	0.08341095242842758	1.0168406370539413
71.46666666666667	0.0	71.46666666666667	0.0	3.89591301472721	-10.564386578469312	-0.8463253884480041	0.08340656326872224	1.016739579066299
70.4	0.0	70.4	0.0	3.8358842022755653	-10.564345262418286	-0.8462875923099057	0.08339616450159619	1.016709488103429
69.33333333333333	0.0	69.33333333333333	0.0	3.775961204212982	-10.564360007419362	-0.8463060181955143	0.08340737885830073	1.0166969323164965
68.26666666666667	0.0	68.26666666666667	0.0	3.716136582318465	-10.564378465499294	-0.8463157086874804	0.08338614133493394	1.016487883829794
67.2	0.0	67.2	0.0	3.6564033944044745	-10.564371393479128	-0.8463055567435163	0.08339061634617391	1.0165558889766229
66.13333333333333	0.0	66.13333333333333	0.0	3.596755169457454	-10.564356262146166	-0.8462975081621492	0.08340766860722992	1.0167322172972082
65.06666666666666	0.0	65.06666666666666	0.0	3.5371858835645753	-10.564365630694875	-0.8462926360875619	0.08342222044234125	1.0167140596976443
64.0	0.0	64.0	0.0	3.4776899366148504	-10.564367229679709	-0.8463110405102876	0.08342995781189534	1.0168506816834866
62.93333333333334	0.0	62.93333333333334	0.0	3.4182621297628257	-10.564359653281777	-0.8462994934788866	0.08339289141184036	1.0166384996157736
61.86666666666667	0.0	61.86666666666667	0.0	3.3588976436430196	-10.564377070411856	-0.8463101068748492	0.08340896711169046	1.0167111300140275
60.8	0.0	60.8	0.0	3.2995920173232944	-10.564364643402234	-0.8462895776266423	0.08339792445805508	1.0166431677929648
59.733333333333334	0.0	59.733333333333334	0.0	3.2403411279853396	-10.564353665137244	-0.8463037967870575	0.08340034976390694	1.0166015190672522
58.66666666666667	0.0	58.66666666666667	0.0	3.181141171320454	-10.564366939930778	-0.8463146248118569	0.08341943026746737	1.0166346255652747
57.6	0.0	57.6	0.0	3.121988642628807	-10.564352903204865	-0.8463142492113928	0.08339860053888995	1.0168049120841132
56.53333333333333	0.0	56.53333333333333	0.0	3.062880318610361	-10.564364375116174	-0.8463060825841656	0.0834373839696365	1.016898586839783
55.46666666666667	0.0	55.46666666666667	0.0	3.003813239835633	-10.56437212321717	-0.8463065333047226	0.0834122938586554	1.0167865076613878
54.4	0.0	54.4	0.0	2.9447846938844906	-10.564375138752327	-0.8463051704116105	0.08339018708850097	1.0167018902426173
53.33333333333333	0.0	53.33333333333333	0.0	2.885792199141142	-10.564358730377784	-0.8463053528461217	0.08340583353067828	1.01660539311775
52.266666666666666	0.0	52.266666666666666	0.0	2.8268334892335334	-10.564370985684343	-0.8463134872790231	0.08339314896644401	1.0165409937353727
51.2	0.0	51.2	0.0	2.7679064981053	-10.56438120201695	-0.8462986671578665	0.08341027634759274	1.0166984883755603
50.13333333333333	0.0	50.13333333333333	0.0	2.7090093457084867	-10.564385387279271	-0.8463014466012982	0.08340237800641143	1.0167460501257182
49.06666666666666	0.0	49.06666666666666	0.0	2.6501403243051973	-10.564364546819252	-0.8463099029774545	0.08337489478390393	1.0166238404662429
48.0	0.0	48.0	0.0	2.591297885366365	-10.564350070104226	-0.8463011568523693	0.08340751836704438	1.0165694427876437
46.93333333333334	0.0	46.93333333333334	0.0	2.532480627055822	-10.564365823860822	-0.8463138843423702	0.08340166973125107	1.0164827327377182
45.86666666666667	0.0	45.86666666666667	0.0	2.4736872822878553	-10.564359642550333	-0.8462990856840977	0.08338158047215932	1.0164711642434334
44.8	0.0	44.8	0.0	2.4149167073464275	-10.564350671064973	-0.8463119419514008	0.08338630230656131	1.0164553782925123
43.733333333333334	0.0	43.733333333333334	0.0	2.356167871054244	-10.564344296588525	-0.8463080035122518	0.08338160193504297	1.0165207113103287
42.666666666666664	0.0	42.666666666666664	0.0	2.2974398444798476	-10.564360104002331	-0.8463059430754221	0.08341945173035102	1.0167120743809068
41.6	0.0	41.6	0.0	2.2387317911709355	-10.56436260442828	-0.8462927219390963	0.08339012269985015	1.0166923499908376
40.53333333333333	0.0	40.53333333333333	0.0	2.1800429579020566	-10.564371693959501	-0.8463034104551519	0.08338617352925942	1.0165330739313072
39.46666666666667	0.0	39.46666666666667	0.0	2.1213726659248966	-10.564361767375818	-0.8463007061318127	0.08340978270126892	1.0165238019655733
38.4	0.0	38.4	0.0	2.0627203027093186	-10.564367229679704	-0.8463052133373778	0.08341243336739909	1.0167237609210527
37.333333333333336	0.0	37.333333333333336	0.0	2.0040853141633432	-10.56435477047575	-0.8463040650731033	0.08338427406405682	1.0165564684744808
36.266666666666666	0.0	36.266666666666666	0.0	1.9454671973202513	-10.564341527876543	-0.8463033246036175	0.08338555110563366	1.016621093217137
35.2	0.0	35.2	0.0	1.8868654934810003	-10.564342246883143	-0.8463040650731033	0.08341408600943977	1.0166692130022676
34.13333333333333	0.0	34.13333333333333	0.0	1.8282797818001153	-10.564354845595844	-0.8463033246036172	0.08340697106351148	1.0167475632590146
33.06666666666667	0.0	33.06666666666667	0.0	1.7697096733032631	-10.564346764820147	-0.8462999978566523	0.08339655083350175	1.0165186186791724
32.0	0.0	32.0	0.0	1.7111548053246695	-10.564375331918278	-0.8463122424317717	0.08338466039596241	1.0164769377591347
30.933333333333337	0.0	30.933333333333337	0.0	1.652614836352576	-10.564359427921502	-0.8463103000408019	0.08340522183849439	1.0166161996796652
29.866666666666667	0.0	29.866666666666667	0.0	1.5940894412709112	-10.564377596252505	-0.8463121995060046	0.08342166240736645	1.0168255486467392
28.799999999999997	0.0	28.799999999999997	0.0	1.5355783069853621	-10.564352881741994	-0.8462946535986249	0.08339950198000307	1.0167867974103182
27.733333333333334	0.0	27.733333333333334	0.0	1.4770811284220267	-10.564366993587983	-0.8463166637858025	0.08338710716469794	1.016681682937667
26.666666666666664	0.0	26.666666666666664	0.0	1.4185976048868278	-10.56435090715669	-0.8462948253016941	0.08337405773144178	1.0165177601638278
25.6	0.0	25.6	0.0	1.360127436773878	-10.56433201981908	-0.8463045372565435	0.08338872761241316	1.016712128038117
24.53333333333333	0.0	24.53333333333333	0.0	1.3016703226109647	-10.564370363260721	-0.8462920458582616	0.08339742008028939	1.016776216208681
23.46666666666667	0.0	23.46666666666667	0.0	1.243225956430354	-10.564331569098531	-0.8463050738286342	0.08338459600731149	1.016685599913931
22.4	0.0	22.4	0.0	1.1847940254530787	-10.564359921567824	-0.8462955443082957	0.08341873272374899	1.0167868939932934
21.333333333333336	0.0	21.333333333333336	0.0	1.1263742080749082	-10.564353632942915	-0.8462949862733212	0.08338931784171337	1.016631996362028
20.266666666666666	0.0	20.266666666666666	0.0	1.0679661721421683	-10.564348868182744	-0.8463111263618218	0.08340521110705257	1.0167951035462888
19.200000000000003	0.0	19.200000000000003	0.0	1.0095695735056076	-10.564369966197376	-0.8462866586744673	0.08335494503355585	1.0165136714844922
18.133333333333333	0.0	18.133333333333333	0.0	0.9511840548404781	-10.564345112178108	-0.8462927541334218	0.0833809043913245	1.016545758495542
17.06666666666667	0.0	17.06666666666667	0.0	0.8928092447210244	-10.564348020398839	-0.8462920887840292	0.08336613792737674	1.0165979776914507
16.0	0.0	16.0	0.0	0.8344447569375557	-10.56435886988652	-0.8462934838714661	0.08336733984886086	1.016558174773731
14.933333333333337	0.0	14.933333333333337	0.0	0.7760901900442883	-10.564373872442193	-0.8463048699312395	0.08339627181601436	1.016683636060077
13.866666666666674	0.0	13.866666666666674	0.0	0.7177451271261349	-10.564368259898115	-0.8462956408912724	0.08336107268683651	1.0167391605400669
12.799999999999997	0.0	12.799999999999997	0.0	0.6594091357726295	-10.564342955158297	-0.8462938487404879	0.08335318507709692	1.0167119456036056
11.733333333333334	0.0	11.733333333333334	0.0	0.6010817682471681	-10.564369225727882	-0.8462975618193589	0.08333964199751692	1.0166682686353883
10.666666666666671	0.0	10.666666666666671	0.0	0.5427625618397398	-10.564376898708785	-0.8463054494290979	0.08338303994824718	1.0169213804222141
9.599999999999994	0.0	9.599999999999994	0.0	0.4844510393913435	-10.56437487046628	-0.8462967354983387	0.08335181145254365	1.0168921801690152
8.533333333333331	0.0	8.533333333333331	0.0	0.4261467099782665	-10.564387082847071	-0.8463016504986929	0.08333721669166508	1.0167693266230295
7.466666666666669	0.0	7.466666666666669	0.0	0.36784906974439924	-10.564373808053542	-0.8463055889378418	0.08336120146413836	1.0167735870054344
6.400000000000006	0.0	6.400000000000006	0.0	0.30955760286978407	-10.56435787186244	-0.8463106434469404	0.08333211925679937	1.016790832432443
5.333333333333329	0.0	5.333333333333329	0.0	0.25127178266356687	-10.564355210464857	-0.8463000193195361	0.08332454285887261	1.0168999175385693
4.266666666666666	0.0	4.266666666666666	0.0	0.19299107276954444	-10.564374033413813	-0.8463147965149251	0.08331648354606391	1.0169501192234143
3.200000000000003	0.0	3.200000000000003	0.0	0.13471492847247593	-10.56437621189651	-0.8462858645477723	0.08329826155784927	1.0168562513017922
2.13333333333334	0.0	2.13333333333334	0.0	0.07644279809335723	-10.564361456164006	-0.8463038289813828	0.083288120345327	1.016977527325829
1.0666666666666629	0.0	1.0666666666666629	0.0	0.018174124461827576	-10.564390999823337	-0.8463106327154983	0.08326092687174867	1.0168498124366987
0.0	0.0	0.0	0.0	-0.0400916535461	-10.564381191285518	-0.8463017470816694	0.08324191075683915	1.0166231107281987
-1.0666666666666629	0.0	-1.0666666666666629	0.0	-0.09835509941681445	-10.564368313555333	-0.8463001910226053	0.08324155661925906	1.0169036950060897
-2.1333333333333258	0.0	-2.1333333333333258	0.0	-0.156616777366191	-10.564360447408472	-0.8463130258270247	0.08324001129163656	1.0170083694896273
-3.200000000000003	0.0	-3.200000000000003	0.0	-0.21487725067681432	-10.56438011814133	-0.8463094307940142	0.0831743026733573	1.0169264563941969
-4.266666666666666	0.0	-4.266666666666666	0.0	-0.27313708001714876	-10.564371479330664	-0.8463003305313489	0.08316506290194814	1.016767330574852
-5.333333333333329	0.0	-5.333333333333329	0.0	-0.331396821754486	-10.564387640882048	-0.8463146999319493	0.08316388244334764	1.0168443823271376
-6.400000000000006	0.0	-6.400000000000006	0.0	-0.3896570262734731	-10.564382157115276	-0.8463001159025125	0.08311794114090543	1.0167954040266596
-7.466666666666669	0.0	-7.466666666666669	0.0	-0.4479182363120456	-10.564375299723952	-0.846300609548836	0.08310066351957111	1.0170108055269207
-8.533333333333331	0.0	-8.533333333333331	0.0	-0.506180985326591	-10.564379034265706	-0.8462945462842063	0.08308449123674459	1.016855639609609
-9.599999999999994	0.0	-9.599999999999994	0.0	-0.564445795898144	-10.56437802551018	-0.8463123282833067	0.08305385297034139	1.016880547286079
-10.666666666666671	0.0	-10.666666666666671	0.0	-0.6227131781914472	-10.56437245589187	-0.8463017148873437	0.08301005795626358	1.01684010048185
-11.733333333333334	0.0	-11.733333333333334	0.0	-0.6809836284786798	-10.564366832616363	-0.8463035070381282	0.08301729094805194	1.01702581881403
-12.799999999999997	0.0	-12.799999999999997	0.0	-0.7392576277396917	-10.564387823316558	-0.8463006202802782	0.08296669219985875	1.016882210659562
-13.86666666666666	0.0	-13.86666666666666	0.0	-0.7975356403505398	-10.564381792246254	-0.8462990105640048	0.08296018894611434	1.0168451657223898
-14.933333333333337	0.0	-14.933333333333337	0.0	-0.8558181128721578	-10.564387640882046	-0.8462899746899901	0.08290716489206926	1.0168019394747296
-16.0	0.0	-16.0	0.0	-0.9141054729509707	-10.56439888743308	-0.8463019509790639	0.08288997312226956	1.0168973205296477
-17.066666666666663	0.0	-17.066666666666663	0.0	-0.9723981283432802	-10.56439860841559	-0.8463163096482227	0.08284910779180941	1.0170042593474087
-18.133333333333326	0.0	-18.133333333333326	0.0	-1.0306964660752267	-10.564399295227867	-0.8463017900074367	0.08280064460053886	1.016804600872301
-19.200000000000003	0.0	-19.200000000000003	0.0	-1.0890008517501555	-10.564390076919347	-0.8463053743090049	0.08279173750382621	1.0168261710703645
-20.266666666666666	0.0	-20.266666666666666	0.0	-1.147311629015197	-10.564387072115633	-0.8463011353894855	0.08278065192442349	1.0169705626200853
-21.33333333333333	0.0	-21.33333333333333	0.0	-1.2056291191988913	-10.564395614343326	-0.8463216646376921	0.0827644581787133	1.0170052037142896
-22.400000000000006	0.0	-22.400000000000006	0.0	-1.263953621131659	-10.564391869070134	-0.8462861113709337	0.08270748495407751	1.0168954854530958
-23.46666666666667	0.0	-23.46666666666667	0.0	-1.322285411160945	-10.564398425981079	-0.8463141097026488	0.08268006612022097	1.0167985161447874
-24.53333333333333	0.0	-24.53333333333333	0.0	-1.3806247433728562	-10.564381931755001	-0.8463001373653966	0.08267519404563357	1.0169089748754667
-25.599999999999994	0.0	-25.599999999999994	0.0	-1.438971850032102	-10.564390441788362	-0.8463139058052539	0.08263580965414491	1.0168551674261692
-26.66666666666667	0.0	-26.66666666666667	0.0	-1.497326942252062	-10.564393832923981	-0.8463071128025806	0.08259487993503374	1.0168441247725337
-27.733333333333334	0.0	-27.733333333333334	0.0	-1.555690210906793	-10.56440174199661	-0.8463164384255242	0.0825626534152407	1.0168099236674455
-28.799999999999997	0.0	-28.799999999999997	0.0	-1.614061827796803	-10.564390967629015	-0.8462961667319213	0.08257126003158238	1.016832781638527
-29.86666666666666	0.0	-29.86666666666666	0.0	-1.6724419470803977	-10.564391450543894	-0.846305299188912	0.08252359096700677	1.016662838525826
-30.933333333333337	0.0	-30.933333333333337	0.0	-1.7308307069824265	-10.564400218131865	-0.8463052026059362	0.08253892619737112	1.0169923152526616
-32.0	0.0	-32.0	0.0	-1.7892282317922377	-10.564402868797997	-0.8463020904878077	0.08248206028715355	1.0171390247938168
-33.06666666666666	0.0	-33.06666666666666	0.0	-1.8476346341626735	-10.564402192717164	-0.8463032602149663	0.08245439463013517	1.0168473978622896
-34.133333333333326	0.0	-34.133333333333326	0.0	-1.9060500177219062	-10.56439685919058	-0.8463127468095373	0.08244762309034509	1.0169320367439445
-35.2	0.0	-35.2	0.0	-1.9644744800099465	-10.564397771363128	-0.8463203232074642	0.08241620142868873	1.0170531732592354
-36.266666666666666	0.0	-36.266666666666666	0.0	-2.0229081157516333	-10.564396365544253	-0.846312746809537	0.08241047083875552	1.0170727688720047
-37.33333333333333	0.0	-37.33333333333333	0.0	-2.0813510204779293	-10.564405165326546	-0.846309183970852	0.08236730897974535	1.0170980092231714
-38.39999999999999	0.0	-38.39999999999999	0.0	-2.139803294507338	-10.56439727771681	-0.8463105146696386	0.08232130328865216	1.0168481061374492
-39.46666666666667	0.0	-39.46666666666667	0.0	-2.1982650472992535	-10.564399413273726	-0.8463069625623946	0.08228356080776239	1.0170222989011137
-40.53333333333333	0.0	-40.53333333333333	0.0	-2.256736402191068	-10.564397385031228	-0.8463194646921185	0.08228687682328546	1.0171187745630972
-41.599999999999994	0.0	-41.599999999999994	0.0	-2.315217501530861	-10.564397481614202	-0.8462978515682881	0.08226752803367952	1.0171601013455562
-42.66666666666667	0.0	-42.66666666666667	0.0	-2.37370851221747	-10.564404049256602	-0.8462977549853113	0.082206788072964	1.0169721723363603
-43.733333333333334	0.0	-43.733333333333334	0.0	-2.432209631659771	-10.5644026649006	-0.8463113087963337	0.08220235598749134	1.0172048621893972
-44.8	0.0	-44.8	0.0	-2.4907210941669966	-10.564400872749818	-0.8463095917656418	0.08216708173822065	1.0171238827294053
-45.86666666666666	0.0	-45.86666666666666	0.0	-2.549243177781886	-10.5644001752061	-0.8463168032945465	0.08215046946627941	1.01714352126794
-46.93333333333334	0.0	-46.93333333333334	0.0	-2.6077762115685053	-10.564405433612592	-0.8463160198992934	0.08213115287099888	1.0172251982716511
-48.0	0.0	-48.0	0.0	-2.666320583366545	-10.564403791701988	-0.8463058035666781	0.08208358038939961	1.0171112732852623
-49.06666666666666	0.0	-49.06666666666666	0.0	-2.724876748023921	-10.564403695119013	-0.8463047948111466	0.08211082752018697	1.017081021350766
-50.133333333333326	0.0	-50.133333333333326	0.0	-2.7834452361194826	-10.564406281396495	-0.8462993539701432	0.08210011754124814	1.0172911966388598
-51.19999999999999	0.0	-51.19999999999999	0.0	-2.842026663187659	-10.564401452247669	-0.8463150862638551	0.08208559790046216	1.017218705749348
-52.26666666666665	0.0	-52.26666666666665	0.0	-2.9006217394568647	-10.56440322293558	-0.8463037216669643	0.0820918006738357	1.0174386895752685
-53.33333333333334	0.0	-53.33333333333334	0.0	-2.9592312801134577	-10.564399745948428	-0.8463102571150339	0.0820570522652144	1.0172559009267057
-54.400000000000006	0.0	-54.400000000000006	0.0	-3.0178562161030937	-10.564400089354567	-0.8463184130108198	0.08205304943741452	1.0173023036811462
-55.46666666666667	0.0	-55.46666666666667	0.0	-3.076497605481298	-10.564398876701649	-0.8463020368305988	0.0820488856379874	1.017237990150304
-56.53333333333333	0.0	-56.53333333333333	0.0	-3.135156645325031	-10.564402300031581	-0.8462890947117604	0.08206968317223948	1.0173199354400615
-57.599999999999994	0.0	-57.599999999999994	0.0	-3.193834684217122	-10.564404049256602	-0.8463037323984065	0.08203743518956276	1.0172715581003249
-58.66666666666666	0.0	-58.66666666666666	0.0	-3.25253323531534	-10.56440682870003	-0.8463217934149945	0.08202630668439286	1.0172825149024256
-59.73333333333332	0.0	-59.73333333333332	0.0	-3.311253990017958	-10.56439759966006	-0.8463205485677424	0.08204042926183129	1.017269626440797
-60.80000000000001	0.0	-60.80000000000001	0.0	-3.3699988322376004	-10.564396118721081	-0.8463128970497228	0.0820373922637955	1.017420982696262
-61.866666666666674	0.0	-61.866666666666674	0.0	-3.4287698532951953	-10.564405036549246	-0.8463022085336677	0.08201895564674436	1.017328434741984
-62.93333333333334	0.0	-62.93333333333334	0.0	-3.4875693674458788	-10.564404650217341	-0.8463024231625041	0.08203968879234548	1.01739965932136
-64.0	0.0	-64.0	0.0	-3.546399928048623	-10.564401312738935	-0.8463062113614681	0.08201670204396164	1.017379398359201
-65.06666666666666	0.0	-65.06666666666666	0.0	-3.605264344391439	-10.564404006330829	-0.8463054816234233	0.08200528378986251	1.0172433666026572
-66.13333333333333	0.0	-66.13333333333333	0.0	-3.6641656991839646	-10.564404349736968	-0.8463151399210638	0.0820437452773544	1.0173661128342233
-67.19999999999999	0.0	-67.19999999999999	0.0	-3.723107366729244	-10.564406957477331	-0.8463014036755311	0.08203153289656034	1.0173429007255606
-68.26666666666665	0.0	-68.26666666666665	0.0	-3.782093031786535	-10.564401065915767	-0.8463065118418385	0.08203384015655224	1.0176207270229052
-69.33333333333334	0.0	-69.33333333333334	0.0	-3.8411267091369456	-10.564397148939504	-0.846326923044185	0.08201340749132215	1.017320547132244
-70.4	0.0	-70.4	0.0	-3.9002127638637214	-10.564399756679865	-0.8463112444076819	0.08204446428395654	1.0173475259769869
-71.46666666666667	0.0	-71.46666666666667	0.0	-3.959355932359017	-10.564402385883113	-0.8463185739824475	0.08200567012176813	1.0172512649438388
-72.53333333333333	0.0	-72.53333333333333	0.0	-4.018561344068946	-10.564400819092613	-0.8463026055970151	0.0820168415527054	1.0173313322312763
-73.6	0.0	-73.6	0.0	-4.077834543988736	-10.56440416730246	-0.8463166208600359	0.08201592938015047	1.017311210777859
-74.66666666666666	0.0	-74.66666666666666	0.0	-4.137181515919814	-10.564400926407023	-0.8463033353350587	0.08205702007088884	1.0175343281847915
-75.73333333333332	0.0	-75.73333333333332	0.0	-4.19660870650064	-10.564403147815488	-0.8463227377818741	0.08204180288638453	1.0175985451326581
-76.80000000000001	0.0	-76.80000000000001	0.0	-4.256123050023082	-10.564400121548891	-0.8463002876055811	0.08206126972185063	1.0175887151319463
-77.86666666666667	0.0	-77.86666666666667	0.0	-4.315731994046186	-10.5644026649006	-0.8463142706742766	0.08206496133783758	1.0177553529605678
-78.93333333333334	0.0	-78.93333333333334	0.0	-4.375443525819141	-10.564392148087615	-0.8463103644294527	0.08203737080091184	1.0174861332795664
-80.0	0.0	-80.0	0.0	-4.435266199525242	-10.564402310763022	-0.8463027773000839	0.08206469305179198	1.0175998758314428
-80.0	0.0	-80.0	0.0	-4.380060909566294	-10.564400400566374	-0.8456414736606552	0.08204085851950418	1.0175173725067106
-78.93333333333334	0.0	-78.93333333333334	0.0	-4.318197730509417	-10.564403866822085	-0.8462974330420568	0.08200833151934006	1.0174302439305538
-77.86666666666666	0.0	-77.86666666666666	0.0	-4.256627645195748	-10.564402890260881	-0.8462987530094008	0.08201809713139857	1.0174868522861686
-76.8	0.0	-76.8	0.0	-4.195328882143961	-10.564403083426834	-0.846294739450159	0.08204847784319816	1.017541174844674
-75.73333333333333	0.0	-75.73333333333333	0.0	-4.1342809326230165	-10.564404414125615	-0.8463097098115017	0.0820464603321355	1.0176480814681101
-74.66666666666667	0.0	-74.66666666666667	0.0	-4.073464498932334	-10.564403641461809	-0.8463104395495457	0.08200086243583156	1.0172016642197343
-73.6	0.0	-73.6	0.0	-4.012861444010001	-10.56439869426713	-0.8463139594624631	0.08200942612640601	1.0173189374159712
-72.53333333333333	0.0	-72.53333333333333	0.0	-3.9524547423527756	-10.5644058199445	-0.8462993647015848	0.08202909685926663	1.017333328279455
-71.46666666666667	0.0	-71.46666666666667	0.0	-3.8922284322315646	-10.564405723361524	-0.8462908010110103	0.0820358362047313	1.0174047674876676
-70.4	0.0	-70.4	0.0	-3.832167569186148	-10.564405047280689	-0.8463071879226733	0.0820208980377142	1.0173936282510552
-69.33333333333333	0.0	-69.33333333333333	0.0	-3.7722581807828357	-10.564401634682186	-0.8463024875511551	0.08202340919510082	1.0172997710608749
-68.26666666666667	0.0	-68.26666666666667	0.0	-3.712487222618799	-10.564405530195568	-0.8462983344831697	0.08205772834604916	1.0174196198031502
-67.2	0.0	-67.2	0.0	-3.652842535556789	-10.564403899016416	-0.8463099029774545	0.08203024512354169	1.01747137754706
-66.13333333333333	0.0	-66.13333333333333	0.0	-3.5933128041739804	-10.564404607291568	-0.846296638915362	0.08202279750291691	1.0172773852732342
-65.06666666666666	0.0	-65.06666666666666	0.0	-3.533887516408651	-10.564406957477331	-0.8463089908049	0.08200756958697068	1.0171797935413003
-64.0	0.0	-64.0	0.0	-3.474556924388418	-10.564402568317627	-0.8462981198543328	0.08200725837515785	1.0171898381708455
-62.93333333333334	0.0	-62.93333333333334	0.0	-3.4153120064237723	-10.564398619147036	-0.8462964779437345	0.08203884100844157	1.0172398681526225
-61.86666666666667	0.0	-61.86666666666667	0.0	-3.356144430150613	-10.564406732117055	-0.8463075205973702	0.08201358992583309	1.0172628441695653
-60.8	0.0	-60.8	0.0	-3.2970465168055205	-10.564397331374018	-0.8463161057508275	0.08200803103896911	1.0172855733633448
-59.733333333333334	0.0	-59.733333333333334	0.0	-3.2380112066174873	-10.564406957477331	-0.8463064474531877	0.08201233434713989	1.0172761404259827
-58.66666666666667	0.0	-58.66666666666667	0.0	-3.179032025299821	-10.56440243954032	-0.8463105790582891	0.08202805590940987	1.0173690639807242
-57.6	0.0	-57.6	0.0	-3.1201030516259602	-10.564400153743213	-0.8463089586105741	0.08200862126826934	1.0173580857157396
-56.53333333333333	0.0	-56.53333333333333	0.0	-3.061218886072913	-10.564406946745889	-0.8463008671034403	0.08203592205626575	1.0175050635429408
-55.46666666666667	0.0	-55.46666666666667	0.0	-3.002374620516045	-10.56440605603622	-0.8462973793848476	0.08206516523523216	1.0176356115327119
-54.4	0.0	-54.4	0.0	-2.943565808958942	-10.564402900992325	-0.8463017900074365	0.08201939563585908	1.0173369233124658
-53.33333333333333	0.0	-53.33333333333333	0.0	-2.884788439282071	-10.564400067891686	-0.8463121136544703	0.0820044467374003	1.0171895269590339
-52.266666666666666	0.0	-52.266666666666666	0.0	-2.826038905993961	-10.564405573121338	-0.8463145496917638	0.08201566109410485	1.017293986813734
-51.2	0.0	-51.2	0.0	-2.7673139839686236	-10.564406034573334	-0.846318198381983	0.08201064951077376	1.0171595755049063
-50.13333333333333	0.0	-50.13333333333333	0.0	-2.7086108031529483	-10.56439718113383	-0.8463057284465855	0.08202408527593562	1.0170958951291325
-49.06666666666666	0.0	-49.06666666666666	0.0	-2.649926824227785	-10.564397578197179	-0.846303056317572	0.08200932954342954	1.0172693044975412
-48.0	0.0	-48.0	0.0	-2.591259815206436	-10.564404703874555	-0.8463135409362325	0.0820357181588712	1.0172990305913903
-46.93333333333334	0.0	-46.93333333333334	0.0	-2.532607828954294	-10.564404725337429	-0.8463034104551519	0.08197993612427766	1.017126071943537
-45.86666666666667	0.0	-45.86666666666667	0.0	-2.473969181613334	-10.56440593799036	-0.8463103429665696	0.08200363114782176	1.0171493591722927
-44.8	0.0	-44.8	0.0	-2.415342431915193	-10.5643972240596	-0.8462997081077229	0.0819932323806958	1.01707109476708
-43.733333333333334	0.0	-43.733333333333334	0.0	-2.356726361366558	-10.564399026941823	-0.8463038826385919	0.08199626937873157	1.0172400613185753
-42.666666666666664	0.0	-42.666666666666664	0.0	-2.29811995529058	-10.564405862870267	-0.8463026163284562	0.08198466869012139	1.0168717153094604
-41.6	0.0	-41.6	0.0	-2.2395223847080508	-10.56440416730246	-0.8463049021255651	0.08201878394367525	1.017220809111946
-40.53333333333333	0.0	-40.53333333333333	0.0	-2.180932989042046	-10.564405551658453	-0.8462837504537326	0.08199903809072179	1.0171114557197745
-39.46666666666667	0.0	-39.46666666666667	0.0	-2.122351259629783	-10.56439860841559	-0.8462969608586167	0.08202150972989818	1.0172352536326392
-38.4	0.0	-38.4	0.0	-2.0637768240253935	-10.564403244398461	-0.8462951043191812	0.08197902395172278	1.0171421369119449
-37.333333333333336	0.0	-37.333333333333336	0.0	-2.0052094310773465	-10.56440131273893	-0.8463138199537196	0.08197447382039004	1.017060975017442
-36.266666666666666	0.0	-36.266666666666666	0.0	-1.946648936764245	-10.564403394638648	-0.8463033567979426	0.08198950857038342	1.0170648490679384
-35.2	0.0	-35.2	0.0	-1.8880952907727155	-10.564404070719485	-0.846304601645194	0.08203564303877839	1.0172080494276197
-34.13333333333333	0.0	-34.13333333333333	0.0	-1.8295485238011158	-10.56440211759707	-0.8462896527467353	0.08201855858339696	1.0171629129833135
-33.06666666666667	0.0	-33.06666666666667	0.0	-1.771008735572786	-10.56440571263008	-0.8462943745811374	0.08202246482822032	1.0172828046513558
-32.0	0.0	-32.0	0.0	-1.7124760835425616	-10.564406227739287	-0.8462928829107238	0.08200551988158265	1.0172087898971043
-30.933333333333337	0.0	-30.933333333333337	0.0	-1.6539507722802793	-10.564406957477331	-0.8463119956086098	0.08198656815532405	1.0170673816882092
-29.866666666666667	0.0	-29.866666666666667	0.0	-1.5954330435149888	-10.564404349736968	-0.8463008134462308	0.08200893248008216	1.0170637651923158
-28.799999999999997	0.0	-28.799999999999997	0.0	-1.536923166823607	-10.564402589780508	-0.8463159662420842	0.08201596157447591	1.017149627458337
-27.733333333333334	0.0	-27.733333333333334	0.0	-1.478421430947724	-10.564402761483578	-0.8463023265795276	0.0820110680370048	1.017044609568662
-26.666666666666664	0.0	-26.666666666666664	0.0	-1.4199281357222944	-10.56440453217148	-0.846308915684807	0.0819817175436203	1.0168281027298924
-25.6	0.0	-25.6	0.0	-1.3614435845999364	-10.564402654169163	-0.8462963062406653	0.0819942625991108	1.0169872822064463
-24.53333333333333	0.0	-24.53333333333333	0.0	-1.302968077754553	-10.564403448295856	-0.8463102571150348	0.0820355571872438	1.0171940234331565
-23.46666666666667	0.0	-23.46666666666667	0.0	-1.2445019057480127	-10.564399982040152	-0.8463028738830606	0.08200555207590803	1.0170284050915093
-22.4	0.0	-22.4	0.0	-1.1860453437435996	-10.564406957477331	-0.8463021656079005	0.08201912734981356	1.017045135409312
-21.333333333333336	0.0	-21.333333333333336	0.0	-1.1275986462499692	-10.564398812312989	-0.8463058572238874	0.08201380455466958	1.0169541113197726
-20.266666666666666	0.0	-20.266666666666666	0.0	-1.0691620423793182	-10.564405122400775	-0.8462982164373096	0.08202821688103726	1.0170384926468234
-19.200000000000003	0.0	-19.200000000000003	0.0	-1.010735731603509	-10.564406957477331	-0.8463096776171765	0.08202883930466286	1.0168342733089413
-18.133333333333333	0.0	-18.133333333333333	0.0	-0.9523198799918556	-10.564403866822085	-0.8463081752153214	0.08200049756680962	1.0168619818917262
-17.06666666666667	0.0	-17.06666666666667	0.0	-0.8939146169143085	-10.564400647389538	-0.8463133263073962	0.08201351480574035	1.0169173561315308
-16.0	0.0	-16.0	0.0	-0.8355200321937496	-10.56440328732423	-0.8463179515588213	0.08203847613941954	1.017000020427889
-14.933333333333337	0.0	-14.933333333333337	0.0	-0.7771361736911329	-10.564402085402746	-0.8463023695052952	0.08205648349879778	1.017010698212503
-13.866666666666674	0.0	-13.866666666666674	0.0	-0.7187630453071814	-10.564405852138826	-0.8463068874423019	0.08206545498416133	1.017000642851515
-12.799999999999997	0.0	-12.799999999999997	0.0	-0.6604006053843748	-10.564406399442362	-0.8463168247574301	0.08207745273611898	1.0170201633441904
-11.733333333333334	0.0	-11.733333333333334	0.0	-0.6020487654929477	-10.564406957477331	-0.8463105146696387	0.08208195994168445	1.0168335972281053
-10.666666666666671	0.0	-10.666666666666671	0.0	-0.5437073895846136	-10.56440375950767	-0.8463057284465857	0.08213649712902647	1.0171393896628391
-9.599999999999994	0.0	-9.599999999999994	0.0	-0.4853762934977529	-10.564406957477331	-0.8462936126487675	0.08215681174839656	1.0169364366350906
-8.533333333333331	0.0	-8.533333333333331	0.0	-0.4270552447977797	-10.564397492345645	-0.8463038289813831	0.08218832999302926	1.0170679289917428
-7.466666666666669	0.0	-7.466666666666669	0.0	-0.36874396293640566	-10.564402450271768	-0.8463142706742762	0.08222541785596789	1.0171723459206752
-6.400000000000006	0.0	-6.400000000000006	0.0	-0.31044211971353775	-10.564401559562086	-0.8462977227909861	0.08225161330545669	1.0170777697238933
-5.333333333333329	0.0	-5.333333333333329	0.0	-0.2521493400255208	-10.564398361592435	-0.8462988495923776	0.08234261593211167	1.0171410315734366
-4.266666666666666	0.0	-4.266666666666666	0.0	-0.1938652028834597	-10.564404135108132	-0.846293526797233	0.08234802457879019	1.017143392490639
-3.200000000000003	0.0	-3.200000000000003	0.0	-0.1355892426853284	-10.564399499125267	-0.8463002339483725	0.08237489610911389	1.0169735030351463
-2.13333333333334	0.0	-2.13333333333334	0.0	-0.07732095072560852	-10.56439805038062	-0.8463052133373786	0.08243791113549566	1.0171424910495248
-1.0666666666666629	0.0	-1.0666666666666629	0.0	-0.01905977692616606	-10.56440428534832	-0.8463138843423705	0.08242172812122739	1.0166826165731047
0.0	0.0	0.0	0.0	0.0391948682279	-10.564403909747847	-0.8463055352806331	0.08246600605018703	1.0166812858743188
1.0666666666666629	0.0	1.0666666666666629	0.0	0.0974436115637267	-10.564390291548184	-0.8463062650186766	0.0825284415787105	1.016738023007234
2.1333333333333258	0.0	2.1333333333333258	0.0	0.1556871149237345	-10.564392405642222	-0.846303571426779	0.08258207732493959	1.0167757440252403
3.200000000000003	0.0	3.200000000000003	0.0	0.2139260727125422	-10.564393392934871	-0.8462874420697201	0.08261266193413369	1.0166863189205333
4.266666666666666	0.0	4.266666666666666	0.0	0.27216120930401666	-10.564390527639897	-0.8463100961434076	0.08262223438023937	1.0168081744424284
5.333333333333329	0.0	5.333333333333329	0.0	0.33039327632474647	-10.56438833842577	-0.8462964779437349	0.08270157192963337	1.0168590092823415
6.400000000000006	0.0	6.400000000000006	0.0	0.38862304983020113	-10.564399853262847	-0.8462988603238191	0.08269436040072854	1.0167908860896522
7.466666666666669	0.0	7.466666666666669	0.0	0.44685132738985966	-10.564393264157566	-0.8462932799740712	0.08271949343747688	1.016928141230562
8.533333333333331	0.0	8.533333333333331	0.0	0.5050789250975919	-10.56439786794611	-0.846308743981738	0.08273398088393731	1.0169112928669
9.599999999999994	0.0	9.599999999999994	0.0	0.5633066745235548	-10.564394530467705	-0.8463011139266017	0.0827704677861339	1.0169672358731212
10.666666666666671	0.0	10.666666666666671	0.0	0.621535419623892	-10.564397760631685	-0.8462946535986245	0.0827778939438751	1.0167422941210809
11.733333333333334	0.0	11.733333333333334	0.0	0.6797660136245051	-10.564384131700576	-0.8462893629978061	0.08281395158839883	1.0169095972990927
12.799999999999997	0.0	12.799999999999997	0.0	0.7379993158951843	-10.56439060275999	-0.8463021119506913	0.08283296770330834	1.0167721382607884
13.86666666666666	0.0	13.86666666666666	0.0	0.7962361888303604	-10.564380847879377	-0.8463001159025125	0.08287820073059018	1.0169844491058049
14.933333333333337	0.0	14.933333333333337	0.0	0.8544774947527677	-10.564376061656326	-0.846312875586839	0.08290111235888135	1.0169461485899403
16.0	0.0	16.0	0.0	0.9127240928562825	-10.564395635806214	-0.8463068123222096	0.08293079552696249	1.0169330454994745
17.066666666666663	0.0	17.066666666666663	0.0	0.9709768362042303	-10.564386782366705	-0.8462967462297797	0.0829404860189282	1.0168639242826962
18.133333333333326	0.0	18.133333333333326	0.0	1.0292365687994187	-10.564377156263385	-0.8462929151050494	0.08294153770022673	1.0167269588907153
19.200000000000003	0.0	19.200000000000003	0.0	1.0875041227421884	-10.564381566885984	-0.8462990534897719	0.08298992577140459	1.0168086680887525
20.266666666666666	0.0	20.266666666666666	0.0	1.1457803154927464	-10.564380772759286	-0.8462981198543337	0.08299770606672591	1.016719532732973
21.33333333333333	0.0	21.33333333333333	0.0	1.2040659472540736	-10.564384120969132	-0.8463148609035761	0.08303272276139279	1.0168516797075762
22.400000000000006	0.0	22.400000000000006	0.0	1.2623617984916657	-10.564376845051575	-0.8463067050077911	0.08307577730598473	1.0168808155721256
23.46666666666667	0.0	23.46666666666667	0.0	1.3206686276063948	-10.5643949919197	-0.846291970738169	0.08306850138842904	1.016798237127301
24.53333333333333	0.0	24.53333333333333	0.0	1.3789871687767694	-10.564383756100112	-0.8462914985547287	0.08308481317999929	1.0167801331849464
25.599999999999994	0.0	25.599999999999994	0.0	1.4373181299868607	-10.564383938534618	-0.8462890947117606	0.08312777114161482	1.016627038435906
26.66666666666667	0.0	26.66666666666667	0.0	1.4956621912561816	-10.564357421141878	-0.8463052884574707	0.08317842354701717	1.016822661888888
27.733333333333334	0.0	27.733333333333334	0.0	1.5540200030877847	-10.564382511252859	-0.8462925395045857	0.08321137980485414	1.0167369820573777
28.799999999999997	0.0	28.799999999999997	0.0	1.6123921851508696	-10.564384636078335	-0.8463115234251692	0.08321598359339598	1.0166689339847799
29.86666666666666	0.0	29.86666666666666	0.0	1.670779325214162	-10.564388574517489	-0.8462907258909176	0.08322604968582549	1.016589295955016
30.933333333333337	0.0	30.933333333333337	0.0	1.7291819783463485	-10.564371940782667	-0.846299901273676	0.08328171367455901	1.016665864792419
32.0	0.0	32.0	0.0	1.7876006663998416	-10.564378325990551	-0.8463141848227416	0.08329149001805929	1.0167144245666662
33.06666666666666	0.0	33.06666666666666	0.0	1.8460358777941588	-10.564372788566574	-0.8463030241232461	0.0833165586661567	1.0168514006900893
34.133333333333326	0.0	34.133333333333326	0.0	1.9044880676151767	-10.564373636350473	-0.8462846948206131	0.0833427541156455	1.0166711446617962
35.2	0.0	35.2	0.0	1.9629576580465535	-10.564386739440945	-0.846309441525456	0.083365880372773	1.0167038326335875
36.266666666666666	0.0	36.266666666666666	0.0	2.021445039149582	-10.564353085639384	-0.8462819690343905	0.08335313141988784	1.01666257023978
37.33333333333333	0.0	37.33333333333333	0.0	2.079950570007767	-10.56432289809354	-0.846310954658753	0.08334823788241678	1.016481359113165
38.39999999999999	0.0	38.39999999999999	0.0	2.1384745802523812	-10.564365298020181	-0.8463076923004392	0.08336610573305128	1.016640688829904
39.46666666666667	0.0	39.46666666666667	0.0	2.1970173719853	-10.564339467439702	-0.8463041401931956	0.08337925174928383	1.0167420151035926
40.53333333333333	0.0	40.53333333333333	0.0	2.2555792221153697	-10.564363473675066	-0.8462975940136838	0.08339886882493545	1.016788675412637
41.599999999999994	0.0	41.599999999999994	0.0	2.3141603851246044	-10.564324078552131	-0.8462852313927045	0.08340725008099881	1.016775475739195
42.66666666666667	0.0	42.66666666666667	0.0	2.3727610962804784	-10.564372971001077	-0.8462922282927727	0.08337231923786655	1.0165315393351273
43.733333333333334	0.0	43.733333333333334	0.0	2.4313815753105863	-10.564366982856543	-0.8463054172347725	0.08338564768861007	1.0166014332157174
44.8	0.0	44.8	0.0	2.490022030555963	-10.564359384995734	-0.8463007383261382	0.08341490159901832	1.016740394655877
45.86666666666666	0.0	45.86666666666666	0.0	2.548682663619322	-10.564351422265899	-0.8463000944396286	0.08339523086615759	1.0166698246944517
46.93333333333334	0.0	46.93333333333334	0.0	2.607363674524507	-10.564346174590849	-0.8463023158480862	0.08340077902157987	1.0167317665766513
48.0	0.0	48.0	0.0	2.6660652674034075	-10.564377306503575	-0.8462998690793502	0.08339267678300388	1.016703897022238
49.06666666666666	0.0	49.06666666666666	0.0	2.724787656726653	-10.564373174898478	-0.8463057177151438	0.0834001458665123	1.0167468657152956
50.133333333333326	0.0	50.133333333333326	0.0	2.783531074094322	-10.564352441752865	-0.8463120599972611	0.08337734155263948	1.0165980635429852
51.19999999999999	0.0	51.19999999999999	0.0	2.8422957756029708	-10.564369161339233	-0.8463006739374869	0.08341329188274495	1.0166826165731044
52.26666666666665	0.0	52.26666666666665	0.0	2.901082049805243	-10.56437256320629	-0.8463013285554382	0.08339597133564332	1.016610952004613
53.33333333333334	0.0	53.33333333333334	0.0	2.9598902262783517	-10.564352806621903	-0.8462965530638271	0.0833930845777931	1.0166583849774693
54.400000000000006	0.0	54.400000000000006	0.0	3.0187206848176857	-10.564365491186129	-0.8462995685989796	0.083400585855627	1.0165247892582208
55.46666666666667	0.0	55.46666666666667	0.0	3.0775738652718507	-10.56434997352126	-0.8463033460665008	0.08342533256046973	1.0167753898876608
56.53333333333333	0.0	56.53333333333333	0.0	3.13645027803539	-10.564368560378487	-0.8462978944940553	0.0834215872872737	1.0168089149119144
57.599999999999994	0.0	57.599999999999994	0.0	3.195350515215478	-10.564362261022143	-0.8462993861644681	0.08343385332527689	1.0166519997695846
58.66666666666666	0.0	58.66666666666666	0.0	3.2542752624888656	-10.564376512376885	-0.8463103107722438	0.0833875578852545	1.0164854692553833
59.73333333333332	0.0	59.73333333333332	0.0	3.3132253116653385	-10.56438696480121	-0.8463063830645369	0.08341252995037549	1.0167385810422094
60.80000000000001	0.0	60.80000000000001	0.0	3.372201573973985	-10.564380236187189	-0.8463135302047904	0.08338996172822269	1.0167736728569687
61.866666666666674	0.0	61.866666666666674	0.0	3.431205094088528	-10.564367841371888	-0.8463170501177082	0.08342421649052029	1.0168659954509678
62.93333333333334	0.0	62.93333333333334	0.0	3.490237064908026	-10.564365630694866	-0.8463116092767039	0.0834047067292869	1.0167015575679212
64.0	0.0	64.0	0.0	3.549298843109189	-10.564372284188805	-0.8463032387520826	0.08342802615236726	1.016733043618228
65.06666666666666	0.0	65.06666666666666	0.0	3.6083919654866037	-10.564354899253054	-0.8463004163828833	0.0834045028318923	1.0167082647190604
66.13333333333333	0.0	66.13333333333333	0.0	3.667518166097146	-10.5643590952468	-0.8462989998325626	0.08342868077031844	1.0166687300873858
67.19999999999999	0.0	67.19999999999999	0.0	3.7266793942248477	-10.564356466043558	-0.8462951257820649	0.08339666887936183	1.0166613790497374
68.26666666666665	0.0	68.26666666666665	0.0	3.7858778331825	-10.564363752692554	-0.8463072952370916	0.08342732860864877	1.0167065906141362
69.33333333333334	0.0	69.33333333333334	0.0	3.845115919966272	-10.56435058521344	-0.8462992681186086	0.08339394309313893	1.0164958787539502
70.4	0.0	70.4	0.0	3.9043963657796077	-10.564351229099943	-0.8463075205973699	0.08340059658706886	1.016692285602186
71.46666666666667	0.0	71.46666666666667	0.0	3.9637221774427083	-10.564356026054439	-0.8463137877593943	0.0834102334218255	1.016646333568302
72.53333333333333	0.0	72.53333333333333	0.0	4.023096679703835	-10.56435933133852	-0.84629456774709	0.08344599058597815	1.0167643365025822
73.6	0.0	73.6	0.0	4.082523538468745	-10.564378165018917	-0.8463110834360549	0.08343108461328663	1.0169104021572297
74.66666666666666	0.0	74.66666666666666	0.0	4.142006784964515	-10.564341002035892	-0.8463001695597212	0.08342205947071388	1.0169104343515558
75.73333333333332	0.0	75.73333333333332	0.0	4.201550840854042	-10.56436731553124	-0.8462826987724338	0.08338194534118132	1.0166851813876996
76.80000000000001	0.0	76.80000000000001	0.0	4.261160544317486	-10.564346485802666	-0.8462999441994432	0.08340230288631861	1.0166476749985305
77.86666666666667	0.0	77.86666666666667	0.0	4.320841177116942	-10.564350263270173	-0.8462964886751762	0.08341875418663258	1.0166206103022546
78.93333333333334	0.0	78.93333333333334	0.0	4.380598492660622	-10.564356970421327	-0.8462965530638269	0.08344030292181225	1.0168303670641174
80.0	0.0	80.0	0.0	4.440438745082791	-10.564373926099401	-0.8463121136544696	0.08340647741718764	1.0168826399172337
