Hysterese	V-MOKE
Charge	2020_0446
Sample	1
Sample State	bFC
User	Meike Reginka
Sample Angle	90.0
Magnetic Field Angle	0.0
Detektor Averages	300
Hysteresus Points	150
Magnetic Field [kA/m]	80
Hysteresis Averages	100
Polarization	p-polarization
Measurement Method	Scan Both Angles
Max Voltage Correction	No
Training Effect Elimination	No
Magnetic field [kA/m]	Magnetic field transversal [kA/m]	Magnetic field longitudinal [kA/m]	Magnetic field transversal [V]	Magnetic field longitudinal [V]	Detector diff transversal [V]	Detector diff longitudinal [V]	Detector raw transversal [V]	Detector raw longitudinal [V]
80.0	0.0	80.0	0.0	4.381030188287403	-3.8922632840268396	-0.8407561886683454	0.16254164254977546	2.0761938434202047
78.93333333333334	0.0	78.93333333333334	0.0	4.319818714176459	-3.8968371318460187	-0.8446087655511899	0.16248725560261906	2.075933745464751
77.86666666666666	0.0	77.86666666666666	0.0	4.258793669369702	-3.894662051023102	-0.8445883758117272	0.16254450784474217	2.0759344430084687
76.8	0.0	76.8	0.0	4.197942654193435	-3.8915226857637832	-0.8446066192628255	0.1625503564805355	2.07637688962337
75.73333333333333	0.0	75.73333333333333	0.0	4.137253993604595	-3.8889206223336323	-0.8445807994137999	0.16257557536881848	2.076229321566869
74.66666666666667	0.0	74.66666666666667	0.0	4.0767167056162315	-3.8928334347994262	-0.8445991179849912	0.16253589049695868	2.076182661257826
73.6	0.0	73.6	0.0	4.0163204706037074	-3.8924744573390235	-0.8445974438800669	0.16255081793253406	2.0764981871102886
72.53333333333333	0.0	72.53333333333333	0.0	3.9560556014798554	-3.8912390000992034	-0.8445910801350663	0.162556129996236	2.076320968080033
71.46666666666667	0.0	71.46666666666667	0.0	3.89591301472721	-3.898138426481416	-0.8445797155381761	0.16250330983958555	2.0757095763765183
70.4	0.0	70.4	0.0	3.8358842022755653	-3.9007923335070096	-0.8446270519280554	0.16247769388795533	2.0756733255660436
69.33333333333333	0.0	69.33333333333333	0.0	3.775961204212982	-3.8997047662669466	-0.8446058680618975	0.16248360691239938	2.0754149875670493
68.26666666666667	0.0	68.26666666666667	0.0	3.716136582318465	-3.896195820882703	-0.8446057929418049	0.1625148890653119	2.075950711874273
67.2	0.0	67.2	0.0	3.6564033944044745	-3.892603739018658	-0.8445924108338526	0.16252828190470672	2.0760819681392033
66.13333333333333	0.0	66.13333333333333	0.0	3.596755169457454	-3.8945156741566422	-0.8446186921348761	0.16251320422894586	2.0757172922831924
65.06666666666666	0.0	65.06666666666666	0.0	3.5371858835645753	-3.8947873620692643	-0.8446013501248908	0.16253316471073576	2.0758921289333605
64.0	0.0	64.0	0.0	3.4776899366148504	-3.899196224701864	-0.8446102250272775	0.16247978651911052	2.0759704040700147
62.93333333333334	0.0	62.93333333333334	0.0	3.4182621297628257	-3.893749663839352	-0.8445982380067625	0.16252824971038113	2.075743273103841
61.86666666666667	0.0	61.86666666666667	0.0	3.3588976436430196	-3.893865488290942	-0.8446080680074712	0.1625292906602379	2.0757766156935857
60.8	0.0	60.8	0.0	3.2995920173232944	-3.891055535369807	-0.8446012857362394	0.16254771654584718	2.0761233271159854
59.733333333333334	0.0	59.733333333333334	0.0	3.2403411279853396	-3.9024923763262085	-0.8446330400725924	0.16245888167044029	2.07560776718795
58.66666666666667	0.0	58.66666666666667	0.0	3.181141171320454	-3.9001355048788207	-0.8445970253538363	0.16248120306943106	2.075303573738048
57.6	0.0	57.6	0.0	3.121988642628807	-3.9011210053757113	-0.844628940661816	0.16246122112475753	2.075365987803687
56.53333333333333	0.0	56.53333333333333	0.0	3.062880318610361	-3.9078416781314846	-0.8446052778325972	0.16242681612227464	2.075074661352532
55.46666666666667	0.0	55.46666666666667	0.0	3.003813239835633	-3.899688926658817	-0.8446171038814855	0.1624740022719683	2.0754346904942365
54.4	0.0	54.4	0.0	2.9447846938844906	-3.9025450569741156	-0.8445826774161195	0.16246104942168846	2.075657979604236
53.33333333333333	0.0	53.33333333333333	0.0	2.885792199141142	-3.9099270441007605	-0.8446200550279872	0.16241411009515666	2.075102133843597
52.266666666666666	0.0	52.266666666666666	0.0	2.8268334892335334	-3.898575797124336	-0.8446120171780622	0.1625038356802348	2.07526089479392
51.2	0.0	51.2	0.0	2.7679064981053	-3.9007658375771506	-0.8446127361846643	0.16247907824395022	2.0755681681676252
50.13333333333333	0.0	50.13333333333333	0.0	2.7090093457084867	-3.899530992029516	-0.844590725997486	0.16247192037225466	2.0757497334318185
49.06666666666666	0.0	49.06666666666666	0.0	2.6501403243051973	-3.9031702493118132	-0.8446498025847192	0.16244111040278217	2.0754016376534246
48.0	0.0	48.0	0.0	2.591297885366365	-3.9033056049875188	-0.8446149790560057	0.16246227280605627	2.0749870283986094
46.93333333333334	0.0	46.93333333333334	0.0	2.532480627055822	-3.9019438708717775	-0.8446173936304152	0.1624557910151955	2.075222991341403
45.86666666666667	0.0	45.86666666666667	0.0	2.4736872822878553	-3.911281405715972	-0.8445981628866693	0.1623935271897411	2.0750962208191535
44.8	0.0	44.8	0.0	2.4149167073464275	-3.9093788069323723	-0.8446374292322976	0.1623992255853489	2.0749893034642763
43.733333333333334	0.0	43.733333333333334	0.0	2.356167871054244	-3.900331021017386	-0.8446081753218897	0.16248469078802352	2.075447557492981
42.666666666666664	0.0	42.666666666666664	0.0	2.2974398444798476	-3.901167590564661	-0.8446103859989051	0.16246608246790323	2.0757426936059833
41.6	0.0	41.6	0.0	2.2387317911709355	-3.903110958095742	-0.8445966390219304	0.16247270376750764	2.0755077501501638
40.53333333333333	0.0	40.53333333333333	0.0	2.1800429579020566	-3.8987956843672804	-0.8446196365017558	0.16249058234958416	2.0756141953215996
39.46666666666667	0.0	39.46666666666667	0.0	2.1213726659248966	-3.89779093166376	-0.8446036895792077	0.16250190402070674	2.0756004054188604
38.4	0.0	38.4	0.0	2.0627203027093186	-3.905839716928048	-0.8446292733365126	0.1624383202279083	2.0753795952719205
37.333333333333336	0.0	37.333333333333336	0.0	2.0040853141633432	-3.905428756363453	-0.8446267299848005	0.16245721829695775	2.0753398138170818
36.266666666666666	0.0	36.266666666666666	0.0	1.9454671973202513	-3.8987730302935906	-0.8446242939475072	0.16249864166239278	2.0759348937290243
35.2	0.0	35.2	0.0	1.8868654934810003	-3.904022454569823	-0.8445908118490202	0.16246204744577797	2.075485686305777
34.13333333333333	0.0	34.13333333333333	0.0	1.8282797818001153	-3.9049500267437542	-0.8446389530970364	0.16243867436548848	2.0755253389833097
33.06666666666667	0.0	33.06666666666667	0.0	1.7697096733032631	-3.898200239586315	-0.8445943424933806	0.16250939456709898	2.075864355961927
32.0	0.0	32.0	0.0	1.7111548053246695	-3.898603677410189	-0.844623639329556	0.1624873521855955	2.0759412682054674
30.933333333333337	0.0	30.933333333333337	0.0	1.652614836352576	-3.9038790503127494	-0.8446193467528265	0.16244925556712553	2.0761019608153175
29.866666666666667	0.0	29.866666666666667	0.0	1.5940894412709112	-3.90322458260176	-0.8446392965031754	0.16246055577536464	2.0757169059512846
28.799999999999997	0.0	28.799999999999997	0.0	1.5355783069853621	-3.9058982032859815	-0.8446189818838047	0.16243720415795884	2.0754299150026227
27.733333333333334	0.0	27.733333333333334	0.0	1.4770811284220267	-3.911358189182213	-0.8446309796357618	0.1623781061078422	2.0755342353485817
26.666666666666664	0.0	26.666666666666664	0.0	1.4185976048868278	-3.8973207764660756	-0.8446058787933396	0.162505284424881	2.0760873016657886
25.6	0.0	25.6	0.0	1.360127436773878	-3.896902260966438	-0.8445951902772839	0.16251264619397118	2.076192169315281
24.53333333333333	0.0	24.53333333333333	0.0	1.3016703226109647	-3.908640805678238	-0.8446008028213573	0.1624191002156043	2.075717979095467
23.46666666666667	0.0	23.46666666666667	0.0	1.243225956430354	-3.9041527128106646	-0.8446342527255181	0.16244316010817028	2.0759096211835324
22.4	0.0	22.4	0.0	1.1847940254530787	-3.9022796040291916	-0.8446096347979777	0.1624649556665118	2.0761501235262183
21.333333333333336	0.0	21.333333333333336	0.0	1.1263742080749082	-3.9047617435969766	-0.8446208384232399	0.1624385455881866	2.0760977004329155
20.266666666666666	0.0	20.266666666666666	0.0	1.0679661721421683	-3.9099088972326395	-0.8446241973645305	0.16239465399113256	2.0755462760263055
19.200000000000003	0.0	19.200000000000003	0.0	1.0095695735056076	-3.9084719142468356	-0.8446572072795766	0.16241769439672557	2.0754232293143686
18.133333333333333	0.0	18.133333333333333	0.0	0.9511840548404781	-3.908734823840047	-0.8446050202779942	0.1624150329991534	2.0761335756429284
17.06666666666667	0.0	17.06666666666667	0.0	0.8928092447210244	-3.909929984515819	-0.8446229525172789	0.16239746562888982	2.076152398591885
16.0	0.0	16.0	0.0	0.8344447569375557	-3.9039216219424575	-0.8446153009992596	0.16245001749949498	2.0764965130053654
14.933333333333337	0.0	14.933333333333337	0.0	0.7760901900442883	-3.902944760256237	-0.8446109654967634	0.16245129454107168	2.076648266324179
13.866666666666674	0.0	13.866666666666674	0.0	0.7177451271261349	-3.913107124450353	-0.8446135947000103	0.16238250599898937	2.076338868124994
12.799999999999997	0.0	12.799999999999997	0.0	0.6594091357726295	-3.9107130470941684	-0.8446479889710513	0.1624021445375246	2.0764504965828294
11.733333333333334	0.0	11.733333333333334	0.0	0.6010817682471681	-3.912927050856571	-0.8446208706175656	0.16238804342296992	2.0769930460870505
10.666666666666671	0.0	10.666666666666671	0.0	0.5427625618397398	-3.922925449351086	-0.8446652129351763	0.16228742542444188	2.0760769458244304
9.599999999999994	0.0	9.599999999999994	0.0	0.4844510393913435	-3.91392856266466	-0.8446358731732336	0.16235975534232566	2.07712110438232
8.533333333333331	0.0	8.533333333333331	0.0	0.4261467099782665	-3.92619245437944	-0.8446577545831098	0.1622694931851564	2.076886536526963
7.466666666666669	0.0	7.466666666666669	0.0	0.36784906974439924	-3.927976588776761	-0.8446385023764802	0.16224983318373748	2.0773266758818725
6.400000000000006	0.0	6.400000000000006	0.0	0.30955760286978407	-3.9332371737524863	-0.8446445978354353	0.16221425845409587	2.0777807875740346
5.333333333333329	0.0	5.333333333333329	0.0	0.25127178266356687	-3.93961744517365	-0.8446506181742971	0.16216151341753815	2.077651666866026
4.266666666666666	0.0	4.266666666666666	0.0	0.19299107276954444	-3.9442651789697747	-0.8446838427181801	0.16211350094682422	2.0777129755931574
3.200000000000003	0.0	3.200000000000003	0.0	0.13471492847247593	-3.953353958992527	-0.8446634637101593	0.16204656894417724	2.0779419094415585
2.13333333333334	0.0	2.13333333333334	0.0	0.07644279809335723	-3.953289602535916	-0.8446991457542197	0.1620383057339737	2.0786187629401858
1.0666666666666629	0.0	1.0666666666666629	0.0	0.018174124461827576	-3.9682083349117305	-0.8446907644981556	0.16192074278880797	2.078235317792428
0.0	0.0	0.0	0.0	-0.0400916535461	-3.9795199721363876	-0.8447211022841876	0.16182363397175603	2.0777134370451558
-1.0666666666666629	0.0	-1.0666666666666629	0.0	-0.09835509941681445	-3.9892509538321224	-0.8447334112479585	0.16174180672785912	2.07748652070782
-2.1333333333333258	0.0	-2.1333333333333258	0.0	-0.156616777366191	-3.9929488584439787	-0.8447587803764267	0.1617012848035374	2.0776941848385273
-3.200000000000003	0.0	-3.200000000000003	0.0	-0.21487725067681432	-3.997499891217842	-0.8447299986494585	0.1616839749878778	2.0779962427315057
-4.266666666666666	0.0	-4.266666666666666	0.0	-0.27313708001714876	-4.006905999975287	-0.8447505815548746	0.16161774052894898	2.078014593497025
-5.333333333333329	0.0	-5.333333333333329	0.0	-0.331396821754486	-4.011386130113027	-0.8447401720563069	0.16157069388799908	2.078263884890562
-6.400000000000006	0.0	-6.400000000000006	0.0	-0.3896570262734731	-4.024743384046451	-0.8447842890136391	0.16145508406524506	2.077641718819456
-7.466666666666669	0.0	-7.466666666666669	0.0	-0.4479182363120456	-4.025895468714751	-0.84478388121885	0.16144775449048032	2.078218834297788
-8.533333333333331	0.0	-8.533333333333331	0.0	-0.506180985326591	-4.038236573153447	-0.8448104308059184	0.16135087103370652	2.0780292311836677
-9.599999999999994	0.0	-9.599999999999994	0.0	-0.564445795898144	-4.044720220553685	-0.8448002359361872	0.1612966557896192	2.0778422894671196
-10.666666666666671	0.0	-10.666666666666671	0.0	-0.6227131781914472	-4.05676027585493	-0.8448204110468136	0.1611953295159309	2.0775953482593414
-11.733333333333334	0.0	-11.733333333333334	0.0	-0.6809836284786798	-4.062642983975993	-0.844809679604991	0.16114004112766128	2.0775816442081343
-12.799999999999997	0.0	-12.799999999999997	0.0	-0.7392576277396917	-4.078155787508214	-0.8448465206447673	0.16102409863021078	2.077038461548844
-13.86666666666666	0.0	-13.86666666666666	0.0	-0.7975356403505398	-4.087412536058373	-0.844831947346773	0.16094772295875984	2.0767298145505864
-14.933333333333337	0.0	-14.933333333333337	0.0	-0.8558181128721578	-4.090150802948131	-0.8448767725792653	0.16091009852372995	2.0770626287558276
-16.0	0.0	-16.0	0.0	-0.9141054729509707	-4.091708879523464	-0.8448461450443036	0.16092538009688528	2.0769077633188875
-17.066666666666663	0.0	-17.066666666666663	0.0	-0.9723981283432802	-4.095421464747733	-0.8448656977313046	0.16086932977624616	2.0773222652592827
-18.133333333333326	0.0	-18.133333333333326	0.0	-1.0306964660752267	-4.110293386574313	-0.844871471247005	0.16074269876274044	2.0768325037173865
-19.200000000000003	0.0	-19.200000000000003	0.0	-1.0890008517501555	-4.111717395246955	-0.8448830182784061	0.1607479142434663	2.0767798981895758
-20.266666666666666	0.0	-20.266666666666666	0.0	-1.147311629015197	-4.121673705026636	-0.8448860445450005	0.1606787608323618	2.0765134579520033
-21.33333333333333	0.0	-21.33333333333333	0.0	-1.2056291191988913	-4.12368722399291	-0.8448802924921829	0.16064514995657364	2.0766969226814016
-22.400000000000006	0.0	-22.400000000000006	0.0	-1.263953621131659	-4.134160295622113	-0.8448925477987446	0.1605706093616745	2.0760573180173374
-23.46666666666667	0.0	-23.46666666666667	0.0	-1.322285411160945	-4.129494404226426	-0.844894683355667	0.16059630043339757	2.076435268666883
-24.53333333333333	0.0	-24.53333333333333	0.0	-1.3806247433728562	-4.134121522922815	-0.844894457995389	0.16056115496142895	2.076607798057067
-25.599999999999994	0.0	-25.599999999999994	0.0	-1.438971850032102	-4.140846177043505	-0.8449043523847499	0.16051759603907126	2.076676983662496
-26.66666666666667	0.0	-26.66666666666667	0.0	-1.497326942252062	-4.14340111871261	-0.844907174753949	0.16048379199733032	2.076822040561611
-27.733333333333334	0.0	-27.733333333333334	0.0	-1.555690210906793	-4.148586186532231	-0.8449481044730598	0.16044128475627129	2.07677453246866
-28.799999999999997	0.0	-28.799999999999997	0.0	-1.614061827796803	-4.15214042933241	-0.8449030646117306	0.1604318732817929	2.076919267424522
-29.86666666666666	0.0	-29.86666666666666	0.0	-1.6724419470803977	-4.158734063279886	-0.8449409144070384	0.1603677743797871	2.076582310882737
-30.933333333333337	0.0	-30.933333333333337	0.0	-1.7308307069824265	-4.167141965513327	-0.8449395407824857	0.16030748513962798	2.076249099614148
-32.0	0.0	-32.0	0.0	-1.7892282317922377	-4.175672989578792	-0.8449409787956896	0.1602376019904797	2.0760554400150193
-33.06666666666666	0.0	-33.06666666666666	0.0	-1.8476346341626735	-4.175891535391505	-0.8449386500728139	0.1602105158313196	2.0758799809412216
-34.133333333333326	0.0	-34.133333333333326	0.0	-1.9060500177219062	-4.182161788071108	-0.8449502078356572	0.16017924440984874	2.0760463826781184
-35.2	0.0	-35.2	0.0	-1.9644744800099465	-4.187309521204626	-0.8449533736109944	0.16013455868609994	2.0761155146263417
-36.266666666666666	0.0	-36.266666666666666	0.0	-2.0229081157516333	-4.190430728864382	-0.8449703078261909	0.16010763349856713	2.0759251495798496
-37.33333333333333	0.0	-37.33333333333333	0.0	-2.0813510204779293	-4.19382669362912	-0.8449467415799485	0.16006495455443903	2.0762450860549055
-38.39999999999999	0.0	-38.39999999999999	0.0	-2.139803294507338	-4.2025006175738975	-0.8449823592353571	0.16000315218098302	2.075912701107337
-39.46666666666667	0.0	-39.46666666666667	0.0	-2.1982650472992535	-4.205823608534239	-0.844982305578148	0.15997566895847554	2.075831002640742
-40.53333333333333	0.0	-40.53333333333333	0.0	-2.256736402191068	-4.211031190918806	-0.8449900214848182	0.1599440648623084	2.0755534124351165
-41.599999999999994	0.0	-41.599999999999994	0.0	-2.315217501530861	-4.2081183234705914	-0.8449607139172014	0.15995836987425782	2.076169901573496
-42.66666666666667	0.0	-42.66666666666667	0.0	-2.37370851221747	-4.214916520162092	-0.8449968681447012	0.15989696456414915	2.0757920475069263
-43.733333333333334	0.0	-43.733333333333334	0.0	-2.432209631659771	-4.213918388758179	-0.8449720999769751	0.15991062568958936	2.0756462394068813
-44.8	0.0	-44.8	0.0	-2.4907210941669966	-4.213594020197654	-0.844990944388815	0.15992111030825	2.076207504545643
-45.86666666666666	0.0	-45.86666666666666	0.0	-2.549243177781886	-4.2160597621223275	-0.8449779593442105	0.159900119608045	2.075964523239898
-46.93333333333334	0.0	-46.93333333333334	0.0	-2.6077762115685053	-4.217363696692414	-0.845008844433775	0.15988759601543812	2.0758581961143214
-48.0	0.0	-48.0	0.0	-2.666320583366545	-4.218375231667164	-0.8449953550114045	0.1598650921819362	2.076020863309465
-49.06666666666666	0.0	-49.06666666666666	0.0	-2.724876748023921	-4.215473803935936	-0.8450031782324926	0.15990534582021262	2.076198232579909
-50.133333333333326	0.0	-50.133333333333326	0.0	-2.7834452361194826	-4.219151190031028	-0.8449736131102722	0.15987716505398658	2.0757108104923305
-51.19999999999999	0.0	-51.19999999999999	0.0	-2.842026663187659	-4.2212796642021075	-0.845004262108117	0.1598671418873243	2.0757585117512325
-52.26666666666665	0.0	-52.26666666666665	0.0	-2.9006217394568647	-4.216369031544213	-0.8449781417787211	0.15989030033877744	2.0759280685320256
-53.33333333333334	0.0	-53.33333333333334	0.0	-2.9592312801134577	-4.212526649531099	-0.8450032104268188	0.15992430827791299	2.0765360047112726
-54.400000000000006	0.0	-54.400000000000006	0.0	-3.0178562161030937	-4.2249986024399355	-0.8449639762755156	0.15983037596764038	2.075681341953083
-55.46666666666667	0.0	-55.46666666666667	0.0	-3.076497605481298	-4.217783585816605	-0.8449794510146238	0.15987747626579954	2.0760942663715336
-56.53333333333333	0.0	-56.53333333333333	0.0	-3.135156645325031	-4.22341563965102	-0.8450008173152915	0.1598307301052206	2.0758111065476026
-57.599999999999994	0.0	-57.599999999999994	0.0	-3.193834684217122	-4.215400068199174	-0.8450136735825953	0.15990726674829883	2.0761916756689565
-58.66666666666666	0.0	-58.66666666666666	0.0	-3.25253323531534	-4.218895792447093	-0.8449802558727599	0.15988372196494016	2.076173947327065
-59.73333333333332	0.0	-59.73333333333332	0.0	-3.311253990017958	-4.216587233950787	-0.8449997549025512	0.1598972972388456	2.076226166522973
-60.80000000000001	0.0	-60.80000000000001	0.0	-3.3699988322376004	-4.21720549377707	-0.84497519063222	0.15989270418174573	2.07620366268947
-61.866666666666674	0.0	-61.866666666666674	0.0	-3.4287698532951953	-4.222533418550231	-0.8450065800995508	0.15984830820692572	2.075935398106791
-62.93333333333334	0.0	-62.93333333333334	0.0	-3.4875693674458788	-4.220654965510736	-0.8449967286359579	0.15984702043390708	2.076088385541412
-64.0	0.0	-64.0	0.0	-3.546399928048623	-4.2115515692642225	-0.8450042943024428	0.15992820379129452	2.076523921107779
-65.06666666666666	0.0	-65.06666666666666	0.0	-3.605264344391439	-4.215523404660038	-0.8449774227721188	0.1599002483853469	2.076617789029403
-66.13333333333333	0.0	-66.13333333333333	0.0	-3.6641656991839646	-4.214733248598648	-0.8450134267594339	0.1598945070639718	2.076936587971624
-67.19999999999999	0.0	-67.19999999999999	0.0	-3.723107366729244	-4.211531040016015	-0.8449764784052387	0.1599545494809688	2.0767476502068942
-68.26666666666665	0.0	-68.26666666666665	0.0	-3.782093031786535	-4.2097890694536115	-0.8450086083420553	0.15992731308162333	2.077184334037538
-69.33333333333334	0.0	-69.33333333333334	0.0	-3.8411267091369456	-4.2186038650351945	-0.8449837972485618	0.1598796654799313	2.0764069698547973
-70.4	0.0	-70.4	0.0	-3.9002127638637214	-4.214749077475335	-0.8450026309289599	0.15991006765461452	2.0767556987882623
-71.46666666666667	0.0	-71.46666666666667	0.0	-3.959355932359017	-4.210909410517002	-0.8449825738641933	0.15993754014568015	2.0766937783689476
-72.53333333333333	0.0	-72.53333333333333	0.0	-4.018561344068946	-4.209688912907083	-0.8449895922271462	0.15995604115138223	2.077529736224037
-73.6	0.0	-73.6	0.0	-4.077834543988736	-4.21317077213217	-0.8449751047806855	0.15991961863783652	2.0769031702617884
-74.66666666666666	0.0	-74.66666666666666	0.0	-4.137181515919814	-4.212196915249658	-0.8449955374459154	0.15991917864872185	2.076623315721941
-75.73333333333332	0.0	-75.73333333333332	0.0	-4.19660870650064	-4.2078335861247105	-0.8449952476969866	0.15996182539852452	2.07714136534448
-76.80000000000001	0.0	-76.80000000000001	0.0	-4.256123050023082	-4.211549476633064	-0.8449961491380995	0.15992910523240764	2.076930707141505
-77.86666666666667	0.0	-77.86666666666667	0.0	-4.315731994046186	-4.208445482205994	-0.8449859864626936	0.15996077371722592	2.077152944570209
-78.93333333333334	0.0	-78.93333333333334	0.0	-4.375443525819141	-4.205245849169396	-0.8449963208411684	0.1599932470601808	2.077452212288311
-80.0	0.0	-80.0	0.0	-4.435266199525242	-4.207489224888074	-0.8449758237872875	0.15996844669812904	2.0772554942282637
-80.0	0.0	-80.0	0.0	-4.380060909566294	-4.212133642668678	-0.8415783995464622	0.15992170053754998	2.0772072778601554
-78.93333333333334	0.0	-78.93333333333334	0.0	-4.318197730509417	-4.210821359036846	-0.8449583422685585	0.15994426875970286	2.077112358257235
-77.86666666666666	0.0	-77.86666666666666	0.0	-4.256627645195748	-4.2085683894091845	-0.8449927043452745	0.15995459240673607	2.0770081452256943
-76.8	0.0	-76.8	0.0	-4.195328882143961	-4.214794020753686	-0.8449761993877515	0.15991047544940382	2.0768143568492645
-75.73333333333333	0.0	-75.73333333333333	0.0	-4.1342809326230165	-4.21236620374441	-0.8449782061673724	0.1599307471430065	2.076905638493408
-74.66666666666667	0.0	-74.66666666666667	0.0	-4.073464498932334	-4.2050196840329885	-0.8449684512867556	0.15998783841350228	2.0775486020987617
-73.6	0.0	-73.6	0.0	-4.012861444010001	-4.215059527355816	-0.8449888624891015	0.15989555874527045	2.0767621054590335
-72.53333333333333	0.0	-72.53333333333333	0.0	-3.9524547423527756	-4.2171723765476	-0.8449803309928531	0.15987134861251884	2.077069046158039
-71.46666666666667	0.0	-71.46666666666667	0.0	-3.8922284322315646	-4.212146713564817	-0.8450072561803853	0.15993596262373225	2.0768155051135393
-70.4	0.0	-70.4	0.0	-3.832167569186148	-4.211121292104348	-0.844982391429683	0.15993231393351262	2.0770580571616124
-69.33333333333333	0.0	-69.33333333333333	0.0	-3.7722581807828357	-4.208066758892639	-0.8449794188202983	0.15997027104323874	2.0771911055773273
-68.26666666666667	0.0	-68.26666666666667	0.0	-3.712487222618799	-4.217073840448791	-0.8449826811786116	0.15988286344959446	2.076457139345318
-67.2	0.0	-67.2	0.0	-3.652842535556789	-4.211757688067305	-0.8449909121944899	0.15992466241549302	2.0768568318959977
-66.13333333333333	0.0	-66.13333333333333	0.0	-3.5933128041739804	-4.214990170047319	-0.844991985338672	0.15990497021974875	2.0770233516787573
-65.06666666666666	0.0	-65.06666666666666	0.0	-3.533887516408651	-4.2140919483667725	-0.845019930013178	0.15991289002381376	2.076945795548708
-64.0	0.0	-64.0	0.0	-3.474556924388418	-4.216205441445073	-0.8449927687339255	0.15989775869084405	2.0767201991787156
-62.93333333333334	0.0	-62.93333333333334	0.0	-3.4153120064237723	-4.21709562527569	-0.8449787427394628	0.15988366830773107	2.076560772879
-61.86666666666667	0.0	-61.86666666666667	0.0	-3.356144430150613	-4.219424434002711	-0.844974761374547	0.15986495267319265	2.0765982256109594
-60.8	0.0	-60.8	0.0	-3.2970465168055205	-4.215012770463797	-0.8450073205690368	0.1599061828726747	2.076576043720713
-59.733333333333334	0.0	-59.733333333333334	0.0	-3.2380112066174873	-4.215382296931516	-0.844978828590998	0.15988851891943492	2.076662850353615
-58.66666666666667	0.0	-58.66666666666667	0.0	-3.179032025299821	-4.218956210464552	-0.8449909336573737	0.1598680969856466	2.0763645162709476
-57.6	0.0	-57.6	0.0	-3.1201030516259602	-4.211312612249159	-0.8449982095749293	0.15992174346331736	2.076773545176014
-56.53333333333333	0.0	-56.53333333333333	0.0	-3.061218886072913	-4.209528950035279	-0.8449837113970274	0.15995577286533672	2.0769613561393485
-55.46666666666667	0.0	-55.46666666666667	0.0	-3.002374620516045	-4.216124161504708	-0.844978796396672	0.15987727236840488	2.0767687160271953
-54.4	0.0	-54.4	0.0	-2.943565808958942	-4.2202927149605705	-0.8450024270315647	0.15988040594941702	2.0763953262404193
-53.33333333333333	0.0	-53.33333333333333	0.0	-2.884788439282071	-4.217592372986214	-0.8449824128925663	0.15987980498867485	2.076051050855312
-52.266666666666666	0.0	-52.266666666666666	0.0	-2.826038905993961	-4.216747937292081	-0.8450229562797716	0.15987589874385144	2.0763929331288935
-51.2	0.0	-51.2	0.0	-2.7673139839686236	-4.213942856445533	-0.8449932194544811	0.15990539947742166	2.076728966766683
-50.13333333333333	0.0	-50.13333333333333	0.0	-2.7086108031529483	-4.213077075913616	-0.8449813826741515	0.1599161416506859	2.076674622745294
-49.06666666666666	0.0	-49.06666666666666	0.0	-2.649926824227785	-4.212872599021134	-0.8449688376186612	0.15993698211070542	2.076528299536044
-48.0	0.0	-48.0	0.0	-2.591259815206436	-4.222593965344991	-0.8449950330681495	0.15984652678758332	2.0761870182232034
-46.93333333333334	0.0	-46.93333333333334	0.0	-2.532607828954294	-4.209936766287418	-0.8449686981099176	0.15994382877058827	2.076621523571156
-45.86666666666667	0.0	-45.86666666666667	0.0	-2.473969181613334	-4.2117623562444955	-0.8449931979915981	0.15991717186910098	2.0768584952694824
-44.8	0.0	-44.8	0.0	-2.415342431915193	-4.219329975851794	-0.8449776695952805	0.15986993206219835	2.076660586019388
-43.733333333333334	0.0	-43.733333333333334	0.0	-2.356726361366558	-4.217283232341635	-0.8450154228076123	0.1598827024779671	2.076231639558302
-42.666666666666664	0.0	-42.666666666666664	0.0	-2.29811995529058	-4.216192112994324	-0.8449860186570191	0.15988291710680358	2.0762498186207496
-41.6	0.0	-41.6	0.0	-2.2395223847080508	-4.2194051388703135	-0.8450004739091542	0.1598783347811453	2.076011419640662
-40.53333333333333	0.0	-40.53333333333333	0.0	-2.180932989042046	-4.223918268191665	-0.8449752657523127	0.1598341748980457	2.075710316846006
-39.46666666666667	0.0	-39.46666666666667	0.0	-2.122351259629783	-4.214443220651945	-0.8449892488210077	0.15990693407360232	2.076113593698253
-38.4	0.0	-38.4	0.0	-2.0637768240253935	-4.2165662969077955	-0.8449916741268594	0.1598767143334301	2.076145262183074
-37.333333333333336	0.0	-37.333333333333336	0.0	-2.0052094310773465	-4.217968209541723	-0.8449911912119774	0.15987144519549523	2.076138179431469
-36.266666666666666	0.0	-36.266666666666666	0.0	-1.946648936764245	-4.216125223917447	-0.8449857611024147	0.159882584432107	2.076071655223611
-35.2	0.0	-35.2	0.0	-1.8880952907727155	-4.219358070766483	-0.845004369422535	0.1598783562440289	2.075922348673534
-34.13333333333333	0.0	-34.13333333333333	0.0	-1.8295485238011158	-4.220913754230283	-0.844984956244278	0.15986540339374922	2.0762746297142445
-33.06666666666667	0.0	-33.06666666666667	0.0	-1.771008735572786	-4.215158739535468	-0.8449993256448788	0.15989761918210033	2.076174601945016
-32.0	0.0	-32.0	0.0	-1.7124760835425616	-4.210536042193112	-0.8449744716256178	0.15992486631288774	2.076563713294059
-30.933333333333337	0.0	-30.933333333333337	0.0	-1.6539507722802793	-4.2180792906960205	-0.845004294302443	0.15989429243513545	2.076328458626426
-29.866666666666667	0.0	-29.866666666666667	0.0	-1.5954330435149888	-4.217116111598131	-0.8449665732844366	0.15988577167032844	2.075906455408194
-28.799999999999997	0.0	-28.799999999999997	0.0	-1.536923166823607	-4.211742331374056	-0.8449936272492709	0.15994359267886812	2.0759642012966437
-27.733333333333334	0.0	-27.733333333333334	0.0	-1.478421430947724	-4.213899340448944	-0.8449653177057431	0.15991645286249895	2.0761460777726506
-26.666666666666664	0.0	-26.666666666666664	0.0	-1.4199281357222944	-4.214310773196982	-0.8449856215936711	0.15991502558073648	2.0759542210557473
-25.6	0.0	-25.6	0.0	-1.3614435845999364	-4.212751752254767	-0.8449732697041338	0.15991995131253306	2.0761728634514403
-24.53333333333333	0.0	-24.53333333333333	0.0	-1.302968077754553	-4.21397622049816	-0.8449922321618341	0.15991329781860314	2.0756944879693164
-23.46666666666667	0.0	-23.46666666666667	0.0	-1.2445019057480127	-4.2089311657999975	-0.8449804919644806	0.15995940009267265	2.076166446049229
-22.4	0.0	-22.4	0.0	-1.1860453437435996	-4.208764356268307	-0.8450072669118278	0.1599589064463489	2.075942641830021
-21.333333333333336	0.0	-21.333333333333336	0.0	-1.1275986462499692	-4.209524550144131	-0.8449762530449599	0.15995817670830484	2.0763058152841807
-20.266666666666666	0.0	-20.266666666666666	0.0	-1.0691620423793182	-4.2161010889047885	-0.8450070844773162	0.15990088154041426	2.0756689900635474
-19.200000000000003	0.0	-19.200000000000003	0.0	-1.010735731603509	-4.206761096560414	-0.8449780130014193	0.15995916400095256	2.0755578337891474
-18.133333333333333	0.0	-18.133333333333333	0.0	-0.9523198799918556	-4.1987136098005875	-0.8449824343554505	0.16004812765366122	2.076649360931244
-17.06666666666667	0.0	-17.06666666666667	0.0	-0.8939146169143085	-4.201331770393469	-0.8449615617011054	0.16001539675610255	2.0763336419128233
-16.0	0.0	-16.0	0.0	-0.8355200321937496	-4.193979123028765	-0.8449970720420963	0.1600761152539344	2.07680390442493
-14.933333333333337	0.0	-14.933333333333337	0.0	-0.7771361736911329	-4.191600284319971	-0.8449519141349071	0.16009120366113688	2.07664427422782
-13.866666666666674	0.0	-13.866666666666674	0.0	-0.7187630453071814	-4.186392766324054	-0.8449664767014601	0.16013004074909273	2.076775369521123
-12.799999999999997	0.0	-12.799999999999997	0.0	-0.6604006053843748	-4.189580004545341	-0.8449437260447961	0.16010361993932543	2.0764191393098255
-11.733333333333334	0.0	-11.733333333333334	0.0	-0.6020487654929477	-4.181844942251295	-0.8449709517127001	0.1601697041580687	2.076704896142676
-10.666666666666671	0.0	-10.666666666666671	0.0	-0.5437073895846136	-4.169741721683478	-0.8449310092862364	0.1602733484231906	2.077211162642095
-9.599999999999994	0.0	-9.599999999999994	0.0	-0.4853762934977529	-4.170633128898466	-0.8449381564264903	0.16027555910020613	2.0770436984924543
-8.533333333333331	0.0	-8.533333333333331	0.0	-0.4270552447977797	-4.158417775495052	-0.8449010256377845	0.1603718523276795	2.0777060752760654
-7.466666666666669	0.0	-7.466666666666669	0.0	-0.36874396293640566	-4.143836085512562	-0.8449454430754877	0.16049793603765225	2.077946845904797
-6.400000000000006	0.0	-6.400000000000006	0.0	-0.31044211971353775	-4.13574252867299	-0.8448865489227657	0.1605502088907697	2.078267758941057
-5.333333333333329	0.0	-5.333333333333329	0.0	-0.2521493400255208	-4.129962498987287	-0.8448980744912832	0.16058887427565638	2.077889357570952
-4.266666666666666	0.0	-4.266666666666666	0.0	-0.1938652028834597	-4.114052621376187	-0.8448906590649838	0.16073328728826217	2.0781073882744607
-3.200000000000003	0.0	-3.200000000000003	0.0	-0.1355892426853284	-4.1076914841157945	-0.8448889634971757	0.1607856889186815	2.078375137747932
-2.13333333333334	0.0	-2.13333333333334	0.0	-0.07732095072560852	-4.102371468415254	-0.8448599027527205	0.16082063049325565	2.0778128209278752
-1.0666666666666629	0.0	-1.0666666666666629	0.0	-0.01905977692616606	-4.097547975064958	-0.8448572950123578	0.1608540160087656	2.077725069928092
0.0	0.0	0.0	0.0	0.0391948682279	-4.0837895047161155	-0.8448266460145125	0.16097684809186613	2.0779038986746223
1.0666666666666629	0.0	1.0666666666666629	0.0	0.0974436115637267	-4.073251153726302	-0.8448324195302134	0.16106057480096553	2.0780709657609138
2.1333333333333258	0.0	2.1333333333333258	0.0	0.1556871149237345	-4.06709452555272	-0.8448103449543839	0.16110468102685607	2.0782861955581082
3.200000000000003	0.0	3.200000000000003	0.0	0.2139260727125422	-4.054335431455038	-0.8448319902725399	0.1612131437093563	2.078711074802746
4.266666666666666	0.0	4.266666666666666	0.0	0.27216120930401666	-4.052627661997727	-0.8447934000077463	0.16123371588333005	2.0780796904231185
5.333333333333329	0.0	5.333333333333329	0.0	0.33039327632474647	-4.053746307493309	-0.844819541800026	0.1612221366576036	2.0777034889985866
6.400000000000006	0.0	6.400000000000006	0.0	0.38862304983020113	-4.047826554435077	-0.8448030046481776	0.16127224175947294	2.077443627134851
7.466666666666669	0.0	7.466666666666669	0.0	0.44685132738985966	-4.0423067622135616	-0.8447922946692384	0.1613279808682991	2.0770311534369634
8.533333333333331	0.0	8.533333333333331	0.0	0.5050789250975919	-4.030113998495185	-0.8447770989476182	0.16142281461968494	2.077657987685259
9.599999999999994	0.0	9.599999999999994	0.0	0.5633066745235548	-4.028254636690689	-0.8448031656198051	0.1614291247074764	2.0773677343782846
10.666666666666671	0.0	10.666666666666671	0.0	0.621535419623892	-4.02480971508836	-0.8447710786087553	0.16147011881523832	2.076800684992383
11.733333333333334	0.0	11.733333333333334	0.0	0.6797660136245051	-4.017749274153042	-0.8447680308792783	0.16152083560929179	2.076882973688279
12.799999999999997	0.0	12.799999999999997	0.0	0.7379993158951843	-4.011185516539597	-0.8447597354747494	0.161572153364087	2.0770826321633864
13.86666666666666	0.0	13.86666666666666	0.0	0.7962361888303604	-4.012317340245734	-0.8447688572002983	0.16157084412818468	2.076543430869013
14.933333333333337	0.0	14.933333333333337	0.0	0.8544774947527677	-4.002578331431517	-0.8447422754189036	0.1616436354980669	2.0768113091197864
16.0	0.0	16.0	0.0	0.9127240928562825	-4.001095782743734	-0.8447565267736441	0.16165769368685434	2.076723890794701
17.066666666666663	0.0	17.066666666666663	0.0	0.9709768362042303	-3.9988517631385516	-0.8447560867845296	0.1616776863629697	2.076522461631693
18.133333333333326	0.0	18.133333333333326	0.0	1.0292365687994187	-3.9970367329202237	-0.8447474801681879	0.16168630371075313	2.075922670616788
19.200000000000003	0.0	19.200000000000003	0.0	1.0875041227421884	-3.9975935981678385	-0.8447343126890716	0.1616917767460828	2.075791274843114
20.266666666666666	0.0	20.266666666666666	0.0	1.1457803154927464	-3.9888953245815655	-0.8447303742499227	0.16175815071375493	2.0761090113725955
21.33333333333333	0.0	21.33333333333333	0.0	1.2040659472540736	-3.9824635637025385	-0.8447152321855108	0.16180893189645917	2.07598979578539
22.400000000000006	0.0	22.400000000000006	0.0	1.2623617984916657	-3.979758049173222	-0.8447348277982789	0.1618325732627941	2.076295588220123
23.46666666666667	0.0	23.46666666666667	0.0	1.3206686276063948	-3.982258979495636	-0.844702375918208	0.161808159232648	2.0756887895737095
24.53333333333333	0.0	24.53333333333333	0.0	1.3789871687767694	-3.978759467048749	-0.8447241929394328	0.16184305788145487	2.075598033770216
25.599999999999994	0.0	25.599999999999994	0.0	1.4373181299868607	-3.967746206832526	-0.8446969780029713	0.16192505682842068	2.075698587380094
26.66666666666667	0.0	26.66666666666667	0.0	1.4956621912561816	-3.9668520845627553	-0.8447097698816232	0.16192718165390155	2.075743981379002
27.733333333333334	0.0	27.733333333333334	0.0	1.5540200030877847	-3.9595704149542676	-0.8446978365183169	0.16199784819830282	2.076303744115907
28.799999999999997	0.0	28.799999999999997	0.0	1.6123921851508696	-3.9635936754193	-0.8447136653950047	0.16196043839210958	2.075425321945526
29.86666666666666	0.0	29.86666666666666	0.0	1.670779325214162	-3.9570949825376265	-0.8446941449023297	0.16200515631018408	2.0753672755767054
30.933333333333337	0.0	30.933333333333337	0.0	1.7291819783463485	-3.9555164303713006	-0.844698179924455	0.1620277889209877	2.0755731260937473
32.0	0.0	32.0	0.0	1.7876006663998416	-3.950111722131897	-0.8446847226964098	0.16205829841008917	2.075329221884003
33.06666666666666	0.0	33.06666666666666	0.0	1.8460358777941588	-3.942631842792947	-0.844690013297228	0.1621344487212617	2.0753260775715487
34.133333333333326	0.0	34.133333333333326	0.0	1.9044880676151767	-3.938627158453709	-0.8446634744416008	0.16216794155118983	2.075605009207401
35.2	0.0	35.2	0.0	1.9629576580465535	-3.9406099747649312	-0.844678122859689	0.16214391385294927	2.074884446546228
36.266666666666666	0.0	36.266666666666666	0.0	2.021445039149582	-3.93129849586148	-0.8446601369631943	0.16223924125065867	2.0753472614377055
37.33333333333333	0.0	37.33333333333333	0.0	2.079950570007767	-3.922377480468743	-0.8446446836869694	0.1623111419108697	2.075629992003964
38.39999999999999	0.0	38.39999999999999	0.0	2.1384745802523812	-3.9200709180206177	-0.844632664472128	0.1623319823708889	2.075780318041014
39.46666666666667	0.0	39.46666666666667	0.0	2.1970173719853	-3.918397263816861	-0.8446663397365675	0.16233116678131038	2.075757159589562
40.53333333333333	0.0	40.53333333333333	0.0	2.2555792221153697	-3.9159538754854997	-0.844631365967668	0.16235995923972027	2.0753235020255123
41.599999999999994	0.0	41.599999999999994	0.0	2.3141603851246044	-3.9196792525884194	-0.8446366243741612	0.1623274966282073	2.0751373115098906
42.66666666666667	0.0	42.66666666666667	0.0	2.3727610962804784	-3.913721445837487	-0.8446284684783754	0.16237406035427504	2.075097980775613
43.733333333333334	0.0	43.733333333333334	0.0	2.4313815753105863	-3.910924596006816	-0.8446305181837643	0.1623974441660064	2.0753966582644168
44.8	0.0	44.8	0.0	2.490022030555963	-3.9153636998424695	-0.8446221154648168	0.16235580617173498	2.0750696497692003
45.86666666666666	0.0	45.86666666666666	0.0	2.548682663619322	-3.911437988183606	-0.8446394038175933	0.16239889291065254	2.0750516102154974
46.93333333333334	0.0	46.93333333333334	0.0	2.607363674524507	-3.9063465521938845	-0.8446207525717055	0.16242719172273845	2.0753722764285967
48.0	0.0	48.0	0.0	2.6660652674034075	-3.9102419367981587	-0.8446458319512449	0.16241326231125267	2.0752870687805243
49.06666666666666	0.0	49.06666666666666	0.0	2.724787656726653	-3.9053034453172937	-0.844624347604716	0.16245953628839152	2.075385304398967
50.133333333333326	0.0	50.133333333333326	0.0	2.783531074094322	-3.9077582089769876	-0.8446512191350396	0.16242673027073998	2.0749932204405415
51.19999999999999	0.0	51.19999999999999	0.0	2.8422957756029708	-3.902812806447589	-0.8446190140781306	0.1624598796945298	2.0755075891785357
52.26666666666665	0.0	52.26666666666665	0.0	2.901082049805243	-3.908774980895345	-0.8446334585988235	0.1624165675953341	2.0751635820794716
53.33333333333334	0.0	53.33333333333334	0.0	2.9598902262783517	-3.903555368564495	-0.8446121459553637	0.16246439763153714	2.075440474741378
54.400000000000006	0.0	54.400000000000006	0.0	3.0187206848176857	-3.901526643145157	-0.8446140883463336	0.16247306863652966	2.07539579974907
55.46666666666667	0.0	55.46666666666667	0.0	3.0775738652718507	-3.909907126544738	-0.8446290694391179	0.16242040945150651	2.0750440338175697
56.53333333333333	0.0	56.53333333333333	0.0	3.13645027803539	-3.906551812481624	-0.8446345746687729	0.1624297994631013	2.074816097993261
57.599999999999994	0.0	57.599999999999994	0.0	3.195350515215478	-3.9078102779327093	-0.8446207954974728	0.1624194650846262	2.0750347189260676
58.66666666666666	0.0	58.66666666666666	0.0	3.2542752624888656	-3.9035385845894877	-0.8446202589253815	0.16244911605838186	2.0752580938876046
59.73333333333332	0.0	59.73333333333332	0.0	3.3132253116653385	-3.90435118009573	-0.8446104503875556	0.16244876192080174	2.0756028736504804
60.80000000000001	0.0	60.80000000000001	0.0	3.372201573973985	-3.904864636661173	-0.8446172111959045	0.1624437610689123	2.0751872127143667
61.866666666666674	0.0	61.866666666666674	0.0	3.431205094088528	-3.900843865890642	-0.8446078211843091	0.16248087039473458	2.075686578896694
62.93333333333334	0.0	62.93333333333334	0.0	3.490237064908026	-3.9019793812127666	-0.8446320742428284	0.16246165038243052	2.075363068851514
64.0	0.0	64.0	0.0	3.549298843109189	-3.903577700694929	-0.844612403509968	0.16245094040349162	2.0753107208783006
65.06666666666666	0.0	65.06666666666666	0.0	3.6083919654866037	-3.90225550121086	-0.8446206130629623	0.16246609319934494	2.075460295714427
66.13333333333333	0.0	66.13333333333333	0.0	3.667518166097146	-3.903882226819527	-0.8446276528887977	0.16244587516295156	2.075224965926699
67.19999999999999	0.0	67.19999999999999	0.0	3.7266793942248477	-3.9054842057233543	-0.844634810760493	0.16244790340545584	2.075069059539901
68.26666666666665	0.0	68.26666666666665	0.0	3.7858778331825	-3.901061123930339	-0.8445831603310022	0.1624799689536216	2.075655393326759
69.33333333333334	0.0	69.33333333333334	0.0	3.845115919966272	-3.902503537025703	-0.8446215788927256	0.16247066479356143	2.075247587806058
70.4	0.0	70.4	0.0	3.9043963657796077	-3.899999355076419	-0.8445924859539449	0.16248762047164086	2.0757361366950313
71.46666666666667	0.0	71.46666666666667	0.0	3.9637221774427083	-3.9011903090269993	-0.8446405628133097	0.162478005099768	2.0755802732340003
72.53333333333333	0.0	72.53333333333333	0.0	4.023096679703835	-3.907391097083681	-0.8446162346346985	0.16242139674415426	2.075117522731171
73.6	0.0	73.6	0.0	4.082523538468745	-3.899969575325361	-0.8446190248095724	0.16246812144184947	2.0753723408172475
74.66666666666666	0.0	74.66666666666666	0.0	4.142006784964515	-3.8954926431572816	-0.8445978409434141	0.16252052307226897	2.0757614628977326
75.73333333333332	0.0	75.73333333333332	0.0	4.201550840854042	-3.904814799845347	-0.8446274275285193	0.1624573685371433	2.075649770051244
76.80000000000001	0.0	76.80000000000001	0.0	4.261160544317486	-3.8957583214624822	-0.8445889875039108	0.16252252985188967	2.0758766863885794
77.86666666666667	0.0	77.86666666666667	0.0	4.320841177116942	-3.8961263669912283	-0.8446070592519404	0.16252728388061707	2.0757097910053552
78.93333333333334	0.0	78.93333333333334	0.0	4.380598492660622	-3.8937309160104907	-0.8445925503425964	0.1625428659341434	2.0762711098013247
80.0	0.0	80.0	0.0	4.440438745082791	-3.9044095806021284	-0.8446312586532494	0.16246779949859472	2.0756487720271544
