Hysterese	V-MOKE
Charge	2020_0446
Sample	1
Sample State	bFC
User	Meike Reginka
Sample Angle	170.0
Magnetic Field Angle	0.0
Detektor Averages	300
Hysteresus Points	150
Magnetic Field [kA/m]	80
Hysteresis Averages	100
Polarization	p-polarization
Measurement Method	Scan Both Angles
Max Voltage Correction	No
Training Effect Elimination	No
Magnetic field [kA/m]	Magnetic field transversal [kA/m]	Magnetic field longitudinal [kA/m]	Magnetic field transversal [V]	Magnetic field longitudinal [V]	Detector diff transversal [V]	Detector diff longitudinal [V]	Detector raw transversal [V]	Detector raw longitudinal [V]
80.0	0.0	80.0	0.0	4.381030188287403	-2.7433545000838073	-0.8357610244432153	0.1719300766225361	1.5961614052172743
78.93333333333334	0.0	78.93333333333334	0.0	4.319818714176459	-2.751385954069553	-0.8416278714932637	0.17184769134366454	1.5959937693645665
77.86666666666666	0.0	77.86666666666666	0.0	4.258793669369702	-2.748171962363799	-0.8415555308439384	0.171871000035303	1.5959706001816705
76.8	0.0	76.8	0.0	4.197942654193435	-2.747493509880336	-0.8416229028356996	0.17188788059328985	1.5960735790973997
75.73333333333333	0.0	75.73333333333333	0.0	4.137253993604595	-2.7423998417507183	-0.8415434794347716	0.1719256659999471	1.596394213116173
74.66666666666667	0.0	74.66666666666667	0.0	4.0767167056162315	-2.74793191074167	-0.8416176766235326	0.17187777157509307	1.5961009550054883
73.6	0.0	73.6	0.0	4.0163204706037074	-2.749103934428875	-0.8416073422450577	0.17186868204386943	1.5961047753987772
72.53333333333333	0.0	72.53333333333333	0.0	3.9560556014798554	-2.7496337457116544	-0.8416355444741663	0.17187618332170349	1.5959756224964436
71.46666666666667	0.0	71.46666666666667	0.0	3.89591301472721	-2.7518146215131543	-0.8416150044945181	0.17185293901871582	1.5958901894880946
70.4	0.0	70.4	0.0	3.8358842022755653	-2.7521933877522775	-0.841655440567306	0.17184772353799005	1.5955233995380416
69.33333333333333	0.0	69.33333333333333	0.0	3.775961204212982	-2.7565323457728454	-0.8416595399780821	0.1718184803590237	1.5957039238523814
68.26666666666667	0.0	68.26666666666667	0.0	3.716136582318465	-2.746958257756555	-0.8416147040141475	0.1718949955392184	1.5960002511554263
67.2	0.0	67.2	0.0	3.6564033944044745	-2.743974691569615	-0.8415607892504311	0.1719232621569789	1.5962167687256377
66.13333333333333	0.0	66.13333333333333	0.0	3.596755169457454	-2.749279146679511	-0.8416346108387281	0.17188744060417527	1.5961045393070576
65.06666666666666	0.0	65.06666666666666	0.0	3.5371858835645753	-2.749181672993436	-0.8415757059545642	0.17188838497105563	1.5960753283224158
64.0	0.0	64.0	0.0	3.4776899366148504	-2.746740291441698	-0.8415985102684377	0.17189718475335009	1.5961294791778524
62.93333333333334	0.0	62.93333333333334	0.0	3.4182621297628257	-2.748837676625816	-0.8416007531397784	0.17186977665093525	1.5961511137645674
61.86666666666667	0.0	61.86666666666667	0.0	3.3588976436430196	-2.7525563358461578	-0.8416627272163033	0.17184109150694382	1.5957151274776438
60.8	0.0	60.8	0.0	3.2995920173232944	-2.7445950440270503	-0.8415894529315389	0.1719090751908894	1.5962959453034042
59.733333333333334	0.0	59.733333333333334	0.0	3.2403411279853396	-2.7512713422708868	-0.8416162171474443	0.17185468824373287	1.5959941127707034
58.66666666666667	0.0	58.66666666666667	0.0	3.181141171320454	-2.7485005913067315	-0.8415934772222223	0.17187113954404676	1.5959306470237649
57.6	0.0	57.6	0.0	3.121988642628807	-2.746845083971095	-0.8416083080748211	0.1719018100047755	1.5961833939415686
56.53333333333333	0.0	56.53333333333333	0.0	3.062880318610361	-2.7463849734029537	-0.8415677754190574	0.17188535870446156	1.596058984336521
55.46666666666667	0.0	55.46666666666667	0.0	3.003813239835633	-2.7535386383733838	-0.8416640257207643	0.1718289649776842	1.5958464695941095
54.4	0.0	54.4	0.0	2.9447846938844906	-2.7478500298405657	-0.8415966322661181	0.1718816670884746	1.5961110640236855
53.33333333333333	0.0	53.33333333333333	0.0	2.885792199141142	-2.7508803958452943	-0.8416370254131386	0.17185529993591672	1.595797931282746
52.266666666666666	0.0	52.266666666666666	0.0	2.8268334892335334	-2.753918928477249	-0.8416257037420155	0.1718530356016922	1.5957956884114057
51.2	0.0	51.2	0.0	2.7679064981053	-2.7506150180204645	-0.841627109560894	0.17187359704422406	1.5958446237861152
50.13333333333333	0.0	50.13333333333333	0.0	2.7090093457084867	-2.7449245207538873	-0.841562946270237	0.17190567332383164	1.596163583699965
49.06666666666666	0.0	49.06666666666666	0.0	2.6501403243051973	-2.74682952338045	-0.8416148005971236	0.1719004256487805	1.5958678895519869
48.0	0.0	48.0	0.0	2.591297885366365	-2.7450535448789166	-0.8415775410311163	0.1718998032251548	1.5961452222030068
46.93333333333334	0.0	46.93333333333334	0.0	2.532480627055822	-2.7454738310664566	-0.8416131372236417	0.17190172415324098	1.5961518113082847
45.86666666666667	0.0	45.86666666666667	0.0	2.4736872822878553	-2.7498850438848113	-0.841600238030571	0.1718658167489028	1.595911598714531
44.8	0.0	44.8	0.0	2.4149167073464275	-2.749955313365866	-0.8416156483810275	0.17186786645429084	1.5959649125175048
43.733333333333334	0.0	43.733333333333334	0.0	2.356167871054244	-2.7465553886990945	-0.8415700719476077	0.17187797547248787	1.5960830227662033
42.666666666666664	0.0	42.666666666666664	0.0	2.2974398444798476	-2.750745437232932	-0.8416212716565431	0.17186607430350662	1.5959812779662845
41.6	0.0	41.6	0.0	2.2387317911709355	-2.7450168111535582	-0.8415630428532138	0.17192403482078997	1.596107522647884
40.53333333333333	0.0	40.53333333333333	0.0	2.1800429579020566	-2.7486649755325674	-0.8416089626927722	0.171870517120421	1.5962029466285708
39.46666666666667	0.0	39.46666666666667	0.0	2.1213726659248966	-2.751456405985116	-0.841593863554128	0.17184328072107544	1.5958092314909846
38.4	0.0	38.4	0.0	2.0627203027093186	-2.749781839608805	-0.8416381951402973	0.17186226464165966	1.5960549171200693
37.333333333333336	0.0	37.333333333333336	0.0	2.0040853141633432	-2.7494718511803184	-0.8415981883251828	0.1718650977423007	1.5959125967386203
36.266666666666666	0.0	36.266666666666666	0.0	1.9454671973202513	-2.7588335639629418	-0.8416788029161535	0.17179330439650797	1.5957303875879147
35.2	0.0	35.2	0.0	1.8868654934810003	-2.753058213185872	-0.8416266051831289	0.17184502994609258	1.5958226994504727
34.13333333333333	0.0	34.13333333333333	0.0	1.8282797818001153	-2.755464814134665	-0.8417017252758862	0.1718197359377169	1.595520373271448
33.06666666666667	0.0	33.06666666666667	0.0	1.7697096733032631	-2.7578430626141652	-0.8416341386552879	0.17182088420199193	1.5956114939439636
32.0	0.0	32.0	0.0	1.7111548053246695	-2.7553375285032105	-0.8416579302618087	0.1718139838849	1.5958934518464083
30.933333333333337	0.0	30.933333333333337	0.0	1.652614836352576	-2.7542286808140135	-0.841622774058398	0.17183377266362068	1.595804413073607
29.866666666666667	0.0	29.866666666666667	0.0	1.5940894412709112	-2.7522705253560997	-0.8416645408299713	0.17184894692235791	1.5958399019517149
28.799999999999997	0.0	28.799999999999997	0.0	1.5355783069853621	-2.752793908505224	-0.8416264334800598	0.17184519091771988	1.5957706197633084
27.733333333333334	0.0	27.733333333333334	0.0	1.4770811284220267	-2.753593658475606	-0.8416350400964009	0.17185058883295656	1.595842209211705
26.666666666666664	0.0	26.666666666666664	0.0	1.4185976048868278	-2.7552590387377194	-0.8416435930555342	0.17181525019503496	1.5958919816388786
25.6	0.0	25.6	0.0	1.360127436773878	-2.7474735064727787	-0.8416109909352769	0.17188869618286845	1.5961629183505714
24.53333333333333	0.0	24.53333333333333	0.0	1.3016703226109647	-2.7496288629056242	-0.8415941533030573	0.1718616422180338	1.596458451526923
23.46666666666667	0.0	23.46666666666667	0.0	1.243225956430354	-2.7583859984502914	-0.8416842008313903	0.17180884352426698	1.5959103860616048
22.4	0.0	22.4	0.0	1.1847940254530787	-2.757693326806416	-0.8416577907530645	0.17180274806531182	1.5955889042589269
21.333333333333336	0.0	21.333333333333336	0.0	1.1263742080749082	-2.750517801888995	-0.8416480787982156	0.17185826181385985	1.5961449753798453
20.266666666666666	0.0	20.266666666666666	0.0	1.0679661721421683	-2.752646984335233	-0.8415995619497357	0.17185155466272076	1.5960818745019285
19.200000000000003	0.0	19.200000000000003	0.0	1.0095695735056076	-2.7579795772855875	-0.8416829881784641	0.1718119663738375	1.5960273587774703
18.133333333333333	0.0	18.133333333333333	0.0	0.9511840548404781	-2.758855048309471	-0.8416640901094149	0.17179995789043795	1.5959249915539249
17.06666666666667	0.0	17.06666666666667	0.0	0.8928092447210244	-2.760244308573489	-0.8417087329073963	0.17178553483262848	1.5960139981324004
16.0	0.0	16.0	0.0	0.8344447569375557	-2.7623283545754242	-0.8416840076654374	0.171764705104051	1.5959483431713302
14.933333333333337	0.0	14.933333333333337	0.0	0.7760901900442883	-2.766779853226382	-0.8417428052351831	0.17172706993757939	1.5956014171200927
13.866666666666674	0.0	13.866666666666674	0.0	0.7177451271261349	-2.76232822579812	-0.8416917128406657	0.17176094909941308	1.5961198745374225
12.799999999999997	0.0	12.799999999999997	0.0	0.6594091357726295	-2.7667339226553804	-0.841751851840639	0.1717198047514655	1.596246430430835
11.733333333333334	0.0	11.733333333333334	0.0	0.6010817682471681	-2.770340567085979	-0.8417273841532834	0.171695294138343	1.5961220208257865
10.666666666666671	0.0	10.666666666666671	0.0	0.5427625618397398	-2.7829880112629386	-0.8418465675461648	0.17160035307253899	1.5958839330575123
9.599999999999994	0.0	9.599999999999994	0.0	0.4844510393913435	-2.7772147423855817	-0.841811926451962	0.17165715459410566	1.596057353157364
8.533333333333331	0.0	8.533333333333331	0.0	0.4261467099782665	-2.786631282104476	-0.8418797598957221	0.17155360691196012	1.5960086216800478
7.466666666666669	0.0	7.466666666666669	0.0	0.36784906974439924	-2.7995054494528206	-0.8419380423562605	0.1714628725713507	1.5959734976709625
6.400000000000006	0.0	6.400000000000006	0.0	0.30955760286978407	-2.812871621214399	-0.8420425022109609	0.1713631130881684	1.5957484807988291
5.333333333333329	0.0	5.333333333333329	0.0	0.25127178266356687	-2.8120548082515198	-0.8420054143480222	0.17135820881925565	1.5962448743717708
4.266666666666666	0.0	4.266666666666666	0.0	0.19299107276954444	-2.825689802630754	-0.8421526389983857	0.1712464837784413	1.5962213081255292
3.200000000000003	0.0	3.200000000000003	0.0	0.13471492847247593	-2.829848365114285	-0.842112342434342	0.17121754107984596	1.596335415546427
2.13333333333334	0.0	2.13333333333334	0.0	0.07644279809335723	-2.8493017970095083	-0.8422803753503985	0.17104624580547478	1.5958073534886668
1.0666666666666629	0.0	1.0666666666666629	0.0	0.018174124461827576	-2.8545330744176165	-0.8422885741719516	0.17100741944896092	1.595942891598884
0.0	0.0	0.0	0.0	-0.0400916535461	-2.864362935618305	-0.8423588007272378	0.17093024965081519	1.5958935162350594
-1.0666666666666629	0.0	-1.0666666666666629	0.0	-0.09835509941681445	-2.8685164757870614	-0.842368866819667	0.17089849531446238	1.5963071489286675
-2.1333333333333258	0.0	-2.1333333333333258	0.0	-0.156616777366191	-2.8787775585145026	-0.8424458112575346	0.17082252743780071	1.59602953726016
-3.200000000000003	0.0	-3.200000000000003	0.0	-0.21487725067681432	-2.887527353752966	-0.8424699462701938	0.1707324691780261	1.5960000794523566
-4.266666666666666	0.0	-4.266666666666666	0.0	-0.27313708001714876	-2.8974391173176417	-0.8425642649123717	0.17065592180350592	1.5959309904299033
-5.333333333333329	0.0	-5.333333333333329	0.0	-0.331396821754486	-2.90198475217627	-0.8425725817797839	0.17062395283831674	1.596018269246246
-6.400000000000006	0.0	-6.400000000000006	0.0	-0.3896570262734731	-2.9058212748221477	-0.8426059887581774	0.17058637132905413	1.5961184365242178
-7.466666666666669	0.0	-7.466666666666669	0.0	-0.4479182363120456	-2.9134653666838655	-0.842613962219452	0.17053134049538834	1.5958094890455894
-8.533333333333331	0.0	-8.533333333333331	0.0	-0.506180985326591	-2.9185527569200174	-0.8426717510336661	0.1704844870203911	1.596035171267117
-9.599999999999994	0.0	-9.599999999999994	0.0	-0.564445795898144	-2.928596828430925	-0.842705469223872	0.17039801306218524	1.595490840343553
-10.666666666666671	0.0	-10.666666666666671	0.0	-0.6227131781914472	-2.924229260386461	-0.8427097939949268	0.17043072249686034	1.5960908996445011
-11.733333333333334	0.0	-11.733333333333334	0.0	-0.6809836284786798	-2.9392362481398226	-0.8427589439984742	0.17032038181204123	1.5957433940954047
-12.799999999999997	0.0	-12.799999999999997	0.0	-0.7392576277396917	-2.939011327850663	-0.8428031253444576	0.17030925330687122	1.5958057330409507
-13.86666666666666	0.0	-13.86666666666666	0.0	-0.7975356403505398	-2.936788577963174	-0.842743522916576	0.17033537363626716	1.596193964411764
-14.933333333333337	0.0	-14.933333333333337	0.0	-0.8558181128721578	-2.947391360529687	-0.8428285159358099	0.17023348932760426	1.5961106025716858
-16.0	0.0	-16.0	0.0	-0.9141054729509707	-2.960504044903979	-0.8428880861693664	0.1701501596818523	1.5954146041808457
-17.066666666666663	0.0	-17.066666666666663	0.0	-0.9723981283432802	-2.9605985996378776	-0.8428830853174769	0.17014838899395152	1.5957425892372672
-18.133333333333326	0.0	-18.133333333333326	0.0	-1.0306964660752267	-2.963560091248988	-0.8428673530237651	0.17011810486512854	1.5958960703182123
-19.200000000000003	0.0	-19.200000000000003	0.0	-1.0890008517501555	-2.97149121698513	-0.8429548679318277	0.17004910169420956	1.5958071925170387
-20.266666666666666	0.0	-20.266666666666666	0.0	-1.147311629015197	-2.9671981251469153	-0.8429262686393711	0.17008221892367395	1.5962247314554707
-21.33333333333333	0.0	-21.33333333333333	0.0	-1.2056291191988913	-2.970501681466119	-0.8429589244168365	0.17005304013335842	1.5964813416923307
-22.400000000000006	0.0	-22.400000000000006	0.0	-1.263953621131659	-2.990056804504052	-0.843036437621121	0.1698909417046292	1.5957948191646174
-23.46666666666667	0.0	-23.46666666666667	0.0	-1.322285411160945	-2.997693062413239	-0.8430639101121871	0.16983481626389735	1.5957262452513716
-24.53333333333333	0.0	-24.53333333333333	0.0	-1.3806247433728562	-3.0067011527249248	-0.8430984224290878	0.1697597820226744	1.5955929070867259
-25.599999999999994	0.0	-25.599999999999994	0.0	-1.438971850032102	-3.0141606101300886	-0.8431575848678559	0.16970087713851056	1.5953967470616532
-26.66666666666667	0.0	-26.66666666666667	0.0	-1.497326942252062	-3.022184423329254	-0.8431839198260875	0.1696400727891441	1.5956566518511528
-27.733333333333334	0.0	-27.733333333333334	0.0	-1.555690210906793	-3.025119290233204	-0.8432074431465627	0.16961032523241198	1.5954848521990161
-28.799999999999997	0.0	-28.799999999999997	0.0	-1.614061827796803	-3.0332643150677527	-0.8432194945557295	0.16954021672298553	1.5957071110906023
-29.86666666666666	0.0	-29.86666666666666	0.0	-1.6724419470803977	-3.0420051280894107	-0.8432800306190502	0.16947876848710977	1.5957134104469524
-30.933333333333337	0.0	-30.933333333333337	0.0	-1.7308307069824265	-3.0457305910438675	-0.8432941746593725	0.16944926775353975	1.5958690485477038
-32.0	0.0	-32.0	0.0	-1.7892282317922377	-3.0531216033130835	-0.8433582413670527	0.16939173649392905	1.5955955577528567
-33.06666666666666	0.0	-33.06666666666666	0.0	-1.8476346341626735	-3.0563358203791156	-0.8433293952514336	0.16935180479890743	1.5958025672656126
-34.133333333333326	0.0	-34.133333333333326	0.0	-1.9060500177219062	-3.0594203372392803	-0.8433799510738595	0.1693295477885676	1.5957898934328214
-35.2	0.0	-35.2	0.0	-1.9644744800099465	-3.0624395532759534	-0.8433459324032824	0.16930108800485416	1.5959093236488635
-36.266666666666666	0.0	-36.266666666666666	0.0	-2.0229081157516333	-3.060796891476181	-0.843381786150411	0.16932007192543824	1.5959806126168905
-37.33333333333333	0.0	-37.33333333333333	0.0	-2.0813510204779293	-3.065529006599357	-0.843367835276042	0.16927892757749072	1.5960605082012589
-38.39999999999999	0.0	-38.39999999999999	0.0	-2.139803294507338	-3.069334021732044	-0.8434031953768475	0.16924292359017618	1.5957243672490535
-39.46666666666667	0.0	-39.46666666666667	0.0	-2.1982650472992535	-3.0658829832078722	-0.8433809920237165	0.16928144946631882	1.5958566751952827
-40.53333333333333	0.0	-40.53333333333333	0.0	-2.256736402191068	-3.0728634105129613	-0.843437589647889	0.16921204923205269	1.5957623028958954
-41.599999999999994	0.0	-41.599999999999994	0.0	-2.315217501530861	-3.0699226627788954	-0.8434060606718137	0.16925536133124852	1.5958343108705249
-42.66666666666667	0.0	-42.66666666666667	0.0	-2.37370851221747	-3.071033173841572	-0.8433979477017961	0.16922639716976942	1.5959088729283066
-43.733333333333334	0.0	-43.733333333333334	0.0	-2.432209631659771	-3.0780309968138555	-0.8434217285768753	0.16918113194816198	1.5955138163604943
-44.8	0.0	-44.8	0.0	-2.4907210941669966	-3.0691579295031786	-0.8434373535561686	0.1692377510352176	1.5958162176596125
-45.86666666666666	0.0	-45.86666666666666	0.0	-2.549243177781886	-3.0743921044005793	-0.8433829666090114	0.16921442088069555	1.5956837272788704
-46.93333333333334	0.0	-46.93333333333334	0.0	-2.6077762115685053	-3.0753551976469424	-0.8434449406855369	0.16919625254968998	1.5957301407647533
-48.0	0.0	-48.0	0.0	-2.666320583366545	-3.0802433050084512	-0.8434043865668894	0.16914155439072054	1.5953352666314518
-49.06666666666666	0.0	-49.06666666666666	0.0	-2.724876748023921	-3.074242390055714	-0.8434205266553909	0.16921155558572884	1.5955612815276756
-50.133333333333326	0.0	-50.133333333333326	0.0	-2.7834452361194826	-3.0724997004867123	-0.8433972286951942	0.169227631285579	1.5956274301350695
-51.19999999999999	0.0	-51.19999999999999	0.0	-2.842026663187659	-3.0725261964165727	-0.8434229412298009	0.16922327432019912	1.5959704070157172
-52.26666666666665	0.0	-52.26666666666665	0.0	-2.9006217394568647	-3.070580918688846	-0.8433886435417359	0.16923531499792396	1.59604331643146
-53.33333333333334	0.0	-53.33333333333334	0.0	-2.9592312801134577	-3.0729519663708813	-0.8434500703147286	0.16920968831485173	1.5958189863716024
-54.400000000000006	0.0	-54.400000000000006	0.0	-3.0178562161030937	-3.0770720351725935	-0.8434185628015374	0.16919170241835715	1.5956890178796899
-55.46666666666667	0.0	-55.46666666666667	0.0	-3.076497605481298	-3.0717231948193184	-0.8434212563934349	0.16922018366495425	1.5956379254851725
-56.53333333333333	0.0	-56.53333333333333	0.0	-3.135156645325031	-3.075892918002342	-0.8434367525954265	0.16920576060714457	1.5955972103948988
-57.599999999999994	0.0	-57.599999999999994	0.0	-3.193834684217122	-3.0707987669578425	-0.8434427729342889	0.16922776006288082	1.595824201852328
-58.66666666666666	0.0	-58.66666666666666	0.0	-3.25253323531534	-3.0688826036317804	-0.8433937839023693	0.16926834637585364	1.596135370739413
-59.73333333333332	0.0	-59.73333333333332	0.0	-3.311253990017958	-3.069712401639265	-0.8433989242630018	0.16924308456180348	1.5959662110219657
-60.80000000000001	0.0	-60.80000000000001	0.0	-3.3699988322376004	-3.071467389440593	-0.8434165560219163	0.1692289512529232	1.5960723449815897
-61.866666666666674	0.0	-61.866666666666674	0.0	-3.4287698532951953	-3.075371241152467	-0.843413991207321	0.16921498964711215	1.5959143781579614
-62.93333333333334	0.0	-62.93333333333334	0.0	-3.4875693674458788	-3.06519138470818	-0.8433722780929568	0.16929448816813322	1.5963059899329497
-64.0	0.0	-64.0	0.0	-3.546399928048623	-3.071750259515594	-0.8434182086639571	0.1692303141460347	1.5960634378848768
-65.06666666666666	0.0	-65.06666666666666	0.0	-3.605264344391439	-3.068929381986684	-0.8433691123176194	0.16926896879947925	1.595962261851374
-66.13333333333333	0.0	-66.13333333333333	0.0	-3.6641656991839646	-3.0776576392214063	-0.8434227587952897	0.16919373066086166	1.5960168526959262
-67.19999999999999	0.0	-67.19999999999999	0.0	-3.723107366729244	-3.0759026943458423	-0.8434105786088214	0.169186390354655	1.5956012132226975
-68.26666666666665	0.0	-68.26666666666665	0.0	-3.782093031786535	-3.068368664151458	-0.843392217111863	0.1692510902174032	1.5962067348275324
-69.33333333333334	0.0	-69.33333333333334	0.0	-3.8411267091369456	-3.0624591059629553	-0.8433633817276859	0.16929791149807483	1.5964539335899142
-70.4	0.0	-70.4	0.0	-3.9002127638637214	-3.0634498970606603	-0.8433632851447099	0.16930409280856445	1.5964785085916884
-71.46666666666667	0.0	-71.46666666666667	0.0	-3.959355932359017	-3.0668169083953636	-0.8433973682039376	0.16927058924719468	1.5963333121838295
-72.53333333333333	0.0	-72.53333333333333	0.0	-4.018561344068946	-3.0665917627459236	-0.8434045153441916	0.16927465646364534	1.5963319922164851
-73.6	0.0	-73.6	0.0	-4.077834543988736	-3.0704965158989115	-0.8433992032804898	0.1692467332520231	1.5962633002573805
-74.66666666666666	0.0	-74.66666666666666	0.0	-4.137181515919814	-3.068027597467455	-0.8433788886611195	0.16926036218313772	1.59615919454026
-75.73333333333332	0.0	-75.73333333333332	0.0	-4.19660870650064	-3.0731586861347084	-0.8433977116100757	0.16922850053236665	1.5961508132841962
-76.80000000000001	0.0	-76.80000000000001	0.0	-4.256123050023082	-3.0719652639525106	-0.8434243577801211	0.16922341382894276	1.5960867465765163
-77.86666666666667	0.0	-77.86666666666667	0.0	-4.315731994046186	-3.076458872781178	-0.8433857245895602	0.1691898458789218	1.5959696128890228
-78.93333333333334	0.0	-78.93333333333334	0.0	-4.375443525819141	-3.0758777866693743	-0.8434371389273325	0.1691944174731383	1.5958285051604986
-80.0	0.0	-80.0	0.0	-4.435266199525242	-3.0646268572111057	-0.8433731688026279	0.16928349917170699	1.5962847738724668
-80.0	0.0	-80.0	0.0	-4.380060909566294	-3.074187595313769	-0.8385046892482128	0.16922161094671662	1.5958455681529957
-78.93333333333334	0.0	-78.93333333333334	0.0	-4.318197730509417	-3.0757748184850873	-0.8434305927478201	0.16919268971100482	1.5956690252035741
-77.86666666666666	0.0	-77.86666666666666	0.0	-4.256627645195748	-3.0774891341219086	-0.8434396608161605	0.169185488913542	1.5959256676347595
-76.8	0.0	-76.8	0.0	-4.195328882143961	-3.0786623382677134	-0.8434266006514624	0.16917031465480506	1.5956176752544533
-75.73333333333333	0.0	-75.73333333333333	0.0	-4.1342809326230165	-3.0745365066817443	-0.8434499093431012	0.16920662985393237	1.5957178961896334
-74.66666666666667	0.0	-74.66666666666667	0.0	-4.073464498932334	-3.0720813996159126	-0.8434091513270586	0.16923244970295734	1.595980601885449
-73.6	0.0	-73.6	0.0	-4.012861444010001	-3.0713776960498427	-0.8434223188061751	0.1692437821055219	1.5959831452371604
-72.53333333333333	0.0	-72.53333333333333	0.0	-3.9524547423527756	-3.0661783876069224	-0.8433616646969948	0.16929025998005529	1.596342208549101
-71.46666666666667	0.0	-71.46666666666667	0.0	-3.8922284322315646	-3.0708704422577755	-0.8434182193953987	0.16925785102575128	1.5961927410273957
-70.4	0.0	-70.4	0.0	-3.832167569186148	-3.070539667026481	-0.8434070372330201	0.16924659374327944	1.5961522191030746
-69.33333333333333	0.0	-69.33333333333333	0.0	-3.7722581807828357	-3.0759121594775314	-0.8434233168302647	0.16920588938444658	1.5959696880091157
-68.26666666666667	0.0	-68.26666666666667	0.0	-3.712487222618799	-3.0736312559068057	-0.843397475518356	0.1692326106745846	1.595956262975396
-67.2	0.0	-67.2	0.0	-3.652842535556789	-3.069870583091728	-0.8434176720918657	0.16925023170205733	1.5960003584698448
-66.13333333333333	0.0	-66.13333333333333	0.0	-3.5933128041739804	-3.0708195966864196	-0.8433916376140044	0.1692498239072679	1.5962061124039062
-65.06666666666666	0.0	-65.06666666666666	0.0	-3.533887516408651	-3.0731264059577073	-0.8434120273534674	0.16923424185374178	1.5961258197561923
-64.0	0.0	-64.0	0.0	-3.474556924388418	-3.0669467588414148	-0.8433751219250396	0.16927592277378037	1.5961931595536274
-62.93333333333334	0.0	-62.93333333333334	0.0	-3.4153120064237723	-3.068340032664675	-0.8434085825606422	0.1692568100758945	1.5964120487724822
-61.86666666666667	0.0	-61.86666666666667	0.0	-3.356144430150613	-3.0649911038094433	-0.8433807344691131	0.16926108118973993	1.5963051099547212
-60.8	0.0	-60.8	0.0	-3.2970465168055205	-3.0675276195929437	-0.843396552614359	0.1692666508080457	1.5963648518913471
-59.733333333333334	0.0	-59.733333333333334	0.0	-3.2380112066174873	-3.074165992921379	-0.8434129395260225	0.16921742568440568	1.5959731757277078
-58.66666666666667	0.0	-58.66666666666667	0.0	-3.179032025299821	-3.0707657248484703	-0.843418348172701	0.16924992049024434	1.5961863021623037
-57.6	0.0	-57.6	0.0	-3.1201030516259602	-3.0698815828195984	-0.843383213432174	0.16925221701879425	1.5961679513967875
-56.53333333333333	0.0	-56.53333333333333	0.0	-3.061218886072913	-3.0738982541793485	-0.8434500917776124	0.16921185606609995	1.5959150864331224
-55.46666666666667	0.0	-55.46666666666667	0.0	-3.002374620516045	-3.075406912465086	-0.8434155794607109	0.16920907662266788	1.5959760088283486
-54.4	0.0	-54.4	0.0	-2.943565808958942	-3.076556840113577	-0.8434595354464155	0.1691863045031205	1.5958053359776037
-53.33333333333333	0.0	-53.33333333333333	0.0	-2.884788439282071	-3.0769808501114295	-0.8434166418734513	0.16919324774597957	1.5958292241671004
-52.266666666666666	0.0	-52.266666666666666	0.0	-2.826038905993961	-3.0774335989104777	-0.8434513044305377	0.16918414748331417	1.595498803073385
-51.2	0.0	-51.2	0.0	-2.7673139839686236	-3.0771277313556515	-0.8434150643515033	0.1691906614685004	1.5959555117744673
-50.13333333333333	0.0	-50.13333333333333	0.0	-2.7086108031529483	-3.0718835118287053	-0.843411683947329	0.1692339628362544	1.5958843301208592
-49.06666666666666	0.0	-49.06666666666666	0.0	-2.649926824227785	-3.0736950757913233	-0.8434032919598239	0.1692073810548599	1.5958114099736749
-48.0	0.0	-48.0	0.0	-2.591259815206436	-3.0698751976117133	-0.8434193140024648	0.1692587202725389	1.5961001716102357
-46.93333333333334	0.0	-46.93333333333334	0.0	-2.532607828954294	-3.076361924935755	-0.8434232739044972	0.169181743640346	1.5954842083125071
-45.86666666666667	0.0	-45.86666666666667	0.0	-2.473969181613334	-3.0747292648397617	-0.8434212456619932	0.16921871345742445	1.5956949523670179
-44.8	0.0	-44.8	0.0	-2.415342431915193	-3.075906536202017	-0.8434268689375078	0.16919625254968984	1.5955396469409622
-43.733333333333334	0.0	-43.733333333333334	0.0	-2.356726361366558	-3.0754054100632287	-0.8434329000078116	0.16920425820528956	1.5956895222574548
-42.666666666666664	0.0	-42.666666666666664	0.0	-2.29811995529058	-3.0735226966413283	-0.8434253343413277	0.16921937880681753	1.5959490514464918
-41.6	0.0	-41.6	0.0	-2.2395223847080508	-3.0700890430529086	-0.8433838465872412	0.16924578888514272	1.595860098525224
-40.53333333333333	0.0	-40.53333333333333	0.0	-2.180932989042046	-3.0695761230595604	-0.8433830953863141	0.16926039437746315	1.5962167365313116
-39.46666666666667	0.0	-39.46666666666667	0.0	-2.122351259629783	-3.078317461921864	-0.8434630017021246	0.1691821836294606	1.5957271466924845
-38.4	0.0	-38.4	0.0	-2.0637768240253935	-3.072193478794306	-0.8433985701254219	0.1692383734588434	1.5957240453057973
-37.333333333333336	0.0	-37.333333333333336	0.0	-2.0052094310773465	-3.069761809197415	-0.8434115337071433	0.16925043559945177	1.5960682241079305
-36.266666666666666	0.0	-36.266666666666666	0.0	-1.946648936764245	-3.072640132134402	-0.8433800047310689	0.16923842711605247	1.5957782712813273
-35.2	0.0	-35.2	0.0	-1.8880952907727155	-3.0669247164599103	-0.843389265965362	0.1692686039304575	1.596173220534722
-34.13333333333333	0.0	-34.13333333333333	0.0	-1.8295485238011158	-3.0716643113980395	-0.843411426392725	0.16923958611176926	1.5958489700200544
-33.06666666666667	0.0	-33.06666666666667	0.0	-1.771008735572786	-3.0692749666076975	-0.8434168886966128	0.16925586570901408	1.5959337591418938
-32.0	0.0	-32.0	0.0	-1.7124760835425616	-3.075213789438048	-0.8433876669805305	0.16919522233127504	1.595712680708908
-30.933333333333337	0.0	-30.933333333333337	0.0	-1.6539507722802793	-3.0694177484411442	-0.8433949750924115	0.1692447693981696	1.5957416448703876
-29.866666666666667	0.0	-29.866666666666667	0.0	-1.5954330435149888	-3.06902485962458	-0.8433528756461415	0.16925395551236966	1.5959175332018578
-28.799999999999997	0.0	-28.799999999999997	0.0	-1.536923166823607	-3.07136949722829	-0.8433986774398403	0.16922748104539356	1.5955847082651737
-27.733333333333334	0.0	-27.733333333333334	0.0	-1.478421430947724	-3.0790573411783173	-0.843416910159497	0.16916953125955192	1.5951893512169912
-26.666666666666664	0.0	-26.666666666666664	0.0	-1.4199281357222944	-3.070581337215076	-0.8434169852795899	0.16925222775023613	1.5956579825499388
-25.6	0.0	-25.6	0.0	-1.3614435845999364	-3.067111947925389	-0.8433699922958487	0.169279152937769	1.5958126977466938
-24.53333333333333	0.0	-24.53333333333333	0.0	-1.302968077754553	-3.071803927456151	-0.8434266435772301	0.1692494805011297	1.5956966801291503
-23.46666666666667	0.0	-23.46666666666667	0.0	-1.2445019057480127	-3.0690704575208834	-0.8433898347317785	0.16924156069706464	1.5958880110054041
-22.4	0.0	-22.4	0.0	-1.1860453437435996	-3.068708271359373	-0.8433978618502617	0.16927326137620846	1.5957035589833595
-21.333333333333336	0.0	-21.333333333333336	0.0	-1.1275986462499692	-3.065033439347435	-0.8433640578085213	0.16928837124629456	1.5958804560703606
-20.266666666666666	0.0	-20.266666666666666	0.0	-1.0691620423793182	-3.0668803204850916	-0.8434078098968311	0.16927300382160457	1.5958387214931133
-19.200000000000003	0.0	-19.200000000000003	0.0	-1.010735731603509	-3.0633031123994128	-0.8433573828517072	0.16930716200092577	1.5959927391461508
-18.133333333333333	0.0	-18.133333333333333	0.0	-0.9523198799918556	-3.068404024252261	-0.8434029914794521	0.16925939635337378	1.5958469847033165
-17.06666666666667	0.0	-17.06666666666667	0.0	-0.8939146169143085	-3.0683926918496964	-0.8434027661191753	0.16926108118973976	1.5955949889864396
-16.0	0.0	-16.0	0.0	-0.8355200321937496	-3.0690713589619976	-0.8434142809562502	0.16927078241314747	1.5956175572085938
-14.933333333333337	0.0	-14.933333333333337	0.0	-0.7771361736911329	-3.064922004055548	-0.843364572917728	0.16929798661816753	1.595690981733543
-13.866666666666674	0.0	-13.866666666666674	0.0	-0.7187630453071814	-3.0646209656495444	-0.8433909186074021	0.16928829612620175	1.5956297910522717
-12.799999999999997	0.0	-12.799999999999997	0.0	-0.6604006053843748	-3.057493088333816	-0.8433374652956848	0.16936386693951597	1.5959816750296323
-11.733333333333334	0.0	-11.733333333333334	0.0	-0.6020487654929477	-3.0528733206750798	-0.8433365531231296	0.1693818421045686	1.5962520322434668
-10.666666666666671	0.0	-10.666666666666671	0.0	-0.5437073895846136	-3.055920846255282	-0.843319350621888	0.16936199966863882	1.596112223019403
-9.599999999999994	0.0	-9.599999999999994	0.0	-0.4853762934977529	-3.0574089752928097	-0.8433633280704769	0.16934224308424348	1.5957028936339668
-8.533333333333331	0.0	-8.533333333333331	0.0	-0.4270552447977797	-3.0527883276558456	-0.8433064406973753	0.16937916997555483	1.595745154051864
-7.466666666666669	0.0	-7.466666666666669	0.0	-0.36874396293640566	-3.0504203062404027	-0.8433119351955886	0.16940691075266603	1.595976201994302
-6.400000000000006	0.0	-6.400000000000006	0.0	-0.31044211971353775	-3.0485745733670213	-0.8432901503686889	0.16943889044929716	1.5961097655192247
-5.333333333333329	0.0	-5.333333333333329	0.0	-0.2521493400255208	-3.043546463615497	-0.8433087586888091	0.1694690672637021	1.5961334820056532
-4.266666666666666	0.0	-4.266666666666666	0.0	-0.1938652028834597	-3.0374105471246304	-0.8432345078428394	0.16951189644801584	1.5962117464108656
-3.200000000000003	0.0	-3.200000000000003	0.0	-0.1355892426853284	-3.034099274898758	-0.8432829281083424	0.1695504330556006	1.5963032641467274
-2.13333333333334	0.0	-2.13333333333334	0.0	-0.07732095072560852	-3.0323667158108383	-0.8432344219913045	0.16955031500974052	1.5959820398986528
-1.0666666666666629	0.0	-1.0666666666666629	0.0	-0.01905977692616606	-3.0247242551282745	-0.843218507263082	0.16962556387980007	1.5963633280266079
0.0	0.0	0.0	0.0	0.0391948682279	-3.0262964220867166	-0.8431867851210544	0.16962034839907428	1.5958148225721756
1.0666666666666629	0.0	1.0666666666666629	0.0	0.0974436115637267	-3.01482292252505	-0.8431516718434108	0.16970441851431184	1.596183941245103
2.1333333333333258	0.0	2.1333333333333258	0.0	0.1556871149237345	-3.014511013168477	-0.843129790433535	0.1697081959818335	1.5961651290275876
3.200000000000003	0.0	3.200000000000003	0.0	0.2139260727125422	-3.005913883421384	-0.8431253476166204	0.16977495628141145	1.5964347135776111
4.266666666666666	0.0	4.266666666666666	0.0	0.27216120930401666	-3.001215443562647	-0.8430863066312702	0.1698036199625194	1.596353991672222
5.333333333333329	0.0	5.333333333333329	0.0	0.33039327632474647	-2.997318717528144	-0.8430717869904842	0.16984263948498599	1.5960509464865955
6.400000000000006	0.0	6.400000000000006	0.0	0.38862304983020113	-2.993826234175655	-0.8430473300345709	0.16987385724924778	1.5961263241339565
7.466666666666669	0.0	7.466666666666669	0.0	0.44685132738985966	-2.985387318075351	-0.8430100490056793	0.16994513548583298	1.596224420243657
8.533333333333331	0.0	8.533333333333331	0.0	0.5050789250975919	-2.975860598643265	-0.842950392920588	0.17002978509892908	1.5963413393023134
9.599999999999994	0.0	9.599999999999994	0.0	0.5633066745235548	-2.9719457793978505	-0.8429361308344054	0.1700592858324993	1.5962727117318591
10.666666666666671	0.0	10.666666666666671	0.0	0.621535419623892	-2.96710058707219	-0.8429007707336004	0.1700971141649235	1.596362083179356
11.733333333333334	0.0	11.733333333333334	0.0	0.6797660136245051	-2.9530291127597077	-0.8428726865503511	0.17019949211991048	1.5965402573079357
12.799999999999997	0.0	12.799999999999997	0.0	0.7379993158951843	-2.9488987417738453	-0.8428236009354545	0.17025760287737932	1.5965996236440971
13.86666666666666	0.0	13.86666666666666	0.0	0.7962361888303604	-2.945296733326117	-0.8428334953248148	0.1702728307933256	1.596215727775781
14.933333333333337	0.0	14.933333333333337	0.0	0.8544774947527677	-2.934339555624855	-0.8427289174242547	0.17036712797262	1.5964745164953322
16.0	0.0	16.0	0.0	0.9127240928562825	-2.9333501810774676	-0.8427508954171067	0.17036858744870795	1.5962807603132254
17.066666666666663	0.0	17.066666666666663	0.0	0.9709768362042303	-2.9263031007872216	-0.8426959933607431	0.170419443751505	1.5960210057639108
18.133333333333326	0.0	18.133333333333326	0.0	1.0292365687994187	-2.92151954986339	-0.8426859272683135	0.17046243390744592	1.5958055184121154
19.200000000000003	0.0	19.200000000000003	0.0	1.0875041227421884	-2.9155956652000556	-0.8426202723072436	0.17051115465332017	1.5957801922094133
20.266666666666666	0.0	20.266666666666666	0.0	1.1457803154927464	-2.904595143205274	-0.842609787688583	0.1706049689177326	1.5961207759785347
21.33333333333333	0.0	21.33333333333333	0.0	1.2040659472540736	-2.897611539393404	-0.8425266297459004	0.17065393648676888	1.5962923395389519
22.400000000000006	0.0	22.400000000000006	0.0	1.2623617984916657	-2.8980687846665787	-0.8425820469114718	0.17066434598533667	1.5959028955152115
23.46666666666667	0.0	23.46666666666667	0.0	1.3206686276063948	-2.892817074593239	-0.8425184845815568	0.17070178798585553	1.5958737381877799
24.53333333333333	0.0	24.53333333333333	0.0	1.3789871687767694	-2.8904852288681813	-0.8425347212530343	0.17072577275832884	1.5955125500503597
25.599999999999994	0.0	25.599999999999994	0.0	1.4373181299868607	-2.883515372033289	-0.8424571007343323	0.17077091993407617	1.5957903870791454
26.66666666666667	0.0	26.66666666666667	0.0	1.4956621912561816	-2.880900806473416	-0.8424669414664834	0.17080135430308485	1.5956449331166829
27.733333333333334	0.0	27.733333333333334	0.0	1.5540200030877847	-2.871944506099966	-0.8423599275286289	0.17086500248453437	1.5959253564229465
28.799999999999997	0.0	28.799999999999997	0.0	1.6123921851508696	-2.8710350700627174	-0.8424033254793594	0.1708860575733901	1.595767593496714
29.86666666666666	0.0	29.86666666666666	0.0	1.670779325214162	-2.858716930909523	-0.8423122691954953	0.17099795431727355	1.5960501630913422
30.933333333333337	0.0	30.933333333333337	0.0	1.7291819783463485	-2.8635790896447038	-0.8423699936210586	0.17093717143079065	1.5955289369620227
32.0	0.0	32.0	0.0	1.7876006663998416	-2.8561993990466106	-0.8422876405365127	0.17099362954621905	1.595379866503666
33.06666666666666	0.0	33.06666666666666	0.0	1.8460358777941588	-2.848428257645154	-0.8422836269772708	0.1710641780447602	1.5953484126476836
34.133333333333326	0.0	34.133333333333326	0.0	1.9044880676151767	-2.8416972290480214	-0.8421765915765327	0.1711098725240405	1.5956698837189207
35.2	0.0	35.2	0.0	1.9629576580465535	-2.8385323014942805	-0.8421967022985082	0.1711522187934724	1.5953349446881975
36.266666666666666	0.0	36.266666666666666	0.0	2.021445039149582	-2.8295717192755445	-0.8421101317573261	0.17121619964961812	1.595442023014702
37.33333333333333	0.0	37.33333333333333	0.0	2.079950570007767	-2.8239402342075453	-0.842117826201113	0.17126625109427832	1.595301526978362
38.39999999999999	0.0	38.39999999999999	0.0	2.1384745802523812	-2.8131196033720345	-0.8420232178100058	0.17135779029302456	1.595331456969605
39.46666666666667	0.0	39.46666666666667	0.0	2.1970173719853	-2.8094275366645305	-0.8420156950692878	0.17138824612491682	1.5955257282609179
40.53333333333333	0.0	40.53333333333333	0.0	2.2555792221153697	-2.802802459592512	-0.8419350912097587	0.17143716003674392	1.5953917998669724
41.599999999999994	0.0	41.599999999999994	0.0	2.3141603851246044	-2.7922640334826077	-0.8419478723569693	0.17151647612325424	1.5955148465789097
42.66666666666667	0.0	42.66666666666667	0.0	2.3727610962804784	-2.7893130479530415	-0.8418805218280915	0.17154945384397483	1.5954767928862068
43.733333333333334	0.0	43.733333333333334	0.0	2.4313815753105863	-2.780866008151278	-0.8418571916735691	0.17161360640318984	1.5957159645301058
44.8	0.0	44.8	0.0	2.490022030555963	-2.774634023793219	-0.841779431646123	0.17167299420223564	1.5956096588674111
45.86666666666666	0.0	45.86666666666666	0.0	2.548682663619322	-2.7780711436373466	-0.8418385511591233	0.1716488269952514	1.595442355689398
46.93333333333334	0.0	46.93333333333334	0.0	2.607363674524507	-2.769762732601046	-0.841757539504805	0.17171805552644845	1.5956033917053867
48.0	0.0	48.0	0.0	2.6660652674034075	-2.7665434502944737	-0.8417403370035638	0.17173412049485687	1.595678554723913
49.06666666666666	0.0	49.06666666666666	0.0	2.724787656726653	-2.76952380778031	-0.8417371819596677	0.17172210128001567	1.595584246813176
50.133333333333326	0.0	50.133333333333326	0.0	2.783531074094322	-2.760812334520596	-0.841711920145618	0.17179178053176933	1.5957205575872058
51.19999999999999	0.0	51.19999999999999	0.0	2.8422957756029708	-2.7662394392790826	-0.8417245510526428	0.1717444334104483	1.5954382884729483
52.26666666666665	0.0	52.26666666666665	0.0	2.901082049805243	-2.7617528380819234	-0.8417251627448264	0.1717574721122627	1.5954115242570426
53.33333333333334	0.0	53.33333333333334	0.0	2.9598902262783517	-2.7609047644290126	-0.8416768605251838	0.17177848427535114	1.5955365884800432
54.400000000000006	0.0	54.400000000000006	0.0	3.0187206848176857	-2.756640465049206	-0.8416798653288935	0.1718093157077073	1.5957729270232996
55.46666666666667	0.0	55.46666666666667	0.0	3.0775738652718507	-2.760606977649882	-0.8416730294004526	0.17178074860957565	1.5957472896087852
56.53333333333333	0.0	56.53333333333333	0.0	3.13645027803539	-2.7541765260067566	-0.8416524786893628	0.17183298926836774	1.5954497174584885
57.599999999999994	0.0	57.599999999999994	0.0	3.195350515215478	-2.7477852655891666	-0.8415840442848607	0.17189071369393108	1.5959344030284026
58.66666666666666	0.0	58.66666666666666	0.0	3.2542752624888656	-2.7474582785568322	-0.8416264227486178	0.17189612234060964	1.5963662577102258
59.73333333333332	0.0	59.73333333333332	0.0	3.3132253116653385	-2.754489025592628	-0.8416359308060725	0.17183585456333425	1.596089322122554
60.80000000000001	0.0	60.80000000000001	0.0	3.372201573973985	-2.7579537037793553	-0.841700823834773	0.17180510898251278	1.5955517198130122
61.866666666666674	0.0	61.866666666666674	0.0	3.431205094088528	-2.7527962372281007	-0.8416321211442256	0.17184465434562873	1.5956034882883636
62.93333333333334	0.0	62.93333333333334	0.0	3.490237064908026	-2.758063561549291	-0.8416638432862529	0.17179099713651616	1.5953147051889196
64.0	0.0	64.0	0.0	3.549298843109189	-2.7519234919904414	-0.8416057861859927	0.17186095540575738	1.5958255432825554
65.06666666666666	0.0	65.06666666666666	0.0	3.6083919654866037	-2.7543357698719597	-0.841653208427407	0.17182975910437906	1.5955066155630322
66.13333333333333	0.0	66.13333333333333	0.0	3.667518166097146	-2.7555199200884255	-0.8416407062976832	0.17181867352497643	1.595614219730187
67.19999999999999	0.0	67.19999999999999	0.0	3.7266793942248477	-2.750158985400215	-0.841639901439547	0.17187784669518588	1.5958265520380872
68.26666666666665	0.0	68.26666666666665	0.0	3.7858778331825	-2.7504360926909572	-0.8416154981408427	0.1718700020112136	1.595790837799702
69.33333333333334	0.0	69.33333333333334	0.0	3.845115919966272	-2.7525923183705903	-0.8416626091704431	0.17184772353798997	1.5956073194130953
70.4	0.0	70.4	0.0	3.9043963657796077	-2.748355609527707	-0.8415946684122647	0.17187227707687988	1.5959361522534203
71.46666666666667	0.0	71.46666666666667	0.0	3.9637221774427083	-2.7552951285765688	-0.8416830096413483	0.1718230734161236	1.5959405092188002
72.53333333333333	0.0	72.53333333333333	0.0	4.023096679703835	-2.752766414551274	-0.8416187390362728	0.17185215562346273	1.5958004746344578
73.6	0.0	73.6	0.0	4.082523538468745	-2.752878472266785	-0.8416432818437208	0.17183969641950686	1.5958341069731299
74.66666666666666	0.0	74.66666666666666	0.0	4.142006784964515	-2.743934802800361	-0.841551409970278	0.17190551235220425	1.5963436572937462
75.73333333333332	0.0	75.73333333333332	0.0	4.201550840854042	-2.749648383398299	-0.8416178161322759	0.1718779540096043	1.596003191570486
76.80000000000001	0.0	76.80000000000001	0.0	4.261160544317486	-2.751537964942967	-0.8416119674964831	0.17185582577656608	1.5958968859077924
77.86666666666667	0.0	77.86666666666667	0.0	4.320841177116942	-2.748330143816264	-0.8416262188512228	0.1718758506470069	1.5960049193326191
78.93333333333334	0.0	78.93333333333334	0.0	4.380598492660622	-2.7491845812141738	-0.8415798375596666	0.17187167611613804	1.595920484348359
80.0	0.0	80.0	0.0	4.440438745082791	-2.750423429589607	-0.8416295241353043	0.1718715044130687	1.5959418506490273
