Hysterese	V-MOKE
Charge	2020_0446
Sample	1
Sample State	bFC
User	Meike Reginka
Sample Angle	135.0
Magnetic Field Angle	0.0
Detektor Averages	300
Hysteresus Points	150
Magnetic Field [kA/m]	80
Hysteresis Averages	100
Polarization	p-polarization
Measurement Method	Scan Both Angles
Max Voltage Correction	No
Training Effect Elimination	No
Magnetic field [kA/m]	Magnetic field transversal [kA/m]	Magnetic field longitudinal [kA/m]	Magnetic field transversal [V]	Magnetic field longitudinal [V]	Detector diff transversal [V]	Detector diff longitudinal [V]	Detector raw transversal [V]	Detector raw longitudinal [V]
80.0	0.0	80.0	0.0	4.381030188287403	-10.560665354434375	-0.8462684903434612	0.10435264213848082	1.356583511857052
78.93333333333334	0.0	78.93333333333334	0.0	4.319818714176459	-10.560872202975505	-0.8470080476566608	0.10431644498521343	1.3559609916483697
77.86666666666666	0.0	77.86666666666666	0.0	4.258793669369702	-10.560330919781416	-0.8470261945247821	0.10436710812205759	1.3565378173777722
76.8	0.0	76.8	0.0	4.197942654193435	-10.560977607197092	-0.8470222453541922	0.10431115438439495	1.3557921324112916
75.73333333333333	0.0	75.73333333333333	0.0	4.137253993604595	-10.56082691629101	-0.8470327943615034	0.10428523795239351	1.3558110734061086
74.66666666666667	0.0	74.66666666666667	0.0	4.0767167056162315	-10.560790161102771	-0.8470208502667548	0.10436064779408045	1.356138886759462
73.6	0.0	73.6	0.0	4.0163204706037074	-10.560619509714911	-0.8470327621671784	0.1043423936115403	1.356234139037077
72.53333333333333	0.0	72.53333333333333	0.0	3.9560556014798554	-10.55977605058198	-0.8470254433238548	0.10438177800302893	1.35678240839979
71.46666666666667	0.0	71.46666666666667	0.0	3.89591301472721	-10.560239756183135	-0.8470173732796045	0.10435694544665168	1.3566130877107148
70.4	0.0	70.4	0.0	3.8358842022755653	-10.560305003349423	-0.8470317641430886	0.10434653594808385	1.3562719244437338
69.33333333333333	0.0	69.33333333333333	0.0	3.775961204212982	-10.560633031331609	-0.8470164718384919	0.10436217165881927	1.356214060509428
68.26666666666667	0.0	68.26666666666667	0.0	3.716136582318465	-10.560789270393105	-0.8470253038151114	0.1043240535774656	1.3558664261830304
67.2	0.0	67.2	0.0	3.6564033944044745	-10.560312998273568	-0.8470238979962322	0.10434573108994707	1.3562408783825424
66.13333333333333	0.0	66.13333333333333	0.0	3.596755169457454	-10.5609590847285	-0.8470410575717068	0.10437206604817957	1.3564318980469843
65.06666666666666	0.0	65.06666666666666	0.0	3.5371858835645753	-10.56069196841009	-0.8470388790890169	0.10432151022575364	1.3563273630721902
64.0	0.0	64.0	0.0	3.4776899366148504	-10.56055208406593	-0.8470224492515864	0.1043304709796755	1.355827589095072
62.93333333333334	0.0	62.93333333333334	0.0	3.4182621297628257	-10.560692150844595	-0.8470408966000796	0.10433577231193578	1.3563658460225654
61.86666666666667	0.0	61.86666666666667	0.0	3.3588976436430196	-10.560596844909771	-0.8470324616868065	0.10439805760027372	1.3567651200470143
60.8	0.0	60.8	0.0	3.2995920173232944	-10.56043003537809	-0.8470115675695787	0.1043496373347705	1.3563547067859536
59.733333333333334	0.0	59.733333333333334	0.0	3.2403411279853396	-10.560728444580846	-0.8470285876363087	0.10429994002769041	1.355682489270191
58.66666666666667	0.0	58.66666666666667	0.0	3.181141171320454	-10.56079207129941	-0.8470347796782406	0.10431589768168051	1.3563458104206827
57.6	0.0	57.6	0.0	3.121988642628807	-10.560588034396044	-0.8470138962924539	0.10431292507229567	1.3558981268621721
56.53333333333333	0.0	56.53333333333333	0.0	3.062880318610361	-10.560185347773094	-0.8470160533122609	0.10434038683191954	1.3562379486989247
55.46666666666667	0.0	55.46666666666667	0.0	3.003813239835633	-10.560438674188758	-0.8470293924944456	0.10435841565418137	1.3563789598444733
54.4	0.0	54.4	0.0	2.9447846938844906	-10.5608606559441	-0.8470230287494449	0.10433040659102456	1.355874485495838
53.33333333333333	0.0	53.33333333333333	0.0	2.885792199141142	-10.560417383008184	-0.8470166757358858	0.10434611742185274	1.3562930761155667
52.266666666666666	0.0	52.266666666666666	0.0	2.8268334892335334	-10.560861879328465	-0.847016267941097	0.10430935150216875	1.356104621265722
51.2	0.0	51.2	0.0	2.7679064981053	-10.560982393420138	-0.8470254755181804	0.10435390844861595	1.3562946429060743
50.13333333333333	0.0	50.13333333333333	0.0	2.7090093457084867	-10.560993554119632	-0.8470226853433062	0.10430069122861801	1.3558820726252072
49.06666666666666	0.0	49.06666666666666	0.0	2.6501403243051973	-10.560552094797371	-0.8470209790440566	0.10433292847985287	1.3560305099284957
48.0	0.0	48.0	0.0	2.591297885366365	-10.55997053650213	-0.8470076613247552	0.10437848345038947	1.3568336617659356
46.93333333333334	0.0	46.93333333333334	0.0	2.532480627055822	-10.56032978224858	-0.8470244238368823	0.10433884150429706	1.3562923034517562
45.86666666666667	0.0	45.86666666666667	0.0	2.4736872822878553	-10.56035137390953	-0.8470166864673278	0.10431181973378789	1.3558194224678461
44.8	0.0	44.8	0.0	2.4149167073464275	-10.5597467000886	-0.8470269886514772	0.10433262799948181	1.3558854101036137
43.733333333333334	0.0	43.733333333333334	0.0	2.356167871054244	-10.561007225976521	-0.8470205927121508	0.10433561134030846	1.3562644124344596
42.666666666666664	0.0	42.666666666666664	0.0	2.2974398444798476	-10.561014201413698	-0.8470204853977326	0.10427899225325281	1.3557666023111963
41.6	0.0	41.6	0.0	2.2387317911709355	-10.560742127169176	-0.8470225994917717	0.10431920296576186	1.356163740778723
40.53333333333333	0.0	40.53333333333333	0.0	2.1800429579020566	-10.56071231522379	-0.8470140679955227	0.1043492402714231	1.3562098645156746
39.46666666666667	0.0	39.46666666666667	0.0	2.1213726659248966	-10.560395716227147	-0.8470349943070766	0.10432982709316616	1.3562886869558621
38.4	0.0	38.4	0.0	2.0627203027093186	-10.560643108155478	-0.8470255399068314	0.10439250944485154	1.3563730253571447
37.333333333333336	0.0	37.333333333333336	0.0	2.0040853141633432	-10.560806118756755	-0.847015409425751	0.1042979869052787	1.3559763590730591
36.266666666666666	0.0	36.266666666666666	0.0	1.9454671973202513	-10.560649407511823	-0.8470388683575747	0.10428391798504937	1.355732594372061
35.2	0.0	35.2	0.0	1.8868654934810003	-10.560331907074058	-0.8470221595026572	0.10424742035141103	1.35522355916065
34.13333333333333	0.0	34.13333333333333	0.0	1.8282797818001153	-10.561029837124435	-0.8470126943709699	0.10428705156606158	1.3555967772443547
33.06666666666667	0.0	33.06666666666667	0.0	1.7697096733032631	-10.560587057834837	-0.847010032973397	0.10436752664828862	1.3563576579324548
32.0	0.0	32.0	0.0	1.7111548053246695	-10.560254908978987	-0.8470247672430201	0.10431327920987578	1.3562158204658874
30.933333333333337	0.0	30.933333333333337	0.0	1.652614836352576	-10.560839375494966	-0.8470179849717882	0.1043014102352201	1.356019982384067
29.866666666666667	0.0	29.866666666666667	0.0	1.5940894412709112	-10.561204362562787	-0.8470299719923043	0.10424841837550042	1.355712075855295
28.799999999999997	0.0	28.799999999999997	0.0	1.5355783069853621	-10.560930056178366	-0.8470108163686507	0.10426630768901857	1.3554102433225947
27.733333333333334	0.0	27.733333333333334	0.0	1.4770811284220267	-10.560519460482793	-0.8470356703879119	0.10432837834852013	1.3560686387412904
26.666666666666664	0.0	26.666666666666664	0.0	1.4185976048868278	-10.560594119123552	-0.8470307875818829	0.10430646474431848	1.3561152346616845
25.6	0.0	25.6	0.0	1.360127436773878	-10.560938308657125	-0.8470329231388054	0.1042895519920062	1.3562175160336951
24.53333333333333	0.0	24.53333333333333	0.0	1.3016703226109647	-10.560496269837023	-0.8470275252235682	0.1043094158908197	1.3560409623528304
23.46666666666667	0.0	23.46666666666667	0.0	1.243225956430354	-10.560757762879902	-0.8470324831496907	0.10433663082728163	1.3564470293799529
22.4	0.0	22.4	0.0	1.1847940254530787	-10.560952270262941	-0.8470201419915948	0.1043364913185379	1.356433185820003
21.333333333333336	0.0	21.333333333333336	0.0	1.1263742080749082	-10.560701004284113	-0.8470218160965192	0.1042832633670982	1.3560784794734428
20.266666666666666	0.0	20.266666666666666	0.0	1.0679661721421683	-10.560819425744615	-0.8470308519705333	0.10431526452661298	1.356306039697289
19.200000000000003	0.0	19.200000000000003	0.0	1.0095695735056076	-10.560752364964674	-0.8470147762706833	0.10427202754750999	1.3562050460982973
18.133333333333333	0.0	18.133333333333333	0.0	0.9511840548404781	-10.560855944841144	-0.8470338997000111	0.10426876518919598	1.3560882987427092
17.06666666666667	0.0	17.06666666666667	0.0	0.8928092447210244	-10.560765757804072	-0.8470213761074042	0.10432888272628572	1.3567315735598775
16.0	0.0	16.0	0.0	0.8344447569375557	-10.561009146904599	-0.8470196912710374	0.10429111878251224	1.3566363212822612
14.933333333333337	0.0	14.933333333333337	0.0	0.7760901900442883	-10.561214138906298	-0.8470217517078678	0.10424577844081216	1.356504077724682
13.866666666666674	0.0	13.866666666666674	0.0	0.7177451271261349	-10.560501646289367	-0.8470335777567567	0.10426961297309996	1.3567709042941576
12.799999999999997	0.0	12.799999999999997	0.0	0.6594091357726295	-10.561248468788687	-0.8470351767415883	0.1042345640841076	1.3565390729564655
11.733333333333334	0.0	11.733333333333334	0.0	0.6010817682471681	-10.561256023723724	-0.8470301973525823	0.10418327852363772	1.3560871934042016
10.666666666666671	0.0	10.666666666666671	0.0	0.5427625618397398	-10.561314488618777	-0.8470183176464846	0.10415990544334833	1.35608394177733
9.599999999999994	0.0	9.599999999999994	0.0	0.4844510393913435	-10.561372019878387	-0.8470136387378498	0.10417903960411788	1.3568449941684992
8.533333333333331	0.0	8.533333333333331	0.0	0.4261467099782665	-10.561843258951697	-0.8470270959658958	0.10415503336876085	1.356628058072057
7.466666666666669	0.0	7.466666666666669	0.0	0.36784906974439924	-10.5614207513557	-0.8470275681493357	0.10410966083273529	1.3569101340203629
6.400000000000006	0.0	6.400000000000006	0.0	0.30955760286978407	-10.562071312821875	-0.8470282764244962	0.10408699602760611	1.3569185796650771
5.333333333333329	0.0	5.333333333333329	0.0	0.25127178266356687	-10.561944574493943	-0.8470339104314529	0.10406259272890166	1.3570882866860572
4.266666666666666	0.0	4.266666666666666	0.0	0.19299107276954444	-10.562096435127174	-0.8470156777117965	0.1039966587503441	1.3569089964875298
3.200000000000003	0.0	3.200000000000003	0.0	0.13471492847247593	-10.562302081746818	-0.8470241555508368	0.10394455760029571	1.35666493130616
2.13333333333334	0.0	2.13333333333334	0.0	0.07644279809335723	-10.562063661303851	-0.8470312704967644	0.1038863287969667	1.3570562747951025
1.0666666666666629	0.0	1.0666666666666629	0.0	0.018174124461827576	-10.562488808834535	-0.8470280939899851	0.10381978312622527	1.3567007635904043
0.0	0.0	0.0	0.0	-0.0400916535461	-10.562720565052137	-0.8470287700708197	0.10375913974848613	1.3565804748590156
-1.0666666666666629	0.0	-1.0666666666666629	0.0	-0.09835509941681445	-10.562679549481484	-0.8470302939355592	0.1037412826292935	1.3563960764941796
-2.1333333333333258	0.0	-2.1333333333333258	0.0	-0.156616777366191	-10.562486201094167	-0.8470448779649952	0.10368994341161451	1.3564771632685906
-3.200000000000003	0.0	-3.200000000000003	0.0	-0.21487725067681432	-10.562876728993533	-0.8470184786181119	0.10371484035664275	1.3571316417110204
-4.266666666666666	0.0	-4.266666666666666	0.0	-0.27313708001714876	-10.563081817578198	-0.8470325046125737	0.10361187217235562	1.3567746817616786
-5.333333333333329	0.0	-5.333333333333329	0.0	-0.331396821754486	-10.563007470149252	-0.8470212365986605	0.10356718644860669	1.3560906918542364
-6.400000000000006	0.0	-6.400000000000006	0.0	-0.3896570262734731	-10.563316031295981	-0.8470259477016205	0.1035097732348562	1.3566525257594122
-7.466666666666669	0.0	-7.466666666666669	0.0	-0.4479182363120456	-10.56324342236061	-0.8470149050479856	0.103431058109088	1.355876857144481
-8.533333333333331	0.0	-8.533333333333331	0.0	-0.506180985326591	-10.563309313413402	-0.847015044556729	0.10347440240260909	1.3560836842227264
-9.599999999999994	0.0	-9.599999999999994	0.0	-0.564445795898144	-10.56332046338145	-0.8470322899837377	0.10348578846238278	1.3568010596456777
-10.666666666666671	0.0	-10.666666666666671	0.0	-0.6227131781914472	-10.563407162699935	-0.8470209790440565	0.10331860333022971	1.3555367670216825
-11.733333333333334	0.0	-11.733333333333334	0.0	-0.6809836284786798	-10.563596143390432	-0.8470323329095046	0.10334191202186821	1.356006857830718
-12.799999999999997	0.0	-12.799999999999997	0.0	-0.7392576277396917	-10.563605104144353	-0.8470285339791	0.10331441806791891	1.3557259408781306
-13.86666666666666	0.0	-13.86666666666666	0.0	-0.7975356403505398	-10.563566224130632	-0.8470282120358457	0.10332763920424429	1.35608135549985
-14.933333333333337	0.0	-14.933333333333337	0.0	-0.8558181128721578	-10.563626084113118	-0.8470260872103643	0.10331270103722728	1.3566967071053961
-16.0	0.0	-16.0	0.0	-0.9141054729509707	-10.563592280071372	-0.8470243916425556	0.10329160302260432	1.3563697200730644
-17.066666666666663	0.0	-17.066666666666663	0.0	-0.9723981283432802	-10.563690923484609	-0.8470413258577523	0.1032256368497212	1.3559440359702892
-18.133333333333326	0.0	-18.133333333333326	0.0	-1.0306964660752267	-10.563587644088505	-0.847025851118644	0.10323518783294328	1.356191728378996
-19.200000000000003	0.0	-19.200000000000003	0.0	-1.0890008517501555	-10.563617380913799	-0.8470316890229959	0.10320753290736659	1.3559642110809162
-20.266666666666666	0.0	-20.266666666666666	0.0	-1.147311629015197	-10.563717494534558	-0.8470284588590071	0.10311984629623479	1.3557615478020972
-21.33333333333333	0.0	-21.33333333333333	0.0	-1.2056291191988913	-10.563772858042919	-0.8470312812282065	0.10312196039027377	1.35558656091174
-22.400000000000006	0.0	-22.400000000000006	0.0	-1.263953621131659	-10.563686856268156	-0.8470242414023709	0.10308212527822862	1.3556188410887409
-23.46666666666667	0.0	-23.46666666666667	0.0	-1.322285411160945	-10.563773705826826	-0.847028351544589	0.10311167966900783	1.356258928667688
-24.53333333333333	0.0	-24.53333333333333	0.0	-1.3806247433728562	-10.563801897324492	-0.8470331055733159	0.10301845563389554	1.3555955431285442
-25.599999999999994	0.0	-25.599999999999994	0.0	-1.438971850032102	-10.563862089981678	-0.8470197341968049	0.103007788580724	1.355743143379372
-26.66666666666667	0.0	-26.66666666666667	0.0	-1.497326942252062	-10.563813980927984	-0.8470292851800277	0.10301533278432512	1.3560390414247445
-27.733333333333334	0.0	-27.733333333333334	0.0	-1.555690210906793	-10.563935460849411	-0.8470353162503319	0.10298636862284626	1.356051071371028
-28.799999999999997	0.0	-28.799999999999997	0.0	-1.614061827796803	-10.563956655447019	-0.8470283408131468	0.10291636742783783	1.355750075890789
-29.86666666666666	0.0	-29.86666666666666	0.0	-1.6724419470803977	-10.563849244445814	-0.8470495246793047	0.10293522257112	1.3558809994810244
-30.933333333333337	0.0	-30.933333333333337	0.0	-1.7308307069824265	-10.563944625500731	-0.8470049677328578	0.10294077072654227	1.3562773223589708
-32.0	0.0	-32.0	0.0	-1.7892282317922377	-10.563993056497681	-0.8470261194046893	0.10286347215109463	1.356179140397737
-33.06666666666666	0.0	-33.06666666666666	0.0	-1.8476346341626735	-10.564012469675935	-0.8470379883793457	0.1028389615379721	1.3558443301443168
-34.133333333333326	0.0	-34.133333333333326	0.0	-1.9060500177219062	-10.563999817306033	-0.8470281583786359	0.10279338510455176	1.3562511805666924
-35.2	0.0	-35.2	0.0	-1.9644744800099465	-10.564001276782113	-0.8470220951140063	0.10282556869857747	1.3561716605827874
-36.266666666666666	0.0	-36.266666666666666	0.0	-2.0229081157516333	-10.563958436866352	-0.8470400488161751	0.10275297049464817	1.356092569856556
-37.33333333333333	0.0	-37.33333333333333	0.0	-2.0813510204779293	-10.564020561183067	-0.847033631413965	0.10273900888883698	1.3557927977606845
-38.39999999999999	0.0	-38.39999999999999	0.0	-2.139803294507338	-10.564010001444315	-0.8470293495686784	0.10277987421929717	1.3563146999708393
-39.46666666666667	0.0	-39.46666666666667	0.0	-2.1982650472992535	-10.564079262169834	-0.84702741790915	0.10270399219417013	1.3558015868115378
-40.53333333333333	0.0	-40.53333333333333	0.0	-2.256736402191068	-10.564108494617365	-0.8470356703879115	0.10272837402999091	1.3557394517633856
-41.599999999999994	0.0	-41.599999999999994	0.0	-2.315217501530861	-10.564241178164055	-0.847035938673957	0.10275667284207694	1.3560503201701
-42.66666666666667	0.0	-42.66666666666667	0.0	-2.37370851221747	-10.564094318382718	-0.847032204132203	0.10275388266720306	1.356059066295185
-43.733333333333334	0.0	-43.733333333333334	0.0	-2.432209631659771	-10.56402082946912	-0.847038385442693	0.1027085101311774	1.3562563745845344
-44.8	0.0	-44.8	0.0	-2.4907210941669966	-10.563987755165417	-0.8470454038056451	0.10272718283994854	1.3558618975145802
-45.86666666666666	0.0	-45.86666666666666	0.0	-2.549243177781886	-10.564052143816347	-0.8470301758896985	0.10276773695859591	1.356295887753324
-46.93333333333334	0.0	-46.93333333333334	0.0	-2.6077762115685053	-10.564067747332764	-0.847040209787803	0.10270209272896752	1.3564843747974955
-48.0	0.0	-48.0	0.0	-2.666320583366545	-10.564094919343454	-0.8470412400062179	0.10271102128856385	1.3560231159650789
-49.06666666666666	0.0	-49.06666666666666	0.0	-2.724876748023921	-10.564066931743186	-0.8470281154528685	0.10269555728089769	1.3559929928078835
-50.133333333333326	0.0	-50.133333333333326	0.0	-2.7834452361194826	-10.564118625098445	-0.8470304978329536	0.10270954034959237	1.35598001849472
-51.19999999999999	0.0	-51.19999999999999	0.0	-2.842026663187659	-10.564097344649308	-0.8470453179541105	0.10264795260497292	1.3558677461503728
-52.26666666666665	0.0	-52.26666666666665	0.0	-2.9006217394568647	-10.564085765423581	-0.847023404349909	0.10271998204248568	1.3562354804673058
-53.33333333333334	0.0	-53.33333333333334	0.0	-2.9592312801134577	-10.564152922786507	-0.8470421736416561	0.10271005545879987	1.3561349375888705
-54.400000000000006	0.0	-54.400000000000006	0.0	-3.0178562161030937	-10.564092182825794	-0.8470367971893031	0.10265932793330478	1.3558699997531551
-55.46666666666667	0.0	-55.46666666666667	0.0	-3.076497605481298	-10.564063712310634	-0.8470353377132149	0.10273599335368497	1.3561301942915849
-56.53333333333333	0.0	-56.53333333333333	0.0	-3.135156645325031	-10.564086527355958	-0.8470185644696467	0.10270330538189346	1.3562953726441174
-57.599999999999994	0.0	-57.599999999999994	0.0	-3.193834684217122	-10.564131760383239	-0.8470251857692517	0.10275052372591255	1.356461044642973
-58.66666666666666	0.0	-58.66666666666666	0.0	-3.25253323531534	-10.564062467463383	-0.8470206463693601	0.10271042032782184	1.3563478386631878
-59.73333333333332	0.0	-59.73333333333332	0.0	-3.311253990017958	-10.564043365496946	-0.8470406390454757	0.1027369913777744	1.3564192778714
-60.80000000000001	0.0	-60.80000000000001	0.0	-3.3699988322376004	-10.564185578563974	-0.8470338997000111	0.10273721673805263	1.3567357802850717
-61.866666666666674	0.0	-61.866666666666674	0.0	-3.4287698532951953	-10.564042399667173	-0.8470300578438384	0.10275071689186539	1.356309677656067
-62.93333333333334	0.0	-62.93333333333334	0.0	-3.4875693674458788	-10.563973471616356	-0.847027053040128	0.10272124835262071	1.3564323594989822
-64.0	0.0	-64.0	0.0	-3.546399928048623	-10.564059183642192	-0.8470419268184944	0.10271708455319364	1.3562765926209284
-65.06666666666666	0.0	-65.06666666666666	0.0	-3.605264344391439	-10.564122177205691	-0.8470302510097916	0.10271493826482907	1.3560822032837558
-66.13333333333333	0.0	-66.13333333333333	0.0	-3.6641656991839646	-10.564071396022982	-0.8470285017847742	0.10275621139007851	1.356672969156084
-67.19999999999999	0.0	-67.19999999999999	0.0	-3.723107366729244	-10.564056532976062	-0.8470368615779538	0.10274096201124866	1.3566976836666023
-68.26666666666665	0.0	-68.26666666666665	0.0	-3.782093031786535	-10.564006095199497	-0.8470291564027254	0.1027276442919469	1.356364450935129
-69.33333333333334	0.0	-69.33333333333334	0.0	-3.8411267091369456	-10.56392661814136	-0.8470297895577927	0.10279868643681206	1.3568211703676538
-70.4	0.0	-70.4	0.0	-3.9002127638637214	-10.564091710642352	-0.847014336281569	0.10275746696877175	1.3568694189300887
-71.46666666666667	0.0	-71.46666666666667	0.0	-3.959355932359017	-10.563979728046931	-0.847026376959293	0.1028015839261042	1.3569295364671776
-72.53333333333333	0.0	-72.53333333333333	0.0	-4.018561344068946	-10.564047046381486	-0.8470308412390919	0.10271458412724895	1.356863677608712
-73.6	0.0	-73.6	0.0	-4.077834543988736	-10.564069367780478	-0.8470399200388737	0.10272542288348975	1.356846024386914
-74.66666666666666	0.0	-74.66666666666666	0.0	-4.137181515919814	-10.563921080717375	-0.8470352947874481	0.10279381436222465	1.3569570089582426
-75.73333333333332	0.0	-75.73333333333332	0.0	-4.19660870650064	-10.563991285809776	-0.8470334489794544	0.10274167028640901	1.356735318833074
-76.80000000000001	0.0	-76.80000000000001	0.0	-4.256123050023082	-10.564054751556716	-0.8470456398973646	0.10277597870591565	1.3567938266538897
-77.86666666666667	0.0	-77.86666666666667	0.0	-4.315731994046186	-10.564089714594171	-0.84703042271286	0.10272137712992262	1.3564208231990218
-78.93333333333334	0.0	-78.93333333333334	0.0	-4.375443525819141	-10.563971260939338	-0.8470346723638219	0.10278555115202126	1.3568765660703412
-80.0	0.0	-80.0	0.0	-4.435266199525242	-10.56398622056924	-0.8470139284867796	0.10272334098377614	1.356674535946591
-80.0	0.0	-80.0	0.0	-4.380060909566294	-10.564021730910227	-0.8463090766564342	0.10278535798606855	1.3572258208444554
-78.93333333333334	0.0	-78.93333333333334	0.0	-4.318197730509417	-10.564013274534075	-0.8470233077669321	0.10275535287473274	1.3569060346095867
-77.86666666666666	0.0	-77.86666666666666	0.0	-4.256627645195748	-10.563979889018562	-0.847030251009791	0.10276197417433722	1.3570897461621456
-76.8	0.0	-76.8	0.0	-4.195328882143961	-10.563918301273944	-0.8470376878989745	0.10279214025730037	1.357033084149323
-75.73333333333333	0.0	-75.73333333333333	0.0	-4.1342809326230165	-10.563992831137403	-0.8470376235103234	0.10275872254746497	1.3570485803513146
-74.66666666666667	0.0	-74.66666666666667	0.0	-4.073464498932334	-10.56398046851642	-0.8470229107035844	0.10271752454230834	1.356619869981946
-73.6	0.0	-73.6	0.0	-4.012861444010001	-10.564001888474294	-0.8470314314683922	0.10275685527658786	1.3566546398534516
-72.53333333333333	0.0	-72.53333333333333	0.0	-3.9524547423527756	-10.564100531887535	-0.8470307017303479	0.10272195662778104	1.3564041250755472
-71.46666666666667	0.0	-71.46666666666667	0.0	-3.8922284322315646	-10.564111424300982	-0.847023618978745	0.10268988034817347	1.3559461071385615
-70.4	0.0	-70.4	0.0	-3.832167569186148	-10.564099340697487	-0.8470316353657867	0.10276469996056015	1.3567394182438495
-69.33333333333333	0.0	-69.33333333333333	0.0	-3.7722581807828357	-10.564020840200557	-0.8470286412935178	0.10273037007816985	1.3563883176617417
-68.26666666666667	0.0	-68.26666666666667	0.0	-3.712487222618799	-10.564065193249608	-0.8470390078663185	0.1027228795317778	1.3565010407266456
-67.2	0.0	-67.2	0.0	-3.652842535556789	-10.564082352825086	-0.8470291885970507	0.10269741382033294	1.356186255343666
-66.13333333333333	0.0	-66.13333333333333	0.0	-3.5933128041739804	-10.563964371353684	-0.8470257974614355	0.10275904449071968	1.3563733580318418
-65.06666666666666	0.0	-65.06666666666666	0.0	-3.533887516408651	-10.564070237027263	-0.8470575732606715	0.10275240172823155	1.3564374140080802
-64.0	0.0	-64.0	0.0	-3.474556924388418	-10.56401644030941	-0.8470275466864521	0.10271655871254431	1.356184742210368
-62.93333333333334	0.0	-62.93333333333334	0.0	-3.4153120064237723	-10.564034973509443	-0.8470339962829874	0.10277090273393358	1.356674342780638
-61.86666666666667	0.0	-61.86666666666667	0.0	-3.356144430150613	-10.564046134208933	-0.8470335992196404	0.10270989448717252	1.3562488733067009
-60.8	0.0	-60.8	0.0	-3.2970465168055205	-10.564054193521745	-0.8470432145915133	0.10275050226302895	1.3567281502299355
-59.733333333333334	0.0	-59.733333333333334	0.0	-3.2380112066174873	-10.564061061644507	-0.8470271818174306	0.10275305634618274	1.3567285365618416
-58.66666666666667	0.0	-58.66666666666667	0.0	-3.179032025299821	-10.564089682399851	-0.8470335670253145	0.10276817694771062	1.3569913924978432
-57.6	0.0	-57.6	0.0	-3.1201030516259602	-10.564003584042108	-0.847032740704294	0.10274132688027066	1.3564774100917527
-56.53333333333333	0.0	-56.53333333333333	0.0	-3.061218886072913	-10.564067854647176	-0.8470325690012256	0.10273789281888746	1.356344361676037
-55.46666666666667	0.0	-55.46666666666667	0.0	-3.002374620516045	-10.564094339845603	-0.8470246921229276	0.10274881742666278	1.3565283844404101
-54.4	0.0	-54.4	0.0	-2.943565808958942	-10.56400671762311	-0.8470360245254916	0.10273914839758072	1.3563765560015044
-53.33333333333333	0.0	-53.33333333333333	0.0	-2.884788439282071	-10.564156818299894	-0.8470342001803823	0.10275069542898169	1.3568075950937486
-52.266666666666666	0.0	-52.266666666666666	0.0	-2.826038905993961	-10.564123185961218	-0.8470299827237457	0.10272359853837991	1.3563166423618087
-51.2	0.0	-51.2	0.0	-2.7673139839686236	-10.564076450532085	-0.8470293710315618	0.10265675238726737	1.35572364434958
-50.13333333333333	0.0	-50.13333333333333	0.0	-2.7086108031529483	-10.563956258383671	-0.8470412400062176	0.10268960133068608	1.3559995067930706
-49.06666666666666	0.0	-49.06666666666666	0.0	-2.649926824227785	-10.564085293240145	-0.847025947701621	0.10270153469399275	1.3559086222122758
-48.0	0.0	-48.0	0.0	-2.591259815206436	-10.564072962813492	-0.8470322792522958	0.10270621360262738	1.3561089996939857
-46.93333333333334	0.0	-46.93333333333334	0.0	-2.532607828954294	-10.563970831681663	-0.8470284159332396	0.10271163298074773	1.3561572697193034
-45.86666666666667	0.0	-45.86666666666667	0.0	-2.473969181613334	-10.564037098334925	-0.8470396410213862	0.10273379340811127	1.356361703686022
-44.8	0.0	-44.8	0.0	-2.415342431915193	-10.564027955146484	-0.8470360137940506	0.10268215371006124	1.3558291236912547
-43.733333333333334	0.0	-43.733333333333334	0.0	-2.356726361366558	-10.564017255898987	-0.8470238872647908	0.10269869086190982	1.3557732128793583
-42.666666666666664	0.0	-42.666666666666664	0.0	-2.29811995529058	-10.564001051421835	-0.847014733344916	0.10276938960063658	1.3564208875876738
-41.6	0.0	-41.6	0.0	-2.2395223847080508	-10.564185986358764	-0.8470403600279883	0.10274791598554969	1.356535756940942
-40.53333333333333	0.0	-40.53333333333333	0.0	-2.180932989042046	-10.564035520812972	-0.8470302295469078	0.10269239150555999	1.3561252578283471
-39.46666666666667	0.0	-39.46666666666667	0.0	-2.122351259629783	-10.56400855269967	-0.8470429999626771	0.10272153810154996	1.356106799748411
-38.4	0.0	-38.4	0.0	-2.0637768240253935	-10.563963469912572	-0.8470210112383824	0.10274172394361812	1.3563460035866357
-37.333333333333336	0.0	-37.333333333333336	0.0	-2.0052094310773465	-10.564103579617008	-0.8470356918507954	0.10270675017471859	1.3562283333270522
-36.266666666666666	0.0	-36.266666666666666	0.0	-1.946648936764245	-10.564065504461423	-0.8470330841104324	0.10272524044897872	1.3561212013433375
-35.2	0.0	-35.2	0.0	-1.8880952907727155	-10.564098160238895	-0.8470200776029436	0.10271562507710576	1.3560885992230813
-34.13333333333333	0.0	-34.13333333333333	0.0	-1.8295485238011158	-10.56401814660866	-0.8470283944703564	0.10268399951805478	1.355832428975335
-33.06666666666667	0.0	-33.06666666666667	0.0	-1.771008735572786	-10.564049460955903	-0.8470301866211402	0.10271959571058009	1.3559051452251247
-32.0	0.0	-32.0	0.0	-1.7124760835425616	-10.56403533837846	-0.8470361854971195	0.10277613967754302	1.3563112551780143
-30.933333333333337	0.0	-30.933333333333337	0.0	-1.6539507722802793	-10.563980618756604	-0.8470226102232138	0.10276334779889051	1.3566121004180676
-29.866666666666667	0.0	-29.866666666666667	0.0	-1.5954330435149888	-10.564041358717322	-0.847026022821713	0.10271154712921325	1.356180492559408
-28.799999999999997	0.0	-28.799999999999997	0.0	-1.536923166823607	-10.564082857202848	-0.8470243487167884	0.10273784989312022	1.3559869832004636
-27.733333333333334	0.0	-27.733333333333334	0.0	-1.478421430947724	-10.56412601906186	-0.8470270101143609	0.10273046666114632	1.35623691848051
-26.666666666666664	0.0	-26.666666666666664	0.0	-1.4199281357222944	-10.56402935023392	-0.8470400595476174	0.10273817183637483	1.3558783917406614
-25.6	0.0	-25.6	0.0	-1.3614435845999364	-10.564090959441419	-0.8470293603001194	0.1027612122419678	1.35579860347071
-24.53333333333333	0.0	-24.53333333333333	0.0	-1.302968077754553	-10.564078156831336	-0.8470294139573292	0.10277847913186024	1.3562214222785192
-23.46666666666667	0.0	-23.46666666666667	0.0	-1.2445019057480127	-10.564084692279403	-0.847039136643621	0.10278753646875843	1.3563068230925424
-22.4	0.0	-22.4	0.0	-1.1860453437435996	-10.564095166166624	-0.8470241340879526	0.10270639603713833	1.3558039906545059
-21.333333333333336	0.0	-21.333333333333336	0.0	-1.1275986462499692	-10.564028717078852	-0.8470251857692506	0.10275574993808019	1.3560446754317013
-20.266666666666666	0.0	-20.266666666666666	0.0	-1.0691620423793182	-10.564088555598458	-0.8470252072321345	0.10270915401768672	1.3555770850486104
-19.200000000000003	0.0	-19.200000000000003	0.0	-1.010735731603509	-10.564077351973191	-0.8470309914792772	0.10278892082475359	1.3560676621800858
-18.133333333333333	0.0	-18.133333333333333	0.0	-0.9523198799918556	-10.564085411286001	-0.8470239516534411	0.10278292194877477	1.356202631523887
-17.06666666666667	0.0	-17.06666666666667	0.0	-0.8939146169143085	-10.564017985637033	-0.8470357991652138	0.10275970984011273	1.3561072719318514
-16.0	0.0	-16.0	0.0	-0.8355200321937496	-10.564066405902532	-0.8470360352569337	0.10282344387309666	1.3566717779660422
-14.933333333333337	0.0	-14.933333333333337	0.0	-0.7771361736911329	-10.564034608640414	-0.8470265701252465	0.10280940714719275	1.3565989544018353
-13.866666666666674	0.0	-13.866666666666674	0.0	-0.7187630453071814	-10.563989622436297	-0.8470371727897665	0.10285300899531767	1.3569174314008015
-12.799999999999997	0.0	-12.799999999999997	0.0	-0.6604006053843748	-10.564123185961218	-0.8470398985759898	0.10285197877690272	1.3566534379319668
-11.733333333333334	0.0	-11.733333333333334	0.0	-0.6020487654929477	-10.564068219516205	-0.8470167293930949	0.10282218829440336	1.3565632079691234
-10.666666666666671	0.0	-10.666666666666671	0.0	-0.5437073895846136	-10.564017116390247	-0.847032504612574	0.1028450355340436	1.3563525283032638
-9.599999999999994	0.0	-9.599999999999994	0.0	-0.4853762934977529	-10.56406443131724	-0.8470307339246737	0.10288623353920023	1.3566105014332361
-8.533333333333331	0.0	-8.533333333333331	0.0	-0.4270552447977797	-10.56389208436157	-0.847027106697337	0.10286845154010033	1.356153502983223
-7.466666666666669	0.0	-7.466666666666669	0.0	-0.36874396293640566	-10.564003133321552	-0.8470339962829873	0.1029572649526235	1.3569357928977601
-6.400000000000006	0.0	-6.400000000000006	0.0	-0.31044211971353775	-10.563854363343566	-0.8470229107035847	0.10294154339035354	1.3567094345953976
-5.333333333333329	0.0	-5.333333333333329	0.0	-0.2521493400255208	-10.563877661303758	-0.8470230502123285	0.10304609982803031	1.3569999883827424
-4.266666666666666	0.0	-4.266666666666666	0.0	-0.1938652028834597	-10.563899220770384	-0.8470303690556519	0.10296404722385538	1.356349008390346
-3.200000000000003	0.0	-3.200000000000003	0.0	-0.1355892426853284	-10.56378888008556	-0.8470342753004751	0.10306489058266158	1.357073337787599
-2.13333333333334	0.0	-2.13333333333334	0.0	-0.07732095072560852	-10.563848664947956	-0.8470298968722112	0.10305488887888302	1.356779360670313
-1.0666666666666629	0.0	-1.0666666666666629	0.0	-0.01905977692616606	-10.563780767115546	-0.8470265057365949	0.1031112504113349	1.3570683905929188
0.0	0.0	0.0	0.0	0.0391948682279	-10.563759647638037	-0.8470297144377003	0.10314424959493917	1.3569452258351213
1.0666666666666629	0.0	1.0666666666666629	0.0	0.0974436115637267	-10.563717226248516	-0.84702924225426	0.10313152210493765	1.3566628279435629
2.1333333333333258	0.0	2.1333333333333258	0.0	0.1556871149237345	-10.563720746161437	-0.8470165791529092	0.10320292911882474	1.3571722816812033
3.200000000000003	0.0	3.200000000000003	0.0	0.2139260727125422	-10.563667968930547	-0.8470299827237453	0.10317382544860206	1.3567086190058182
4.266666666666666	0.0	4.266666666666666	0.0	0.27216120930401666	-10.563718911084877	-0.8470269993829193	0.10325181083632634	1.356848181406721
5.333333333333329	0.0	5.333333333333329	0.0	0.33039327632474647	-10.563455733205632	-0.8470303153984424	0.10330046719354963	1.3568893150232264
6.400000000000006	0.0	6.400000000000006	0.0	0.38862304983020113	-10.563250451455001	-0.8470197663911305	0.1033293240406104	1.3570152914187816
7.466666666666669	0.0	7.466666666666669	0.0	0.44685132738985966	-10.563604449526402	-0.8470227068061904	0.10334467000241665	1.3569039205155464
8.533333333333331	0.0	8.533333333333331	0.0	0.5050789250975919	-10.563332021144294	-0.8470476896027528	0.1033978657595308	1.3571887437129593
9.599999999999994	0.0	9.599999999999994	0.0	0.5633066745235548	-10.563262674567238	-0.8470263233020843	0.10342779575077386	1.3569689959787592
10.666666666666671	0.0	10.666666666666671	0.0	0.621535419623892	-10.563011741263095	-0.84703672206921	0.10347919935710374	1.3572772781079943
11.733333333333334	0.0	11.733333333333334	0.0	0.6797660136245051	-10.563230984619532	-0.84704543599997	0.10348033688993699	1.356819989909053
12.799999999999997	0.0	12.799999999999997	0.0	0.7379993158951843	-10.563088267174734	-0.847043515071884	0.1035701483265497	1.3569717110335393
13.86666666666666	0.0	13.86666666666666	0.0	0.7962361888303604	-10.563119882002344	-0.8470187254412741	0.1035845713843591	1.3573745800909995
14.933333333333337	0.0	14.933333333333337	0.0	0.8544774947527677	-10.56320757934492	-0.8470276432694284	0.10359292044609704	1.3568567987545046
16.0	0.0	16.0	0.0	0.9127240928562825	-10.563253810396295	-0.8470372049840923	0.1035848611332884	1.3564048762764744
17.066666666666663	0.0	17.066666666666663	0.0	0.9709768362042303	-10.562777151944859	-0.8470326441213177	0.10360605573088788	1.3564268971950946
18.133333333333326	0.0	18.133333333333326	0.0	1.0292365687994187	-10.562788666781932	-0.8470233936184663	0.10361846127763463	1.356306211400358
19.200000000000003	0.0	19.200000000000003	0.0	1.0875041227421884	-10.563124614568187	-0.8470361211084682	0.10365685837647565	1.3558606526673285
20.266666666666666	0.0	20.266666666666666	0.0	1.1457803154927464	-10.56283171059509	-0.8470330733789908	0.10367142094302886	1.3562283440584932
21.33333333333333	0.0	21.33333333333333	0.0	1.2040659472540736	-10.562744324464322	-0.8470247779744617	0.10373626031452053	1.3564671615648114
22.400000000000006	0.0	22.400000000000006	0.0	1.2623617984916657	-10.562868165302957	-0.8470311095251369	0.10372252406898774	1.3562130946796633
23.46666666666667	0.0	23.46666666666667	0.0	1.3206686276063948	-10.562883811745136	-0.847024144819394	0.10369034047496195	1.355328856067814
24.53333333333333	0.0	24.53333333333333	0.0	1.3789871687767694	-10.56272061870934	-0.8470270959658959	0.10370231676403587	1.3554584918850296
25.599999999999994	0.0	25.599999999999994	0.0	1.4373181299868607	-10.56244262070893	-0.8470224492515867	0.10378728832038656	1.3558385780914994
26.66666666666667	0.0	26.66666666666667	0.0	1.4956621912561816	-10.562436267695368	-0.847015720637564	0.10383057895669873	1.3561909342523
27.733333333333334	0.0	27.733333333333334	0.0	1.5540200030877847	-10.562555891077363	-0.8470313241539738	0.10381610224168009	1.3558401663448896
28.799999999999997	0.0	28.799999999999997	0.0	1.6123921851508696	-10.562486866443567	-0.8470247887059041	0.10385079699309233	1.3562967999258797
29.86666666666666	0.0	29.86666666666666	0.0	1.670779325214162	-10.562637460766652	-0.8470162142838876	0.10387481395989111	1.35589386647977
30.933333333333337	0.0	30.933333333333337	0.0	1.7291819783463485	-10.562439540785126	-0.8470264520793864	0.10389918506427011	1.3559088261096701
32.0	0.0	32.0	0.0	1.7876006663998416	-10.56212767435432	-0.8470160747751436	0.1039117193883188	1.3556560362660988
33.06666666666666	0.0	33.06666666666666	0.0	1.8460358777941588	-10.562119067737978	-0.8470215156161478	0.1039917759443148	1.3561459158538565
34.133333333333326	0.0	34.133333333333326	0.0	1.9044880676151767	-10.562035738092225	-0.8470088310519143	0.10396505465417677	1.3561338751761298
35.2	0.0	35.2	0.0	1.9629576580465535	-10.562066945125048	-0.8470262052562241	0.10395799336545748	1.3554931973678834
36.266666666666666	0.0	36.266666666666666	0.0	2.021445039149582	-10.562310924454886	-0.8470199166313163	0.10394245423769846	1.3551052342831158
37.33333333333333	0.0	37.33333333333333	0.0	2.079950570007767	-10.56189485572398	-0.8470423346132834	0.10400608095626426	1.3550694771189626
38.39999999999999	0.0	38.39999999999999	0.0	2.1384745802523812	-10.561459856729705	-0.8470224170572611	0.10407232614663471	1.3553967646316665
39.46666666666667	0.0	39.46666666666667	0.0	2.1970173719853	-10.561428714085535	-0.8470303690556511	0.1041057545879119	1.3559067764042831
40.53333333333333	0.0	40.53333333333333	0.0	2.2555792221153697	-10.561598592809583	-0.8470114280608346	0.10410849110557657	1.3553907979500126
41.599999999999994	0.0	41.599999999999994	0.0	2.3141603851246044	-10.561365366384456	-0.847030143695373	0.10417113053149471	1.356020164818579
42.66666666666667	0.0	42.66666666666667	0.0	2.3727610962804784	-10.561293304752617	-0.8470239516534412	0.10418479165693478	1.3560042715532399
43.733333333333334	0.0	43.733333333333334	0.0	2.4313815753105863	-10.561235623252825	-0.8470282120358449	0.10421219975934948	1.35558921157787
44.8	0.0	44.8	0.0	2.490022030555963	-10.561129092229848	-0.8470251857692511	0.10421579479235993	1.3558935338050728
45.86666666666666	0.0	45.86666666666666	0.0	2.548682663619322	-10.561482349831763	-0.8470163859869569	0.10418117516104058	1.3551495551378434
46.93333333333334	0.0	46.93333333333334	0.0	2.607363674524507	-10.561059166154935	-0.8470153128427742	0.10418281707163939	1.3547622359395837
48.0	0.0	48.0	0.0	2.6660652674034075	-10.560821808124706	-0.8470284159332399	0.10427208120471913	1.355794911854724
49.06666666666666	0.0	49.06666666666666	0.0	2.724787656726653	-10.560560948236885	-0.8470220307253554	0.1042898310094936	1.3561605106147336
50.133333333333326	0.0	50.133333333333326	0.0	2.783531074094322	-10.560901167136985	-0.8470390078663189	0.10424259120259088	1.3553595801857505
51.19999999999999	0.0	51.19999999999999	0.0	2.8422957756029708	-10.561294753497261	-0.8470304334443024	0.10415386364160219	1.3548310566759918
52.26666666666665	0.0	52.26666666666665	0.0	2.901082049805243	-10.561424078102673	-0.8470293924944456	0.10420675891834541	1.355259101695967
53.33333333333334	0.0	53.33333333333334	0.0	2.9598902262783517	-10.560854453170734	-0.8470234043499086	0.10429375871720062	1.3555917763924652
54.400000000000006	0.0	54.400000000000006	0.0	3.0187206848176857	-10.56070367641313	-0.8470211936728934	0.10426846470882493	1.3557028468153285
55.46666666666667	0.0	55.46666666666667	0.0	3.0775738652718507	-10.560413884558143	-0.847017459131139	0.10429785812797682	1.3557352235753077
56.53333333333333	0.0	56.53333333333333	0.0	3.13645027803539	-10.561035599908696	-0.8470347582153566	0.10430109902340723	1.355655145556427
57.599999999999994	0.0	57.599999999999994	0.0	3.195350515215478	-10.561104409913646	-0.8470182747207171	0.1042338021517382	1.3553502652942502
58.66666666666666	0.0	58.66666666666666	0.0	3.2542752624888656	-10.561051418053943	-0.8470224492515871	0.10427867030999816	1.3554510764587306
59.73333333333332	0.0	59.73333333333332	0.0	3.3132253116653385	-10.561120818288208	-0.8470203244261056	0.10424268778556722	1.355210552653162
60.80000000000001	0.0	60.80000000000001	0.0	3.372201573973985	-10.56117038681799	-0.8470281047214268	0.10427878835585826	1.355273106227545
61.866666666666674	0.0	61.866666666666674	0.0	3.431205094088528	-10.560957957927105	-0.8470232863040487	0.10426293801628633	1.3555480457670388
62.93333333333334	0.0	62.93333333333334	0.0	3.490237064908026	-10.561162059219123	-0.8470376127788815	0.10430205412172949	1.3557591010333618
64.0	0.0	64.0	0.0	3.549298843109189	-10.561225932760857	-0.847029252985702	0.10427161975272073	1.3554365782808278
65.06666666666666	0.0	65.06666666666666	0.0	3.6083919654866037	-10.560857221882719	-0.8470211507471261	0.10432572768238992	1.355809334912533
66.13333333333333	0.0	66.13333333333333	0.0	3.667518166097146	-10.560642936452405	-0.8470227497319576	0.10432421454909294	1.3560826218099853
67.19999999999999	0.0	67.19999999999999	0.0	3.7266793942248477	-10.560756314135263	-0.8470284481275651	0.1043078491003136	1.3557840194412742
68.26666666666665	0.0	68.26666666666665	0.0	3.7858778331825	-10.560985730898544	-0.8470279652126829	0.10427331532052872	1.3557075149925213
69.33333333333334	0.0	69.33333333333334	0.0	3.845115919966272	-10.560692719611026	-0.8470131128972013	0.10432901150358762	1.3561538463893623
70.4	0.0	70.4	0.0	3.9043963657796077	-10.560879511087382	-0.8470150445567286	0.10429609817151796	1.355863077973181
71.46666666666667	0.0	71.46666666666667	0.0	3.9637221774427083	-10.560506099837726	-0.8470331377676419	0.1043636311349071	1.3559554005671794
72.53333333333333	0.0	72.53333333333333	0.0	4.023096679703835	-10.56099553943637	-0.8470265057365955	0.10433312164580569	1.356126878276062
73.6	0.0	73.6	0.0	4.082523538468745	-10.560701422810343	-0.847022277548517	0.10430326677465539	1.3559884212136672
74.66666666666666	0.0	74.66666666666666	0.0	4.142006784964515	-10.560118362113236	-0.8470158279519822	0.10432008294399132	1.3557713563399238
75.73333333333332	0.0	75.73333333333332	0.0	4.201550840854042	-10.560699673585326	-0.8470261837933407	0.10433721032514004	1.3558531084637273
76.80000000000001	0.0	76.80000000000001	0.0	4.261160544317486	-10.561171213139003	-0.8470205605178255	0.1043034814034918	1.3558818258020455
77.86666666666667	0.0	77.86666666666667	0.0	4.320841177116942	-10.56111978806979	-0.8470160211179346	0.10428254436049608	1.3556291647357748
78.93333333333334	0.0	78.93333333333334	0.0	4.380598492660622	-10.561282970374146	-0.8470107197856742	0.10429391968882794	1.3555943519385023
80.0	0.0	80.0	0.0	4.440438745082791	-10.560965029947274	-0.8470332772763851	0.10428151414208114	1.3556602107969673
