Hysterese	V-MOKE
Charge	2020_0446
Sample	1
Sample State	bFC
User	Meike Reginka
Sample Angle	25.0
Magnetic Field Angle	90.0
Detektor Averages	300
Hysteresus Points	150
Magnetic Field [kA/m]	80
Hysteresis Averages	100
Polarization	p-polarization
Measurement Method	Scan Both Angles
Max Voltage Correction	No
Training Effect Elimination	No
Magnetic field [kA/m]	Magnetic field transversal [kA/m]	Magnetic field longitudinal [kA/m]	Magnetic field transversal [V]	Magnetic field longitudinal [V]	Detector diff transversal [V]	Detector diff longitudinal [V]	Detector raw transversal [V]	Detector raw longitudinal [V]
80.0	80.0	0.0	-4.342489581062203	0.0	-10.564406957477331	-0.8455342772882901	0.09076956647478315	1.0488604370831522
78.93333333333334	78.93333333333334	0.0	-4.283945631442396	0.0	-10.564406957477331	-0.8462424129398327	0.0907861358209571	1.0491115957475672
77.86666666666666	77.86666666666666	0.0	-4.225481927972428	0.0	-10.564406957477331	-0.8462143716823506	0.09078447244747459	1.0488975034832089
76.8	76.8	0.0	-4.167093947216811	0.0	-10.564406957477331	-0.8462273674583974	0.09076463001154483	1.048803903847632
75.73333333333333	75.73333333333333	0.0	-4.108777426500553	0.0	-10.564406957477331	-0.8462221949034385	0.09076809626725346	1.0487055823776543
74.66666666666667	74.66666666666667	0.0	-4.050528351430542	0.0	-10.564406957477331	-0.846232776105076	0.0907578799346384	1.0487067413733715
73.6	73.6	0.0	-3.992342943813344	0.0	-10.564406957477331	-0.8462285049912309	0.09076989914947968	1.0486115212900795
72.53333333333333	72.53333333333333	0.0	-3.934217649963252	0.0	-10.564406957477331	-0.846229320580809	0.09077778675921923	1.0487524787784184
71.46666666666667	71.46666666666667	0.0	-3.876149129394453	0.0	-10.564406957477331	-0.846226251388448	0.09077973988163089	1.0487528865732076
70.4	70.4	0.0	-3.818134243891202	0.0	-10.564406957477331	-0.8462269274692824	0.0907723995754243	1.048650766172825
69.33333333333333	69.33333333333333	0.0	-3.760170046949834	0.0	-10.564406957477331	-0.8462304259193166	0.09077161618017125	1.0487651096854436
68.26666666666667	68.26666666666667	0.0	-3.7022537735865026	0.0	-10.564406957477331	-0.8462236329166432	0.09078383929240708	1.0486615512718558
67.2	67.2	0.0	-3.6443828305044987	0.0	-10.564406957477331	-0.8462296961812724	0.09077281810165541	1.0487068808821145
66.13333333333333	66.13333333333333	0.0	-3.586554786615013	0.0	-10.564406957477331	-0.8462187823049392	0.0907538127181877	1.0486161036157378
65.06666666666666	65.06666666666666	0.0	-3.5287673639052177	0.0	-10.564406957477331	-0.8462261440740292	0.09079345466428014	1.048672475879631
64.0	64.0	0.0	-3.4710184286475108	0.0	-10.564406957477331	-0.8462257040849154	0.09077302199905005	1.04876019468509
62.93333333333334	62.93333333333334	0.0	-3.4133059829438133	0.0	-10.564406957477331	-0.8462248026438017	0.0907744922065797	1.0485935997822369
61.86666666666667	61.86666666666667	0.0	-3.3556281565987605	0.0	-10.564406957477331	-0.8462253392158927	0.09076315980401503	1.048519917702682
60.8	60.8	0.0	-3.2979831993156687	0.0	-10.564406957477331	-0.8462293205808092	0.09076027304616487	1.048455282228586
59.733333333333334	59.733333333333334	0.0	-3.2403694732091295	0.0	-10.564406957477331	-0.8462297605699237	0.09075587315501764	1.048324873747558
58.66666666666667	58.66666666666667	0.0	-3.1827854456281033	0.0	-10.564406957477331	-0.8462369506359447	0.09075326541465473	1.0484420825551433
57.6	57.6	0.0	-3.1252296822833725	0.0	-10.564406957477331	-0.846221175416466	0.0907528361569818	1.048372371109064
56.53333333333333	56.53333333333333	0.0	-3.0677008406732234	0.0	-10.564406957477331	-0.8462305761595021	0.09075332980330567	1.048357754885302
55.46666666666667	55.46666666666667	0.0	-3.0101976638012173	0.0	-10.564406957477331	-0.8462263050456568	0.09077884917195966	1.0483572827018621
54.4	54.4	0.0	-2.9527189741799083	0.0	-10.564406957477331	-0.8462289557117871	0.09074133205134814	1.0483281253744308
53.33333333333333	53.33333333333333	0.0	-2.895263668114395	0.0	-10.564406957477331	-0.8462154019007655	0.09075498244534633	1.0483348969142208
52.266666666666666	52.266666666666666	0.0	-2.837830710259539	0.0	-10.564406957477331	-0.8462220339318115	0.09075050743410638	1.0481284990936484
51.2	51.2	0.0	-2.7804191284447413	0.0	-10.564406957477331	-0.8462278718361634	0.09077373027421026	1.0483625840341224
50.13333333333333	50.13333333333333	0.0	-2.7230280087601257	0.0	-10.564406957477331	-0.8462309410285244	0.09074593583989002	1.0481869747201393
49.06666666666666	49.06666666666666	0.0	-2.665656490897999	0.0	-10.564406957477331	-0.8462352228738115	0.09076343882150249	1.0482593690266735
48.0	48.0	0.0	-2.6083037637434527	0.0	-10.564406957477331	-0.8462285586484402	0.09078127447781151	1.0483982768096245
46.93333333333334	46.93333333333334	0.0	-2.5509690612079656	0.0	-10.564406957477331	-0.8462204456784221	0.09077304346193366	1.0483491911947278
45.86666666666667	45.86666666666667	0.0	-2.4936516582998802	0.0	-10.564406957477331	-0.8462096176536228	0.09076489829759037	1.0482868844435065
44.8	44.8	0.0	-2.4363508674256087	0.0	-10.564406957477331	-0.8462167218681094	0.09075962915965553	1.0481166623133182
43.733333333333334	43.733333333333334	0.0	-2.3790660349154367	0.0	-10.564406957477331	-0.8462251675128242	0.09078538462002957	1.0482499038949855
42.666666666666664	42.666666666666664	0.0	-2.3217965377677903	0.0	-10.564406957477331	-0.8462282903623943	0.09076338516429336	1.0482017304526445
41.6	41.6	0.0	-2.264541780605829	0.0	-10.564406957477331	-0.8462311663888025	0.09075737555687281	1.0482500219408462
40.53333333333333	40.53333333333333	0.0	-2.207301192840227	0.0	-10.564406957477331	-0.8462458577326578	0.09080002230667546	1.0483741525284074
39.46666666666667	39.46666666666667	0.0	-2.1500742260320136	0.0	-10.564406957477331	-0.8462289986375546	0.09077323662788647	1.048253574048089
38.4	38.4	0.0	-2.092860351449327	0.0	-10.564406957477331	-0.8462228387899482	0.0907609383955578	1.0480254879835937
37.333333333333336	37.333333333333336	0.0	-2.0356590578119564	0.0	-10.564406957477331	-0.8462287840087177	0.09075769750012747	1.0478659543694595
36.266666666666666	36.266666666666666	0.0	-1.978469849217529	0.0	-10.564406957477331	-0.8462301790961547	0.09077403075458135	1.0480560940556714
35.2	35.2	0.0	-1.9212922432432114	0.0	-10.564406957477331	-0.8462267664976557	0.09077462098388153	1.047982025644212
34.13333333333333	34.13333333333333	0.0	-1.8641257692167834	0.0	-10.564406957477331	-0.8462245236263146	0.09075563706329753	1.0477757244066168
33.06666666666667	33.06666666666667	0.0	-1.8069699666509589	0.0	-10.564406957477331	-0.8462188788879156	0.09077642386610776	1.0479363204334904
32.0	32.0	0.0	-1.7498243838348049	0.0	-10.564406957477331	-0.8462352872624628	0.09076564949851793	1.0478669523935493
30.933333333333337	30.933333333333337	0.0	-1.6926885765761346	0.0	-10.564406957477331	-0.8462402773829099	0.09077495365857802	1.0478098503916107
29.866666666666667	29.866666666666667	0.0	-1.6355621070887316	0.0	-10.564406957477331	-0.8462167218681101	0.09076042328635031	1.047585692034823
28.799999999999997	28.799999999999997	0.0	-1.5784445430182759	0.0	-10.564406957477331	-0.846224630940733	0.09081291076830433	1.0479381340471583
27.733333333333334	27.733333333333334	0.0	-1.5213354566008253	0.0	-10.564406957477331	-0.8462199413006559	0.0907633100442006	1.0477255119903284
26.666666666666664	26.666666666666664	0.0	-1.4642344239477312	0.0	-10.564406957477331	-0.8462152087348129	0.09078603923798076	1.0477380248514934
25.6	25.6	0.0	-1.4071410244508409	0.0	-10.564406957477331	-0.8462222807549735	0.09079480682594974	1.047786434385555
24.53333333333333	24.53333333333333	0.0	-1.3500548403018546	0.0	-10.564406957477331	-0.8462415758873704	0.09080852160859891	1.047857905788093
23.46666666666667	23.46666666666667	0.0	-1.292975456119707	0.0	-10.564406957477331	-0.8462186213333122	0.09082273003757198	1.047823125185146
22.4	22.4	0.0	-1.2359024586798253	0.0	-10.564406957477331	-0.8462366823498993	0.09084056569388096	1.0480183086490138
21.333333333333336	21.333333333333336	0.0	-1.1788354367391438	0.0	-10.564406957477331	-0.846232421967496	0.09081737504810254	1.0477466529307184
20.266666666666666	20.266666666666666	0.0	-1.121773980950723	0.0	-10.564406957477331	-0.846231906858288	0.09081501413090155	1.047726209534047
19.200000000000003	19.200000000000003	0.0	-1.0647176838618537	0.0	-10.564406957477331	-0.8462290630262056	0.09084269051936181	1.0477149522515752
18.133333333333333	18.133333333333333	0.0	-1.0076661399894944	0.0	-10.564406957477331	-0.8462306942053627	0.09083771113035613	1.0476914396625419
17.06666666666667	17.06666666666667	0.0	-0.9506189459669213	0.0	-10.564406957477331	-0.8462323790417285	0.09082598166444412	1.0475017828912114
16.0	16.0	0.0	-0.8935757007554419	0.0	-10.564406957477331	-0.8462386354723112	0.09083537167603885	1.0474342713907077
14.933333333333337	14.933333333333337	0.0	-0.8365360059150497	0.0	-10.564406957477331	-0.8462430246320167	0.09087285660232497	1.0476521947797979
13.866666666666674	13.866666666666674	0.0	-0.77949946592787	0.0	-10.564406957477331	-0.8462032324457388	0.09086934742084898	1.0474802878132419
12.799999999999997	12.799999999999997	0.0	-0.7224656885682738	0.0	-10.564406957477331	-0.846221948080277	0.09089835450809533	1.0475882246550934
11.733333333333334	11.733333333333334	0.0	-0.6654342853135198	0.0	-10.564406957477331	-0.8462241587572925	0.09086504411267811	1.0473050219053965
10.666666666666671	10.666666666666671	0.0	-0.6084048717887804	0.0	-10.564406957477331	-0.8462210573706055	0.09089545701880314	1.0472943011950158
9.599999999999994	9.599999999999994	0.0	-0.551377068240432	0.0	-10.564406957477331	-0.8462045094873156	0.09088145248722482	1.0469808250479378
8.533333333333331	8.533333333333331	0.0	-0.49435050003146297	0.0	-10.564406957477331	-0.8462239226655727	0.09090916107001058	1.0470426381528355
7.466666666666669	7.466666666666669	0.0	-0.4373247981528619	0.0	-10.564406957477331	-0.846218556944661	0.09092830596222196	1.0470703681985047
6.400000000000006	6.400000000000006	0.0	-0.3802995997448602	0.0	-10.564406957477331	-0.8462260045652861	0.09092270414959053	1.046777174476472
5.333333333333329	5.333333333333329	0.0	-0.3232745486218845	0.0	-10.564406957477331	-0.8462156809182524	0.09096134807159346	1.0470592504247769
4.266666666666666	4.266666666666666	0.0	-0.2662492957950903	0.0	-10.564406957477331	-0.8462303507992246	0.09090062957376163	1.0465910161551768
3.200000000000003	3.200000000000003	0.0	-0.20922349998633066	0.0	-10.564406957477331	-0.846215627261044	0.09091186539334982	1.0465278830829348
2.13333333333334	2.13333333333334	0.0	-0.15219682812743746	0.0	-10.564406957477331	-0.8462307585940134	0.09091121077539867	1.046202248212273
1.0666666666666629	1.0666666666666629	0.0	-0.09516895583866962	0.0	-10.564406957477331	-0.84621790232671	0.0908893079026389	1.045998479594947
0.0	0.0	0.0	-0.0381395678802	0.0	-10.564406957477331	-0.8462205637242819	0.09089391169118075	1.0458331080764602
-1.0666666666666629	-1.0666666666666629	0.0	0.01889164142950607	0.0	-10.564406957477331	-0.8462255538447293	0.09086896108894336	1.045570820906877
-2.1333333333333258	-2.1333333333333258	0.0	0.07592496783454125	0.0	-10.564406957477331	-0.8462229139100408	0.09084189639266692	1.045603423027134
-3.200000000000003	-3.200000000000003	0.0	0.13296069680778344	0.0	-10.564406957477331	-0.8462437329071768	0.09085124347849441	1.0455981860835235
-4.266666666666666	-4.266666666666666	0.0	0.1899991032686266	0.0	-10.564406957477331	-0.8462304795765256	0.09084927962464086	1.0454543096430102
-5.333333333333329	-5.333333333333329	0.0	0.2470404513583625	0.0	-10.564406957477331	-0.8462199413006566	0.09079225274279601	1.045182010038205
-6.400000000000006	-6.400000000000006	0.0	0.3040849942793354	0.0	-10.564406957477331	-0.8462325400133556	0.09079192006809947	1.0450051129512021
-7.466666666666669	-7.466666666666669	0.0	0.36113297420401097	0.0	-10.564406957477331	-0.8462305225022935	0.09078889380150552	1.044992278146782
-8.533333333333331	-8.533333333333331	0.0	0.4181846222601038	0.0	-10.564406957477331	-0.8462386247408697	0.09076087400690692	1.044732695300537
-9.599999999999994	-9.599999999999994	0.0	0.4752401585978824	0.0	-10.564406957477331	-0.8462421017280198	0.09073892820837987	1.044827947578154
-10.666666666666671	-10.666666666666671	0.0	0.5322997925458017	0.0	-10.564406957477331	-0.8462276250130013	0.09070991038969173	1.0445579337704567
-11.733333333333334	-11.733333333333334	0.0	0.5893637228605886	0.0	-10.564406957477331	-0.8462204671413055	0.09070966356652979	1.0446739621194427
-12.799999999999997	-12.799999999999997	0.0	0.6464321380779278	0.0	-10.564406957477331	-0.8462220768575794	0.09066935627104447	1.0442843034668672
-13.86666666666666	-13.86666666666666	0.0	0.7035052169698697	0.0	-10.564406957477331	-0.8462157453069038	0.09061902580889684	1.0439316575571373
-14.933333333333337	-14.933333333333337	0.0	0.7605831291151076	0.0	-10.564406957477331	-0.8462191042481941	0.09060963579730204	1.043752753690514
-16.0	-16.0	0.0	0.8176660355882505	0.0	-10.564406957477331	-0.8462408783436517	0.09056846998647088	1.0435177995032496
-17.066666666666663	-17.066666666666663	0.0	0.8747540897742391	0.0	-10.564406957477331	-0.8462256826220315	0.09055714831534811	1.0435985428715238
-18.133333333333326	-18.133333333333326	0.0	0.9318474383140274	0.0	-10.564406957477331	-0.8462226241611122	0.09052759392456888	1.0434092080434492
-19.200000000000003	-19.200000000000003	0.0	0.9889462221876749	0.0	-10.564406957477331	-0.8462341282667455	0.09052010337817676	1.0435075187819856
-20.266666666666666	-20.266666666666666	0.0	1.0460505779409777	0.0	-10.564406957477331	-0.846227399652723	0.09046975145314554	1.0432511124425197
-21.33333333333333	-21.33333333333333	0.0	1.1031606390617854	0.0	-10.564406957477331	-0.8462330443911215	0.09045126117888527	1.0430589874395704
-22.400000000000006	-22.400000000000006	0.0	1.1602765375121282	0.0	-10.564406957477331	-0.8462245772835237	0.09044050827417909	1.043008689171749
-23.46666666666667	-23.46666666666667	0.0	1.2173984054222904	0.0	-10.564406957477331	-0.8462326902535416	0.09042895051133618	1.0429485394403335
-24.53333333333333	-24.53333333333333	0.0	1.2745263769529795	0.0	-10.564406957477331	-0.8462303078734569	0.09040626424332344	1.0430719724841762
-25.599999999999994	-25.599999999999994	0.0	1.3316605903317076	0.0	-10.564406957477331	-0.8462293849694601	0.09038364236396157	1.042677280785385
-26.66666666666667	-26.66666666666667	0.0	1.3888011900695343	0.0	-10.564406957477331	-0.846224072905758	0.09037222410986238	1.0427923003788395
-27.733333333333334	-27.733333333333334	0.0	1.4459483293643003	0.0	-10.564406957477331	-0.8462303615306657	0.09033932150923453	1.0427398558226526
-28.799999999999997	-28.799999999999997	0.0	1.5031021726964937	0.0	-10.564406957477331	-0.8462305225022935	0.09032203315645843	1.0424850699309027
-29.86666666666666	-29.86666666666666	0.0	1.5602628986238758	0.0	-10.564406957477331	-0.846231509794941	0.09034953784184953	1.0426082883459094
-30.933333333333337	-30.933333333333337	0.0	1.6174307027810082	0.0	-10.564406957477331	-0.8462295244782042	0.09030265217252692	1.0425447904046452
-32.0	-32.0	0.0	1.6746058010898164	0.0	-10.564406957477331	-0.8462308015197807	0.0902930046063285	1.0423113815450047
-33.06666666666666	-33.06666666666666	0.0	1.731788433187324	0.0	-10.564406957477331	-0.8462213578509767	0.09027492212685757	1.042298342843192
-34.133333333333326	-34.133333333333326	0.0	1.788978866076694	0.0	-10.564406957477331	-0.8462166145536905	0.09026587552140118	1.042205870009006
-35.2	-35.2	0.0	1.8461773980077143	0.0	-10.564406957477331	-0.8462287303515089	0.09023688989703854	1.0422627037248986
-36.266666666666666	-36.266666666666666	0.0	1.903384362592853	0.0	-10.564406957477331	-0.8462199305692143	0.09023642844504018	1.0421003048157975
-37.33333333333333	-37.33333333333333	0.0	1.9606001331650438	0.0	-10.564406957477331	-0.8462125902630073	0.09020430923966533	1.0417759469867118
-38.39999999999999	-38.39999999999999	0.0	2.0178251273833046	0.0	-10.564406957477331	-0.8462235148707832	0.09019180710994211	1.0418406253865766
-39.46666666666667	-39.46666666666667	0.0	2.0750598120923507	0.0	-10.564406957477331	-0.8462171296628986	0.09018278196736942	1.0416650911926857
-40.53333333333333	-40.53333333333333	0.0	2.1323047084423257	0.0	-10.564406957477331	-0.8462390432671004	0.09017528068953543	1.0416847511941048
-41.599999999999994	-41.599999999999994	0.0	2.18956039727479	0.0	-10.564406957477331	-0.8462242338773852	0.09015804599396843	1.041446416602667
-42.66666666666667	-42.66666666666667	0.0	2.246827524781106	0.0	-10.564406957477331	-0.8462126009944498	0.09014066105821594	1.041415059329662
-43.733333333333334	-43.733333333333334	0.0	2.304106808439335	0.0	-10.564406957477331	-0.8462393974046805	0.09011754553253025	1.0413095907194307
-44.8	-44.8	0.0	2.3613990432358243	0.0	-10.564406957477331	-0.8462225490410188	0.09012156982321366	1.0412350071987653
-45.86666666666666	-45.86666666666666	0.0	2.4187051081775675	0.0	-10.564406957477331	-0.8462180096411284	0.09010481804252882	1.0410351877520276
-46.93333333333334	-46.93333333333334	0.0	2.4760259731015175	0.0	-10.564406957477331	-0.8462165394335986	0.09010526876308528	1.0411997329494938
-48.0	-48.0	0.0	2.53336270578696	0.0	-10.564406957477331	-0.8462384745006837	0.09007375051845253	1.041070633704369
-49.06666666666666	-49.06666666666666	0.0	2.5907164793770994	0.0	-10.564406957477331	-0.8462286981571835	0.09009582509428146	1.0409864240803879
-50.133333333333326	-50.133333333333326	0.0	2.6480885801159855	0.0	-10.564406957477331	-0.846230543965177	0.09009111399132137	1.0411266625621236
-51.19999999999999	-51.19999999999999	0.0	2.705480415406914	0.0	-10.564406957477331	-0.8462215724798134	0.09008353759339466	1.041188078603675
-52.26666666666665	-52.26666666666665	0.0	2.762893522198445	0.0	-10.564406957477331	-0.8462169686912712	0.09008319418725633	1.0412109151118727
-53.33333333333334	-53.33333333333334	0.0	2.820329575704172	0.0	-10.564406957477331	-0.8462212076107914	0.09006072254807995	1.0410973979202736
-54.400000000000006	-54.400000000000006	0.0	2.877790398462363	0.0	-10.564406957477331	-0.8462264982116098	0.09006544438248186	1.0411862435271224
-55.46666666666667	-55.46666666666667	0.0	2.935277969741645	0.0	-10.564406957477331	-0.8462176233092228	0.09006423172955598	1.04117421358084
-56.53333333333333	-56.53333333333333	0.0	2.9927944352988205	0.0	-10.564406957477331	-0.8462104869004109	0.09006035767905805	1.0411106512509245
-57.599999999999994	-57.599999999999994	0.0	3.050342117494992	0.0	-10.564406957477331	-0.8462116458961276	0.09006484342173984	1.0409935604891993
-58.66666666666666	-58.66666666666666	0.0	3.1079235257761075	0.0	-10.564406957477331	-0.8462162282217855	0.09006205324686595	1.041154210173282
-59.73333333333332	-59.73333333333332	0.0	3.1655413675240673	0.0	-10.564406957477331	-0.8462280328077908	0.09006093717691638	1.041188733221626
-60.80000000000001	-60.80000000000001	0.0	3.223198559284539	0.0	-10.564406957477331	-0.8462155092151835	0.09004876772188976	1.041134657486283
-61.866666666666674	-61.866666666666674	0.0	3.28089823837759	0.0	-10.564406957477331	-0.8462348472733479	0.09004423905344063	1.0411992607660532
-62.93333333333334	-62.93333333333334	0.0	3.338643774897311	0.0	-10.564406957477331	-0.8462301790961552	0.0900428546974455	1.0411166715897864
-64.0	-64.0	0.0	3.39643878410653	0.0	-10.564406957477331	-0.8462344931357677	0.0900541012484755	1.0412590134341215
-65.06666666666666	-65.06666666666666	0.0	3.454287139232773	0.0	-10.564406957477331	-0.846229706912715	0.09005795383608976	1.0412383446771707
-66.13333333333333	-66.13333333333333	0.0	3.5121929846716027	0.0	-10.564406957477331	-0.846221819302975	0.09006113034286925	1.041362689893568
-67.19999999999999	-67.19999999999999	0.0	3.570160749603466	0.0	-10.564406957477331	-0.8462242016830593	0.0900596815982232	1.0413310965288431
-68.26666666666665	-68.26666666666665	0.0	3.628195162030197	0.0	-10.564406957477331	-0.846230930297083	0.09002929015498179	1.0411651991697084
-69.33333333333334	-69.33333333333334	0.0	3.6863012632373016	0.0	-10.564406957477331	-0.8462287196200673	0.09004549463213384	1.0411944530801174
-70.4	-70.4	0.0	3.7444844226881497	0.0	-10.564406957477331	-0.8462273567269553	0.09004348785251297	1.0411756837883699
-71.46666666666667	-71.46666666666667	0.0	3.802750353356249	0.0	-10.564406957477331	-0.8462277108645356	0.09007517780021491	1.0414109813817694
-72.53333333333333	-72.53333333333333	0.0	3.861105127501684	0.0	-10.564406957477331	-0.8462225490410192	0.09004002159680433	1.0413127886890934
-73.6	-73.6	0.0	3.9195551928979	0.0	-10.564406957477331	-0.8462104010488762	0.09005706312641847	1.0414895248044693
-74.66666666666666	-74.66666666666666	0.0	3.9781073895149364	0.0	-10.564406957477331	-0.8462191793682865	0.09004656777631607	1.0411584705556853
-75.73333333333332	-75.73333333333332	0.0	4.036768966665268	0.0	-10.564406957477331	-0.8462308551769898	0.09007538169760954	1.0414294394617045
-76.80000000000001	-76.80000000000001	0.0	4.09554760061838	0.0	-10.564406957477331	-0.8462216797942322	0.0900625790875153	1.0415250136825764
-77.86666666666667	-77.86666666666667	0.0	4.1544514126901975	0.0	-10.564406957477331	-0.8462263801657498	0.09004740482877825	1.041532826172223
-78.93333333333334	-78.93333333333334	0.0	4.213488987813546	0.0	-10.564406957477331	-0.8462314990634989	0.09007201202487723	1.0415813215578185
-80.0	-80.0	0.0	4.272669393595734	0.0	-10.564406957477331	-0.8462369828302704	0.09006650679522235	1.0414823991271
-80.0	-80.0	0.0	4.334632001425141	0.0	-10.564406957477331	-0.8455530787743629	0.09005348955629158	1.0414071609884819
-78.93333333333334	-78.93333333333334	0.0	4.2765525217646445	0.0	-10.564406957477331	-0.8462378950028256	0.09005020573509392	1.0415314847419945
-77.86666666666666	-77.86666666666666	0.0	4.2185409905834925	0.0	-10.564406957477331	-0.846223053418785	0.0900687174722378	1.041624730239992
-76.8	-76.8	0.0	4.160591136621887	0.0	-10.564406957477331	-0.8462253070215678	0.09005050621546495	1.0412736725836509
-75.73333333333333	-75.73333333333333	0.0	4.1026972267289015	0.0	-10.564406957477331	-0.846218889619358	0.0900609586398001	1.0415081545874738
-74.66666666666667	-74.66666666666667	0.0	4.044854034561523	0.0	-10.564406957477331	-0.8462322395329851	0.09005328565889702	1.0414191480089965
-73.6	-73.6	0.0	3.9870568103551984	0.0	-10.564406957477331	-0.8462223988008334	0.0900664746008969	1.041442370849101
-72.53333333333333	-72.53333333333333	0.0	3.9293012517491834	0.0	-10.564406957477331	-0.8462059475005197	0.09005046328969764	1.0414415659909648
-71.46666666666667	-71.46666666666667	0.0	3.8715834756500076	0.0	-10.564406957477331	-0.8462237080367357	0.09004797359519481	1.0412909502049859
-70.4	-70.4	0.0	3.813899991116364	0.0	-10.564406957477331	-0.8462402559200263	0.09006840626042494	1.041497680700254
-69.33333333333333	-69.33333333333333	0.0	3.7562476732487218	0.0	-10.564406957477331	-0.8462238690083634	0.09006631362926953	1.041456386112121
-68.26666666666667	-68.26666666666667	0.0	3.6986237380669853	0.0	-10.564406957477331	-0.8462229031785989	0.09005636558270001	1.0413879946333855
-67.2	-67.2	0.0	3.641025718359479	0.0	-10.564406957477331	-0.8462309624914082	0.09005475586642665	1.0413997133678559
-66.13333333333333	-66.13333333333333	0.0	3.583451440486598	0.0	-10.564406957477331	-0.8462182564642903	0.09003812213160174	1.0411618724227438
-65.06666666666666	-65.06666666666666	0.0	3.5258990021224057	0.0	-10.564406957477331	-0.8462087913326026	0.09004862821314596	1.0412993207296068
-64.0	-64.0	0.0	3.4683667509174954	0.0	-10.564406957477331	-0.8462390218042166	0.09004427124776605	1.041317210043124
-62.93333333333334	-62.93333333333334	0.0	3.4108532640664255	0.0	-10.564406957477331	-0.8462270562465843	0.0900517510627163	1.0413792377768578
-61.86666666666667	-61.86666666666667	0.0	3.353357328763028	0.0	-10.564406957477331	-0.8462395154505401	0.09007327833501239	1.0412951569301792
-60.8	-60.8	0.0	3.2958779235269047	0.0	-10.564406957477331	-0.8462247704494765	0.09005090327881239	1.0413347559505035
-59.733333333333334	-59.733333333333334	0.0	3.238414200384411	0.0	-10.564406957477331	-0.8462244270433382	0.09005868357413371	1.0413325881992557
-58.66666666666667	-58.66666666666667	0.0	3.1809654678874364	0.0	-10.564406957477331	-0.8462198661805631	0.09003813286304363	1.0411673132637473
-57.6	-57.6	0.0	3.1235311749532944	0.0	-10.564406957477331	-0.8462310483429429	0.09006459659857789	1.0413945515443401
-56.53333333333333	-56.53333333333333	0.0	3.066110895509022	0.0	-10.564406957477331	-0.8462320463670313	0.09005564657609791	1.0411816719329063
-55.46666666666667	-55.46666666666667	0.0	3.0087043139233947	0.0	-10.564406957477331	-0.8462199734949817	0.09008807699328557	1.0413887994915225
-54.4	-54.4	0.0	2.9513112112099673	0.0	-10.564406957477331	-0.8462317351552191	0.0900529529842005	1.0413273405242058
-53.33333333333333	-53.33333333333333	0.0	2.8939314519844546	0.0	-10.564406957477331	-0.8462326795220997	0.09005532463284328	1.0412754003457847
-52.266666666666666	-52.266666666666666	0.0	2.836564972159741	0.0	-10.564406957477331	-0.8462269382007248	0.0900418244790305	1.0410825992620005
-51.2	-51.2	0.0	2.7792117673618404	0.0	-10.564406957477331	-0.8462311985831279	0.09004819895547302	1.0412495268395499
-50.13333333333333	-50.13333333333333	0.0	2.7218718820501118	0.0	-10.564406957477331	-0.8462108410379908	0.09006704336731351	1.0412732433259773
-49.06666666666666	-49.06666666666666	0.0	2.6645453993250308	0.0	-10.564406957477331	-0.846233323408609	0.09003584706593541	1.0410220095414697
-48.0	-48.0	0.0	2.60723243140683	0.0	-10.564406957477331	-0.8462145111910939	0.09005947770082857	1.041184730393826
-46.93333333333334	-46.93333333333334	0.0	2.549933110768312	0.0	-10.564406957477331	-0.8462323575788446	0.09003902357271482	1.0411764242578554
-45.86666666666667	-45.86666666666667	0.0	2.492647581905143	0.0	-10.564406957477331	-0.8462273567269558	0.09003676996993207	1.0409202110843427
-44.8	-44.8	0.0	2.435375993726936	0.0	-10.564406957477331	-0.8462299859302026	0.09003825090890365	1.0409836982941638
-43.733333333333334	-43.733333333333334	0.0	2.378118492552427	0.0	-10.564406957477331	-0.8462298678843421	0.0900529529842005	1.040968663544171
-42.666666666666664	-42.666666666666664	0.0	2.32087521569205	0.0	-10.564406957477331	-0.8462238797398051	0.09005694508055843	1.0409785901278574
-41.6	-41.6	0.0	2.2636462856012263	0.0	-10.564406957477331	-0.846231252240337	0.09006008939301242	1.0410665664879175
-40.53333333333333	-40.53333333333333	0.0	2.2064318045876616	0.0	-10.564406957477331	-0.8462258543251002	0.09007177593315717	1.0410405642043825
-39.46666666666667	-39.46666666666667	0.0	2.1492318500559726	0.0	-10.564406957477331	-0.8462402881143519	0.09009108179699588	1.0413813518708985
-38.4	-38.4	0.0	2.092046470272937	0.0	-10.564406957477331	-0.8462153697064402	0.0900720334877609	1.0411175086422497
-37.333333333333336	-37.333333333333336	0.0	2.0348756806366817	0.0	-10.564406957477331	-0.8462229031785989	0.09006060450221992	1.0411544462650029
-36.266666666666666	-36.266666666666666	0.0	1.977719460433113	0.0	-10.564406957477331	-0.8462401378741667	0.09007708799685933	1.0409712820159758
-35.2	-35.2	0.0	1.920577750062899	0.0	-10.564406957477331	-0.846229406432344	0.09008698238621973	1.0411836357867603
-34.13333333333333	-34.13333333333333	0.0	1.8634504487223043	0.0	-10.564406957477331	-0.8462287088886253	0.09008003914336048	1.0409999993542924
-33.06666666666667	-33.06666666666667	0.0	1.8063374125211922	0.0	-10.564406957477331	-0.846216464313506	0.09007821479825066	1.04096189200438
-32.0	-32.0	0.0	1.7492384530214933	0.0	-10.564406957477331	-0.8462385174264506	0.09008042547526611	1.0410302298259067
-30.933333333333337	-30.933333333333337	0.0	1.692153336179458	0.0	-10.564406957477331	-0.8462225812353446	0.09006748335642811	1.040717966331755
-29.866666666666667	-29.866666666666667	0.0	1.635081781674985	0.0	-10.564406957477331	-0.8462276572073267	0.0900853082812954	1.0409712390902082
-28.799999999999997	-28.799999999999997	0.0	1.5780234626113472	0.0	-10.564406957477331	-0.8462428314660642	0.09008324784446549	1.041043493887999
-27.733333333333334	-27.733333333333334	0.0	1.5209780055686137	0.0	-10.564406957477331	-0.8462247060608251	0.09010404537871754	1.041131641951129
-26.666666666666664	-26.666666666666664	0.0	1.4639449909940745	0.0	-10.564406957477331	-0.8462251138556147	0.0901033371035573	1.0410520575785747
-25.6	-25.6	0.0	1.4069239539129832	0.0	-10.564406957477331	-0.846229170340624	0.09010480731108692	1.0410210759060325
-24.53333333333333	-24.53333333333333	0.0	1.3499143849429092	0.0	-10.564406957477331	-0.8462376911054309	0.09011518461532927	1.0410995764029634
-23.46666666666667	-23.46666666666667	0.0	1.2929157315950264	0.0	-10.564406957477331	-0.8462339458322345	0.09011965962656929	1.0409918649213916
-22.4	-22.4	0.0	1.235927399845624	0.0	-10.564406957477331	-0.8462187179162882	0.09013592849237216	1.0410269567361503
-21.333333333333336	-21.333333333333336	0.0	1.1789487559611669	0.0	-10.564406957477331	-0.8462280220763491	0.0901244780439476	1.0410490313119798
-20.266666666666666	-20.266666666666666	0.0	1.1219791285601926	0.0	-10.564406957477331	-0.846229588866855	0.09014198102556018	1.0410466060061274
-19.200000000000003	-19.200000000000003	0.0	1.0650178108953703	0.0	-10.564406957477331	-0.8462326795220997	0.09019108810333998	1.041230489261757
-18.133333333333333	-18.133333333333333	0.0	1.0080640633390137	0.0	-10.564406957477331	-0.8462273459955132	0.09016873451002368	1.0411040836085288
-17.06666666666667	-17.06666666666667	0.0	0.9511171160553648	0.0	-10.564406957477331	-0.8462281079278828	0.09018444534085189	1.0410742072744958
-16.0	-16.0	0.0	0.8941761718429497	0.0	-10.564406957477331	-0.8462342570440476	0.09022870180692799	1.0414172807381186
-14.933333333333337	-14.933333333333337	0.0	0.8372404091303182	0.0	-10.564406957477331	-0.8462243197289204	0.09023489384885948	1.0414254902911146
-13.866666666666674	-13.866666666666674	0.0	0.780308985108466	0.0	-10.564406957477331	-0.846219673014611	0.09020189466525526	1.0410649675030867
-12.799999999999997	-12.799999999999997	0.0	0.7233810389832572	0.0	-10.564406957477331	-0.8462151443461623	0.09024062443879276	1.0412458566864462
-11.733333333333334	-11.733333333333334	0.0	0.6664556953311475	0.0	-10.564406957477331	-0.8462269167378413	0.09028796082867194	1.0413666605270437
-10.666666666666671	-10.666666666666671	0.0	0.6095320675415111	0.0	-10.564406957477331	-0.8462049280135467	0.0903018687772739	1.0414810147711038
-9.599999999999994	-9.599999999999994	0.0	0.5526092613288888	0.0	-10.564406957477331	-0.8462325507447974	0.09033691766626627	1.0414490887316803
-8.533333333333331	-8.533333333333331	0.0	0.49568637829845885	0.0	-10.564406957477331	-0.8462250387355224	0.09036304872710411	1.0417806258953461
-7.466666666666669	-7.466666666666669	0.0	0.4387625195480302	0.0	-10.564406957477331	-0.8462240729057584	0.09043669861233211	1.0420567888192074
-6.400000000000006	-6.400000000000006	0.0	0.3818367892898798	0.0	-10.564406957477331	-0.8462371545333397	0.0904382117456291	1.0420527752599655
-5.333333333333329	-5.333333333333329	0.0	0.3249082984757282	0.0	-10.564406957477331	-0.8462286444999747	0.09047294942280856	1.0422429149461776
-4.266666666666666	-4.266666666666666	0.0	0.26797616840817	0.0	-10.564406957477331	-0.8462297069127145	0.09050957583374881	1.0423668201734604
-3.200000000000003	-3.200000000000003	0.0	0.21103953432185357	0.0	-10.564406957477331	-0.8462307156682459	0.09053613615225968	1.0424066874798306
-2.13333333333334	-2.13333333333334	0.0	0.15409754891773225	0.0	-10.564406957477331	-0.8462334092601435	0.09056168771523904	1.0426352349963264
-1.0666666666666629	-1.0666666666666629	0.0	0.09714938583368175	0.0	-10.564406957477331	-0.8462316814980104	0.09059028700769606	1.0428933905608078
0.0	0.0	0.0	0.0401942430348	0.0	-10.564406957477331	-0.8462228817157154	0.09061516248984067	1.043142080993603
1.0666666666666629	1.0666666666666629	0.0	-0.01676865389331629	0.0	-10.564406957477331	-0.8462295352096454	0.0906238549577169	1.0432619297358765
2.1333333333333258	2.1333333333333258	0.0	-0.07374004856499573	0.0	-10.564406957477331	-0.8462247597180348	0.09064698121484448	1.0435897860149963
3.200000000000003	3.200000000000003	0.0	-0.13072065074532263	0.0	-10.564406957477331	-0.8462383027976145	0.09066400128157497	1.0438487035118496
4.266666666666666	4.266666666666666	0.0	-0.1877111334480573	0.0	-10.564406957477331	-0.8462451923832649	0.09067288691540404	1.0440171227598123
5.333333333333329	5.333333333333329	0.0	-0.244712130197352	0.0	-10.564406957477331	-0.8462466840536779	0.0906868485212151	1.0442137656997679
6.400000000000006	6.400000000000006	0.0	-0.30172423246994073	0.0	-10.564406957477331	-0.8462306405481533	0.09068720265879532	1.0442137120425579
7.466666666666669	7.466666666666669	0.0	-0.35874798733450286	0.0	-10.564406957477331	-0.846229824958575	0.09070380419929475	1.0444045814668133
8.533333333333331	8.533333333333331	0.0	-0.4157838953049008	0.0	-10.564406957477331	-0.8462347399589292	0.09066396908724952	1.0442969129110078
9.599999999999994	9.599999999999994	0.0	-0.47283240842397	0.0	-10.564406957477331	-0.8462314776006155	0.0906950688056512	1.044459236700016
10.666666666666671	10.666666666666671	0.0	-0.5298939285945675	0.0	-10.564406957477331	-0.846212654651659	0.09068571098838196	1.0445141065620547
11.733333333333334	11.733333333333334	0.0	-0.5869688061745607	0.0	-10.564406957477331	-0.8462190935167526	0.09068780361953735	1.0446249623560822
12.799999999999997	12.799999999999997	0.0	-0.6440573388524645	0.0	-10.564406957477331	-0.8462311985831277	0.09067923992896297	1.044686045722935
13.86666666666666	13.86666666666666	0.0	-0.7011597708204031	0.0	-10.564406957477331	-0.8462295244782035	0.0906811930513747	1.0448842876477225
14.933333333333337	14.933333333333337	0.0	-0.7582762922611015	0.0	-10.564406957477331	-0.8462319283211719	0.09068887676371959	1.045073000052172
16.0	16.0	0.0	-0.815407039165591	0.0	-10.564406957477331	-0.8462192974141467	0.09070117499604825	1.0451788013370995
17.066666666666663	17.066666666666663	0.0	-0.8725520934983348	0.0	-10.564406957477331	-0.846237079413247	0.09068342519127377	1.0453276464351773
18.133333333333326	18.133333333333326	0.0	-0.9297114837264504	0.0	-10.564406957477331	-0.8462277215959776	0.0906946395479783	1.0454249376867415
19.200000000000003	19.200000000000003	0.0	-0.9868851857297346	0.0	-10.564406957477331	-0.8462132663438429	0.09070259154636878	1.045560862128865
20.266666666666666	20.266666666666666	0.0	-1.0440731241081747	0.0	-10.564406957477331	-0.8462326365963321	0.09069047574855121	1.045642904001598
21.33333333333333	21.33333333333333	0.0	-1.1012751739036517	0.0	-10.564406957477331	-0.8462243089974781	0.09067502247232669	1.0456705267328503
22.400000000000006	22.400000000000006	0.0	-1.1584911627525145	0.0	-10.564406957477331	-0.846221175416466	0.09068220180690596	1.0457981557704443
23.46666666666667	23.46666666666667	0.0	-1.2157208734857228	0.0	-10.564406957477331	-0.8462099717912029	0.09068958503887986	1.0458209922786441
24.53333333333333	24.53333333333333	0.0	-1.272964047193262	0.0	-10.564406957477331	-0.8462327439107504	0.09071017867573732	1.046086155474636
25.599999999999994	25.599999999999994	0.0	-1.3302203867695057	0.0	-10.564406957477331	-0.8462268523491905	0.09068425151229403	1.0460770015547616
26.66666666666667	26.66666666666667	0.0	-1.3874895609562332	0.0	-10.564406957477331	-0.8462048099676867	0.09072740263986248	1.0462577404979363
27.733333333333334	27.733333333333334	0.0	-1.4447712088999851	0.0	-10.564406957477331	-0.8462124292913803	0.09070295641539074	1.0462766385669857
28.799999999999997	28.799999999999997	0.0	-1.5020649452404609	0.0	-10.564406957477331	-0.846224620209291	0.09069458589076915	1.046428896263563
29.86666666666666	29.86666666666666	0.0	-1.5593703657466396	0.0	-10.564406957477331	-0.8462172047829913	0.09070991038969173	1.0465670528455873
30.933333333333337	30.933333333333337	0.0	-1.616687053517327	0.0	-10.564406957477331	-0.8462316922294516	0.09073809115591767	1.0467226050948049
32.0	32.0	0.0	-1.6740145857628108	0.0	-10.564406957477331	-0.8462251567813821	0.09073287567519195	1.0467997856243914
33.06666666666666	33.06666666666666	0.0	-1.731352541184335	0.0	-10.564406957477331	-0.8462234826764576	0.0907313303475695	1.0470975402092007
34.133333333333326	34.133333333333326	0.0	-1.788700507968065	0.0	-10.564406957477331	-0.8462233968249232	0.09074559243375163	1.0471550500059261
35.2	35.2	0.0	-1.8460580924102532	0.0	-10.564406957477331	-0.8462138780360264	0.09074839334006729	1.0473392337419263
36.266666666666666	36.266666666666666	0.0	-1.9034249281902877	0.0	-10.564406957477331	-0.8462293205808092	0.09074769579634885	1.0473877505904068
37.33333333333333	37.33333333333333	0.0	-1.9608006863083274	0.0	-10.564406957477331	-0.8462464586933998	0.09077655264340961	1.0476967195319191
38.39999999999999	38.39999999999999	0.0	-2.018185085704204	0.0	-10.564406957477331	-0.8462187823049399	0.09075988671425923	1.0475213248467699
39.46666666666667	39.46666666666667	0.0	-2.0755779045742972	0.0	-10.564406957477331	-0.8462275391614662	0.09075212788182153	1.0475663217823337
40.53333333333333	40.53333333333333	0.0	-2.132978992403061	0.0	-10.564406957477331	-0.8462363604066445	0.09075930721640081	1.0477636193402402
41.599999999999994	41.599999999999994	0.0	-2.1903882827259142	0.0	-10.564406957477331	-0.8462224846523684	0.09080304857326943	1.0480102064104377
42.66666666666667	42.66666666666667	0.0	-2.247805806640169	0.0	-10.564406957477331	-0.846221626137023	0.09078830357220527	1.0480244148394116
43.733333333333334	43.733333333333334	0.0	-2.3052317070806954	0.0	-10.564406957477331	-0.8462504293268737	0.09075266445391268	1.0479485972029352
44.8	44.8	0.0	-2.3626662538770318	0.0	-10.564406957477331	-0.8462416832017895	0.09076567096140156	1.0477976165479335
45.86666666666666	45.86666666666666	0.0	-2.420109859608605	0.0	-10.564406957477331	-0.8462364569896209	0.09075306151726012	1.0477436266641256
46.93333333333334	46.93333333333334	0.0	-2.4775630962747797	0.0	-10.564406957477331	-0.8462183852415922	0.09076781724976606	1.0480874513286766
48.0	48.0	0.0	-2.5350267127964097	0.0	-10.564406957477331	-0.8462432929180621	0.09076248372318034	1.0480204334744947
49.06666666666666	49.06666666666666	0.0	-2.5925016533656065	0.0	-10.564406957477331	-0.8462343107012568	0.09074405783757099	1.0479554331313765
50.133333333333326	50.133333333333326	0.0	-2.6499890766603915	0.0	-10.564406957477331	-0.8462206817701419	0.0907867797074665	1.04824774687518
51.19999999999999	51.19999999999999	0.0	-2.707490375940949	0.0	-10.564406957477331	-0.8462251031241731	0.09076635777367827	1.0481624748384581
52.26666666666665	52.26666666666665	0.0	-2.765007200044159	0.0	-10.564406957477331	-0.8462248563010109	0.090770424990129	1.0481535999360714
53.33333333333334	53.33333333333334	0.0	-2.822541475293108	0.0	-10.564406957477331	-0.84622661625747	0.0907719595863096	1.048297411987935
54.400000000000006	54.400000000000006	0.0	-2.8800954283382634	0.0	-10.564406957477331	-0.8462299966616438	0.09075630241269049	1.0481702014765706
55.46666666666667	55.46666666666667	0.0	-2.9376716099470257	0.0	-10.564406957477331	-0.8462381418259872	0.09074666557793393	1.0482321862845365
56.53333333333333	56.53333333333333	0.0	-2.9952729197583214	0.0	-10.564406957477331	-0.8462345253300932	0.09075896381026247	1.0481299049125272
57.599999999999994	57.599999999999994	0.0	-3.052902632018954	0.0	-10.564406957477331	-0.8462264982116099	0.09075562633185573	1.0481269215717006
58.66666666666666	58.66666666666666	0.0	-3.110564422318395	0.0	-10.564406957477331	-0.8462226134296702	0.09074013012986404	1.048120654409675
59.73333333333332	59.73333333333332	0.0	-3.1682623953387075	0.0	-10.564406957477331	-0.846224899226778	0.09075977939984103	1.0482181602900749
60.80000000000001	60.80000000000001	0.0	-3.2260011136363067	0.0	-10.564406957477331	-0.8462347077646041	0.0907618183737873	1.0482759705671727
61.866666666666674	61.866666666666674	0.0	-3.2837856274722257	0.0	-10.564406957477331	-0.846235491159857	0.09076690507721119	1.048580571811863
62.93333333333334	62.93333333333334	0.0	-3.341621505707621	0.0	-10.564406957477331	-0.8462407281034663	0.0907583735809623	1.0483322569795321
64.0	64.0	0.0	-3.3995148677811597	0.0	-10.564406957477331	-0.8462183637787082	0.09075442441037157	1.0483749037293346
65.06666666666666	65.06666666666666	0.0	-3.4574724167850257	0.0	-10.564406957477331	-0.8462339136379099	0.09072636169000567	1.0484095555549802
66.13333333333333	66.13333333333333	0.0	-3.51550147365621	0.0	-10.564406957477331	-0.8462233217048305	0.09074696605830491	1.0483592572871578
67.19999999999999	67.19999999999999	0.0	-3.5736100124997923	0.0	-10.564406957477331	-0.8462367145442249	0.09077890282916877	1.0486633219597579
68.26666666666665	68.26666666666665	0.0	-3.6318066970609046	0.0	-10.564406957477331	-0.8462263587028661	0.09074392906026917	1.048603977086478
69.33333333333334	69.33333333333334	0.0	-3.6901009183620634	0.0	-10.564406957477331	-0.8462217656457658	0.0907528576198655	1.0485416917981398
70.4	70.4	0.0	-3.748502833522565	0.0	-10.564406957477331	-0.8462289771746708	0.0907671411689313	1.04873911813335
71.46666666666667	71.46666666666667	0.0	-3.8070234057766568	0.0	-10.564406957477331	-0.8462290093689961	0.09078176812413535	1.0487033073119882
72.53333333333333	72.53333333333333	0.0	-3.865674445707142	0.0	-10.564406957477331	-0.8462161531016925	0.0907807701000459	1.0487611497834117
73.6	73.6	0.0	-3.9244686537111386	0.0	-10.564406957477331	-0.8462313595547551	0.09076413636522097	1.0487429385266382
74.66666666666666	74.66666666666666	0.0	-3.9834196637146766	0.0	-10.564406957477331	-0.8462137814530507	0.0907912761815901	1.0488194322439497
75.73333333333332	75.73333333333332	0.0	-4.042542088152829	0.0	-10.564406957477331	-0.8462225061152522	0.0907700171953397	1.0486222527319022
76.80000000000001	76.80000000000001	0.0	-4.1018515642320645	0.0	-10.564406957477331	-0.8462305868909439	0.09075357662646757	1.048850220750537
77.86666666666667	77.86666666666667	0.0	-4.161364801491512	0.0	-10.564406957477331	-0.8462253928731016	0.09077855942303041	1.048790360768052
78.93333333333334	78.93333333333334	0.0	-4.221099630679855	0.0	-10.564406957477331	-0.8462375408652452	0.0907668836143275	1.0487001737309756
80.0	80.0	0.0	-4.28107505396451	0.0	-10.564406957477331	-0.8462193939971236	0.09078234762199383	1.048825828183277
