Hysterese	V-MOKE
Charge	2020_0446
Sample	1
Sample State	bFC
User	Meike Reginka
Sample Angle	140.0
Magnetic Field Angle	0.0
Detektor Averages	300
Hysteresus Points	150
Magnetic Field [kA/m]	80
Hysteresis Averages	100
Polarization	p-polarization
Measurement Method	Scan Both Angles
Max Voltage Correction	No
Training Effect Elimination	No
Magnetic field [kA/m]	Magnetic field transversal [kA/m]	Magnetic field longitudinal [kA/m]	Magnetic field transversal [V]	Magnetic field longitudinal [V]	Detector diff transversal [V]	Detector diff longitudinal [V]	Detector raw transversal [V]	Detector raw longitudinal [V]
80.0	0.0	80.0	0.0	4.381030188287403	-10.564241671810384	-0.8464462888715768	0.08628501498301054	1.1208225562613807
78.93333333333334	0.0	78.93333333333334	0.0	4.319818714176459	-10.564188132647132	-0.8471382415088514	0.08625903416235818	1.1206369881693858
77.86666666666666	0.0	77.86666666666666	0.0	4.258793669369702	-10.564063926939474	-0.8471274349469364	0.08625504206600015	1.12051330830238
76.8	0.0	76.8	0.0	4.197942654193435	-10.564098718273867	-0.8471175727519017	0.08629190456866061	1.1209839249520661
75.73333333333333	0.0	75.73333333333333	0.0	4.137253993604595	-10.564121307958903	-0.8471373293362965	0.0862392775779629	1.120580519322516
74.66666666666667	0.0	74.66666666666667	0.0	4.0767167056162315	-10.564093921319367	-0.847141407284189	0.08628777296355883	1.1206509819695232
73.6	0.0	73.6	0.0	4.0163204706037074	-10.564016386652202	-0.8471240760056452	0.08632289697264398	1.1211451004767985
72.53333333333333	0.0	72.53333333333333	0.0	3.9560556014798554	-10.564134303734953	-0.8471397868364738	0.08624746566807345	1.1205127824617318
71.46666666666667	0.0	71.46666666666667	0.0	3.89591301472721	-10.56407827487719	-0.847123260416067	0.08628149507009271	1.1205730180446813
70.4	0.0	70.4	0.0	3.8358842022755653	-10.564040875802439	-0.8471350006134211	0.08627685908722534	1.121093675407585
69.33333333333333	0.0	69.33333333333333	0.0	3.775961204212982	-10.56415785924974	-0.8471466549592407	0.086262972601507	1.1205241470586216
68.26666666666667	0.0	68.26666666666667	0.0	3.716136582318465	-10.564110780414472	-0.8471222838548614	0.08628855635881189	1.120876127618959
67.2	0.0	67.2	0.0	3.6564033944044745	-10.56408457423354	-0.8471321353184541	0.08624471841896691	1.1206985007939125
66.13333333333333	0.0	66.13333333333333	0.0	3.596755169457454	-10.564047261010323	-0.8471348503732353	0.08624302285115895	1.120488261117167
65.06666666666666	0.0	65.06666666666666	0.0	3.5371858835645753	-10.564117841703194	-0.8471207599901226	0.08628577691537984	1.120480352044544
64.0	0.0	64.0	0.0	3.4776899366148504	-10.564146226366823	-0.8471461183871493	0.08626853148837109	1.1210878804290005
62.93333333333334	0.0	62.93333333333334	0.0	3.4182621297628257	-10.564044030846333	-0.8471291627090695	0.08622453257689872	1.1200727396897994
61.86666666666667	0.0	61.86666666666667	0.0	3.3588976436430196	-10.56410147625441	-0.8471341420980756	0.08621297481405583	1.1199723792458747
60.8	0.0	60.8	0.0	3.2995920173232944	-10.564083350849168	-0.847121318025097	0.08627513132509197	1.1205014393277257
59.733333333333334	0.0	59.733333333333334	0.0	3.2403411279853396	-10.564126351736558	-0.8471389605154538	0.08627578594304308	1.1206495439563173
58.66666666666667	0.0	58.66666666666667	0.0	3.181141171320454	-10.5641001133613	-0.847103750654834	0.0862672437153524	1.1207248572150286
57.6	0.0	57.6	0.0	3.121988642628807	-10.564107872193738	-0.8471381020001076	0.08623620838560164	1.120378145792626
56.53333333333333	0.0	56.53333333333333	0.0	3.062880318610361	-10.564181189404266	-0.8471224770208142	0.08623802199926969	1.120668495682577
55.46666666666667	0.0	55.46666666666667	0.0	3.003813239835633	-10.564073874986045	-0.8471261579053592	0.08624264725069514	1.1199927904482205
54.4	0.0	54.4	0.0	2.9447846938844906	-10.564034200845624	-0.847132339215849	0.0862551279175348	1.1205429485446954
53.33333333333333	0.0	53.33333333333333	0.0	2.885792199141142	-10.564085432748882	-0.8471305685279487	0.08624054388809795	1.1203715888816732
52.266666666666666	0.0	52.266666666666666	0.0	2.8268334892335334	-10.564098439256378	-0.8471493056253702	0.08622590620145207	1.1206825216770389
51.2	0.0	51.2	0.0	2.7679064981053	-10.564151699402148	-0.8471323928730581	0.08622884661651138	1.1203899611100736
50.13333333333333	0.0	50.13333333333333	0.0	2.7090093457084867	-10.564127339029206	-0.8471401087797287	0.08617342945093988	1.1198197888746009
49.06666666666666	0.0	49.06666666666666	0.0	2.6501403243051973	-10.564115276888602	-0.8471419867820477	0.08622567010973192	1.120336604381332
48.0	0.0	48.0	0.0	2.591297885366365	-10.564061340661999	-0.8471334338229152	0.08624486865915239	1.1202650149329336
46.93333333333334	0.0	46.93333333333334	0.0	2.532480627055822	-10.56414863020978	-0.8471409243693069	0.08622059413774988	1.120008061289936
45.86666666666667	0.0	45.86666666666667	0.0	2.4736872822878553	-10.564153459358604	-0.8471368464214147	0.08626568765628811	1.120544096808969
44.8	0.0	44.8	0.0	2.4149167073464275	-10.564097097826146	-0.8471230135929047	0.08624410672678301	1.1205567169845532
43.733333333333334	0.0	43.733333333333334	0.0	2.356167871054244	-10.564153416432832	-0.8471307402310176	0.08623181922589626	1.120324123714492
42.666666666666664	0.0	42.666666666666664	0.0	2.2974398444798476	-10.564092923295284	-0.8471244086803423	0.08622007902854241	1.1202873363319248
41.6	0.0	41.6	0.0	2.2387317911709355	-10.56409851437647	-0.847140087316845	0.08624055461953976	1.1202987975117913
40.53333333333333	0.0	40.53333333333333	0.0	2.1800429579020566	-10.564098117313119	-0.8471372649476454	0.08622351308992558	1.1202817345192928
39.46666666666667	0.0	39.46666666666667	0.0	2.1213726659248966	-10.564141890864324	-0.8471439935616683	0.08621478842772388	1.1203199062578555
38.4	0.0	38.4	0.0	2.0627203027093186	-10.563984868407568	-0.8471307187681341	0.08623275286133483	1.1204838183002535
37.333333333333336	0.0	37.333333333333336	0.0	2.0040853141633432	-10.564008155636323	-0.8471405809631689	0.08621864101533816	1.1203040344554003
36.266666666666666	0.0	36.266666666666666	0.0	1.9454671973202513	-10.564021623595814	-0.8471466227649147	0.08621157972661893	1.1202362654002904
35.2	0.0	35.2	0.0	1.8868654934810003	-10.564083168414658	-0.8471286905256292	0.08620555938775651	1.1202490894732688
34.13333333333333	0.0	34.13333333333333	0.0	1.8282797818001153	-10.56414521761128	-0.8471318670324082	0.08623898782903362	1.1201628408753412
33.06666666666667	0.0	33.06666666666667	0.0	1.7697096733032631	-10.564102409889847	-0.8471253745101063	0.08626243602941586	1.1206846465025198
32.0	0.0	32.0	0.0	1.7111548053246695	-10.564099533863443	-0.8471395614761957	0.08618612474661597	1.1204419334828193
30.933333333333337	0.0	30.933333333333337	0.0	1.652614836352576	-10.564094318382713	-0.8471289480802333	0.08619334700696248	1.1200983234471047
29.866666666666667	0.0	29.866666666666667	0.0	1.5940894412709112	-10.564169288235284	-0.8471421584851161	0.08620026878693801	1.1202183331610054
28.799999999999997	0.0	28.799999999999997	0.0	1.5355783069853621	-10.564132350612534	-0.8471382737031768	0.08622740860330723	1.1203923971473664
27.733333333333334	0.0	27.733333333333334	0.0	1.4770811284220267	-10.564202641556474	-0.8471297529383699	0.0861951391577468	1.1204695347511868
26.666666666666664	0.0	26.666666666666664	0.0	1.4185976048868278	-10.564081011394865	-0.8471311694886903	0.0862180937118052	1.1202965653718913
25.6	0.0	25.6	0.0	1.360127436773878	-10.564071975520845	-0.847125331584339	0.08623779663899138	1.1206149779822083
24.53333333333333	0.0	24.53333333333333	0.0	1.3016703226109647	-10.564072544287262	-0.847135955711743	0.08621500305656031	1.1203960780319122
23.46666666666667	0.0	23.46666666666667	0.0	1.243225956430354	-10.563953994049445	-0.847129098320419	0.08621531426837314	1.1205856704145907
22.4	0.0	22.4	0.0	1.1847940254530787	-10.564062606972128	-0.8471305899908319	0.08618269068523271	1.1203468958340401
21.333333333333336	0.0	21.333333333333336	0.0	1.1263742080749082	-10.564088448284037	-0.8471259432765232	0.08618242239918715	1.120408891373448
20.266666666666666	0.0	20.266666666666666	0.0	1.0679661721421683	-10.564116564661617	-0.8471196761144983	0.08623096071055043	1.1209181412136928
19.200000000000003	0.0	19.200000000000003	0.0	1.0095695735056076	-10.56414761072281	-0.8471462471644507	0.08621719227069212	1.120813219906995
18.133333333333333	0.0	18.133333333333333	0.0	0.9511840548404781	-10.563966646419356	-0.8471290661260933	0.08620750177872637	1.1208484083047303
17.06666666666667	0.0	17.06666666666667	0.0	0.8928092447210244	-10.564078693403419	-0.8471363205807654	0.08620528037026907	1.1206522590110988
16.0	0.0	16.0	0.0	0.8344447569375557	-10.564152933517953	-0.8471278856674926	0.08624746566807348	1.1207358891372226
14.933333333333337	0.0	14.933333333333337	0.0	0.7760901900442883	-10.564108719977634	-0.8471388424695937	0.08618059805407735	1.120616695012899
13.866666666666674	0.0	13.866666666666674	0.0	0.7177451271261349	-10.564051542855609	-0.8471317060607815	0.08617642352320828	1.1208248635213722
12.799999999999997	0.0	12.799999999999997	0.0	0.6594091357726295	-10.564108119016897	-0.8471259218136393	0.08619792933262069	1.1210298877173919
11.733333333333334	0.0	11.733333333333334	0.0	0.6010817682471681	-10.564100993339531	-0.8471320494669198	0.08615598012653645	1.1213980512919977
10.666666666666671	0.0	10.666666666666671	0.0	0.5427625618397398	-10.564169030680684	-0.8471291949033949	0.08609346947792026	1.1204837002543933
9.599999999999994	0.0	9.599999999999994	0.0	0.4844510393913435	-10.56411281938842	-0.8471151259831657	0.08607071882125647	1.1205064079852889
8.533333333333331	0.0	8.533333333333331	0.0	0.4261467099782665	-10.564218985542363	-0.8471327255477549	0.08607527968403098	1.1208897458186313
7.466666666666669	0.0	7.466666666666669	0.0	0.36784906974439924	-10.564184108356438	-0.8471391966071735	0.08604258098079784	1.1208457147128337
6.400000000000006	0.0	6.400000000000006	0.0	0.30955760286978407	-10.564080410434114	-0.8471376512795513	0.0860100003234246	1.1211583108816823
5.333333333333329	0.0	5.333333333333329	0.0	0.25127178266356687	-10.564057928063496	-0.8471191395424077	0.08602629065211127	1.1216821232884804
4.266666666666666	0.0	4.266666666666666	0.0	0.19299107276954444	-10.56403093848731	-0.8471314485061783	0.08599162809502449	1.1215254549693146
3.200000000000003	0.0	3.200000000000003	0.0	0.13471492847247593	-10.564049664853288	-0.8471327792049638	0.08586286152459605	1.12074971123429
2.13333333333334	0.0	2.13333333333334	0.0	0.07644279809335723	-10.56411007213931	-0.847118002009574	0.08583076378210482	1.1205446441125029
1.0666666666666629	0.0	1.0666666666666629	0.0	0.018174124461827576	-10.564108591200341	-0.8471311265629231	0.08581776800605781	1.1212840511855162
0.0	0.0	0.0	0.0	-0.0400916535461	-10.564109224355407	-0.84712951684665	0.08574734828481842	1.1208517350516958
-1.0666666666666629	0.0	-1.0666666666666629	0.0	-0.09835509941681445	-10.564145357120026	-0.8471099534282078	0.0856984451044331	1.1204638685499044
-2.1333333333333258	0.0	-2.1333333333333258	0.0	-0.156616777366191	-10.56414597954365	-0.8471329509080333	0.08569144820436485	1.1207223245947586
-3.200000000000003	0.0	-3.200000000000003	0.0	-0.21487725067681432	-10.564100338721582	-0.8471250096410843	0.0856396475346876	1.1207621704382453
-4.266666666666666	0.0	-4.266666666666666	0.0	-0.27313708001714876	-10.564142620602361	-0.8471165425334861	0.08558602251990037	1.1207199207517897
-5.333333333333329	0.0	-5.333333333333329	0.0	-0.331396821754486	-10.564116189061146	-0.8471243657545748	0.08557236139446037	1.1203500079521678
-6.400000000000006	0.0	-6.400000000000006	0.0	-0.3896570262734731	-10.564084520576325	-0.8471124323912684	0.08553845003830113	1.1202165410102212
-7.466666666666669	0.0	-7.466666666666669	0.0	-0.4479182363120456	-10.564156313922124	-0.8471179268894814	0.08555147800867363	1.1206115653837079
-8.533333333333331	0.0	-8.533333333333331	0.0	-0.506180985326591	-10.564115072991203	-0.8471182917585033	0.08555115606541903	1.120649350790365
-9.599999999999994	0.0	-9.599999999999994	0.0	-0.564445795898144	-10.564037710027103	-0.8471259110821971	0.0854798456345083	1.1206045470207564
-10.666666666666671	0.0	-10.666666666666671	0.0	-0.6227131781914472	-10.564094951537788	-0.8471215111910504	0.08543835788042249	1.1202595418976034
-11.733333333333334	0.0	-11.733333333333334	0.0	-0.6809836284786798	-10.56417458956755	-0.8471267695975432	0.08542194950587585	1.1203381819032794
-12.799999999999997	0.0	-12.799999999999997	0.0	-0.7392576277396917	-10.564103998143237	-0.8471208029158898	0.085368002547834	1.1198829004839588
-13.86666666666666	0.0	-13.86666666666666	0.0	-0.7975356403505398	-10.564132135983698	-0.8471215004596084	0.08539333948197697	1.1204267270297577
-14.933333333333337	0.0	-14.933333333333337	0.0	-0.8558181128721578	-10.56418165085627	-0.8471233891933688	0.085348471323717	1.1204923283336183
-16.0	0.0	-16.0	0.0	-0.9141054729509707	-10.564172872536853	-0.8471124645855936	0.08534016518774637	1.1203811076705696
-17.066666666666663	0.0	-17.066666666666663	0.0	-0.9723981283432802	-10.564194399809148	-0.8471225736037904	0.08534397484959332	1.1204379950436698
-18.133333333333326	0.0	-18.133333333333326	0.0	-1.0306964660752267	-10.564177873388749	-0.8471331869997527	0.08530637187744725	1.1202497118968935
-19.200000000000003	0.0	-19.200000000000003	0.0	-1.0890008517501555	-10.564068959985692	-0.8471255784075008	0.08527644188620417	1.12045694676993
-20.266666666666666	0.0	-20.266666666666666	0.0	-1.147311629015197	-10.564184612734214	-0.8471298817156717	0.08523246443761556	1.1199690203045856
-21.33333333333333	0.0	-21.33333333333333	0.0	-1.2056291191988913	-10.56413702952117	-0.8471331548054281	0.08521602386874343	1.1202992053065794
-22.400000000000006	0.0	-22.400000000000006	0.0	-1.263953621131659	-10.564227388261317	-0.8471289588116746	0.08522158275560747	1.1200121607007114
-23.46666666666667	0.0	-23.46666666666667	0.0	-1.322285411160945	-10.5641618513461	-0.8471294953837665	0.08521988718779952	1.1205305429979489
-24.53333333333333	0.0	-24.53333333333333	0.0	-1.3806247433728562	-10.564096196385032	-0.8471235930907636	0.08515621754346644	1.1203538927341075
-25.599999999999994	0.0	-25.599999999999994	0.0	-1.438971850032102	-10.56414002359344	-0.8471245052633185	0.08515223617855032	1.120576913558063
-26.66666666666667	0.0	-26.66666666666667	0.0	-1.497326942252062	-10.564137909499395	-0.8471201268350553	0.08509994186254916	1.1199522792553411
-27.733333333333334	0.0	-27.733333333333334	0.0	-1.555690210906793	-10.564189645780425	-0.847128744182838	0.08510305398067773	1.1204070241025699
-28.799999999999997	0.0	-28.799999999999997	0.0	-1.614061827796803	-10.564126158570605	-0.8471130977406612	0.08508573343357614	1.1203675753224305
-29.86666666666666	0.0	-29.86666666666666	0.0	-1.6724419470803977	-10.564170758442817	-0.8471441652647377	0.08503206549302167	1.120183080374618
-30.933333333333337	0.0	-30.933333333333337	0.0	-1.7308307069824265	-10.564189506271676	-0.8471353225566755	0.08496643199483513	1.119997061562067
-32.0	0.0	-32.0	0.0	-1.7892282317922377	-10.564138446071489	-0.8471103504915547	0.08499108211670153	1.1203143366395496
-33.06666666666666	0.0	-33.06666666666666	0.0	-1.8476346341626735	-10.564072801841862	-0.8471176371405522	0.0849548098433414	1.1203498684434239
-34.133333333333326	0.0	-34.133333333333326	0.0	-1.9060500177219062	-10.564156904151423	-0.8471339167377967	0.08488607495846809	1.119786253118906
-35.2	0.0	-35.2	0.0	-1.9644744800099465	-10.564145078102534	-0.8471218545971888	0.08492082336708938	1.1201494587673886
-36.266666666666666	0.0	-36.266666666666666	0.0	-2.0229081157516333	-10.564216731939583	-0.8471352152422575	0.08493838000591108	1.1202857588099764
-37.33333333333333	0.0	-37.33333333333333	0.0	-2.0813510204779293	-10.564119837751372	-0.8471242584401568	0.08494389596700788	1.1206440494581045
-38.39999999999999	0.0	-38.39999999999999	0.0	-2.139803294507338	-10.564210872572355	-0.8471046413645056	0.0848891763451548	1.120424849027438
-39.46666666666667	0.0	-39.46666666666667	0.0	-2.1982650472992535	-10.564164029828795	-0.8471174010488327	0.08490937291866475	1.1207829894353807
-40.53333333333333	0.0	-40.53333333333333	0.0	-2.256736402191068	-10.564172711565236	-0.8471190429594312	0.08491254942544418	1.1204580199141119
-41.599999999999994	0.0	-41.599999999999994	0.0	-2.315217501530861	-10.564237347039331	-0.8471219726430484	0.0848343708717672	1.1200828594394379
-42.66666666666667	0.0	-42.66666666666667	0.0	-2.37370851221747	-10.56424878675631	-0.8471201804922636	0.08486184336283291	1.1200417150914896
-43.733333333333334	0.0	-43.733333333333334	0.0	-2.432209631659771	-10.564151034052749	-0.8471210819333771	0.08490074483943952	1.1205383125618271
-44.8	0.0	-44.8	0.0	-2.4907210941669966	-10.564127757555438	-0.8471142996621452	0.08486034096097768	1.1203083592264547
-45.86666666666666	0.0	-45.86666666666666	0.0	-2.549243177781886	-10.564133423756719	-0.8471205668241698	0.08490007949004647	1.120367779219825
-46.93333333333334	0.0	-46.93333333333334	0.0	-2.6077762115685053	-10.564120771386806	-0.8471218867915138	0.08485029633143183	1.1199821341264913
-48.0	0.0	-48.0	0.0	-2.666320583366545	-10.564176274403922	-0.8471154157320941	0.08492592080195513	1.120892782816667
-49.06666666666666	0.0	-49.06666666666666	0.0	-2.724876748023921	-10.56419739388142	-0.8471156088980476	0.08491969656569807	1.1207203070836957
-50.133333333333326	0.0	-50.133333333333326	0.0	-2.7834452361194826	-10.564214102736338	-0.8471265335058233	0.08486323845026973	1.120341637427546
-51.19999999999999	0.0	-51.19999999999999	0.0	-2.842026663187659	-10.564136095885733	-0.847135558648396	0.0848882641725999	1.1206803217314647
-52.26666666666665	0.0	-52.26666666666665	0.0	-2.9006217394568647	-10.56417842069228	-0.8471108870636457	0.08484699104735043	1.120151154335196
-53.33333333333334	0.0	-53.33333333333334	0.0	-2.9592312801134577	-10.564181650856272	-0.847130879739761	0.08484562815423907	1.1200598941539366
-54.400000000000006	0.0	-54.400000000000006	0.0	-3.0178562161030937	-10.56420983162249	-0.8471268554490776	0.08487534351664561	1.1201961941965255
-55.46666666666667	0.0	-55.46666666666667	0.0	-3.076497605481298	-10.56419574123938	-0.8471128187231739	0.08486199360301833	1.12038022769234
-56.53333333333333	0.0	-56.53333333333333	0.0	-3.135156645325031	-10.564189892603588	-0.8471107368234612	0.08486990267564154	1.1205762589401114
-57.599999999999994	0.0	-57.599999999999994	0.0	-3.193834684217122	-10.564197286567003	-0.8471320280040362	0.08490351355142972	1.1206821890023413
-58.66666666666666	0.0	-58.66666666666666	0.0	-3.25253323531534	-10.564237325576444	-0.847116456681952	0.08483036804396737	1.1202039852232881
-59.73333333333332	0.0	-59.73333333333332	0.0	-3.311253990017958	-10.564182326937098	-0.8471060686462673	0.08487302552521193	1.1200541635640042
-60.80000000000001	0.0	-60.80000000000001	0.0	-3.3699988322376004	-10.56413996993623	-0.8471092129587214	0.08493095384816986	1.1205162057916729
-61.866666666666674	0.0	-61.866666666666674	0.0	-3.4287698532951953	-10.564122069891273	-0.8471297422069274	0.08483555133036765	1.1206015314856048
-62.93333333333334	0.0	-62.93333333333334	0.0	-3.4875693674458788	-10.564211698893365	-0.8471257930363373	0.08482620424454018	1.120415405358634
-64.0	0.0	-64.0	0.0	-3.546399928048623	-10.564081344069553	-0.8471201053721719	0.08484166825220653	1.1201103855877124
-65.06666666666666	0.0	-65.06666666666666	0.0	-3.605264344391439	-10.56407539885078	-0.8471309441284121	0.08491028509121973	1.1203628427565868
-66.13333333333333	0.0	-66.13333333333333	0.0	-3.6641656991839646	-10.564170704785614	-0.8471195151428711	0.0849219501684808	1.1207428001857558
-67.19999999999999	0.0	-67.19999999999999	0.0	-3.723107366729244	-10.564208790672632	-0.8471243764860168	0.08489337233890736	1.1205340521794247
-68.26666666666665	0.0	-68.26666666666665	0.0	-3.782093031786535	-10.564251759365698	-0.8471383273603864	0.0848857852095389	1.120724288448612
-69.33333333333334	0.0	-69.33333333333334	0.0	-3.8411267091369456	-10.564145281999927	-0.8471149650115389	0.0848667798260712	1.1204643943905535
-70.4	0.0	-70.4	0.0	-3.9002127638637214	-10.564144960056678	-0.8471134733411251	0.08488354233819795	1.1203361214664496
-71.46666666666667	0.0	-71.46666666666667	0.0	-3.959355932359017	-10.564232346187435	-0.8471205668241696	0.0849507855526579	1.1210897476998776
-72.53333333333333	0.0	-72.53333333333333	0.0	-4.018561344068946	-10.564146473189973	-0.8471133123694972	0.08492572763600233	1.1209953861319324
-73.6	0.0	-73.6	0.0	-4.077834543988736	-10.56417390275527	-0.8471303217047865	0.084874409881207	1.1210534110378678
-74.66666666666666	0.0	-74.66666666666666	0.0	-4.137181515919814	-10.5641674960845	-0.8471367391069962	0.08491228113939871	1.1209365670993023
-75.73333333333332	0.0	-75.73333333333332	0.0	-4.19660870650064	-10.564231831078228	-0.8470991575977337	0.08491253869400246	1.120748498581364
-76.80000000000001	0.0	-76.80000000000001	0.0	-4.256123050023082	-10.564139250929623	-0.8471271559294486	0.08491442742776316	1.1211073579959085
-77.86666666666667	0.0	-77.86666666666667	0.0	-4.315731994046186	-10.564118431932489	-0.8471082793232828	0.08490429694668274	1.1207524906777213
-78.93333333333334	0.0	-78.93333333333334	0.0	-4.375443525819141	-10.5641487375242	-0.8471221658090009	0.08493003094417308	1.1209520096440855
-80.0	0.0	-80.0	0.0	-4.435266199525242	-10.564073574505676	-0.8471241618571805	0.0849290436515255	1.1212949972561754
-80.0	0.0	-80.0	0.0	-4.380060909566294	-10.564216817791124	-0.8464188271119528	0.0848956581360156	1.1207740716072272
-78.93333333333334	0.0	-78.93333333333334	0.0	-4.318197730509417	-10.564181135747065	-0.8471083437119334	0.08491359037530102	1.1209505072422303
-77.86666666666666	0.0	-77.86666666666666	0.0	-4.256627645195748	-10.564231552060747	-0.8471193112454765	0.08489816929340209	1.1209858780744775
-76.8	0.0	-76.8	0.0	-4.195328882143961	-10.564185160037741	-0.847121682894119	0.08490466181570473	1.1209601440769874
-75.73333333333333	0.0	-75.73333333333333	0.0	-4.1342809326230165	-10.564187209743132	-0.8471246555035044	0.08487478548167081	1.1207057874429103
-74.66666666666667	0.0	-74.66666666666667	0.0	-4.073464498932334	-10.564211977910864	-0.847119064422315	0.08488481937977484	1.1203983960233446
-73.6	0.0	-73.6	0.0	-4.012861444010001	-10.56420664438427	-0.847113011889126	0.08490104531981053	1.1208072424939004
-72.53333333333333	0.0	-72.53333333333333	0.0	-3.9524547423527756	-10.564213984690479	-0.8471065300982658	0.08489355477341838	1.12083615299817
-71.46666666666667	0.0	-71.46666666666667	0.0	-3.8922284322315646	-10.564216817791124	-0.8471274564098201	0.084887834914927	1.120891216026162
-70.4	0.0	-70.4	0.0	-3.832167569186148	-10.564202673750797	-0.8471323177529658	0.08492712272343927	1.1208776944094647
-69.33333333333333	0.0	-69.33333333333333	0.0	-3.7722581807828357	-10.564151377458886	-0.8471229170099286	0.08490417890082268	1.121421392177961
-68.26666666666667	0.0	-68.26666666666667	0.0	-3.712487222618799	-10.564230532573774	-0.8471183561471544	0.08493851951465475	1.1211017347203929
-67.2	0.0	-67.2	0.0	-3.652842535556789	-10.56417364520067	-0.8471078178712849	0.08493145822593552	1.1210089184800704
-66.13333333333333	0.0	-66.13333333333333	0.0	-3.5933128041739804	-10.564192790092882	-0.8471200517149627	0.08487273577628267	1.120623541672782
-65.06666666666666	0.0	-65.06666666666666	0.0	-3.533887516408651	-10.564104438132347	-0.8471157376753503	0.08485705713978005	1.1202016672318544
-64.0	0.0	-64.0	0.0	-3.474556924388418	-10.564185514175321	-0.8471274134840528	0.08489576545043384	1.1205539482725628
-62.93333333333334	0.0	-62.93333333333334	0.0	-3.4153120064237723	-10.564183206915331	-0.8471259862022894	0.08490179652073808	1.1207212514505758
-61.86666666666667	0.0	-61.86666666666667	0.0	-3.356144430150613	-10.564182047919612	-0.847113301638056	0.08493155480891193	1.12107886601787
-60.8	0.0	-60.8	0.0	-3.2970465168055205	-10.56422048794422	-0.8471266300887994	0.08488943389975853	1.120674655530182
-59.733333333333334	0.0	-59.733333333333334	0.0	-3.2380112066174873	-10.564176982679074	-0.847108579803654	0.08483764396152305	1.1202494650737327
-58.66666666666667	0.0	-58.66666666666667	0.0	-3.179032025299821	-10.564193315933528	-0.8471200517149623	0.08486821783927544	1.120482766618954
-57.6	0.0	-57.6	0.0	-3.1201030516259602	-10.564192661315579	-0.8471201053721716	0.08486848612532094	1.1202717220840723
-56.53333333333333	0.0	-56.53333333333333	0.0	-3.061218886072913	-10.564198080693698	-0.8471310943685979	0.08490740906481127	1.1209391748396658
-55.46666666666667	0.0	-55.46666666666667	0.0	-3.002374620516045	-10.564146805864675	-0.8471118421619681	0.08489416646560224	1.1208776085579304
-54.4	0.0	-54.4	0.0	-2.943565808958942	-10.564220981590543	-0.8471139562560068	0.0848938123280221	1.1207821845772437
-53.33333333333333	0.0	-53.33333333333333	0.0	-2.884788439282071	-10.564225724887834	-0.8471220048373739	0.08486601789370178	1.1204456680245733
-52.266666666666666	0.0	-52.266666666666666	0.0	-2.826038905993961	-10.564234288578406	-0.8471091271071873	0.08487572984855123	1.1203299616188438
-51.2	0.0	-51.2	0.0	-2.7673139839686236	-10.564253497859267	-0.8471114021728532	0.08484948074185328	1.120326452437367
-50.13333333333333	0.0	-50.13333333333333	0.0	-2.7086108031529483	-10.564208468729383	-0.8471350220763046	0.0848215897245565	1.1201755683653425
-49.06666666666666	0.0	-49.06666666666666	0.0	-2.649926824227785	-10.564167850222088	-0.8471192468568255	0.08490436133533365	1.1206994022350258
-48.0	0.0	-48.0	0.0	-2.591259815206436	-10.564167399501525	-0.8471220263002577	0.08487769370240476	1.1205773428157353
-46.93333333333334	0.0	-46.93333333333334	0.0	-2.532607828954294	-10.56421648511642	-0.8471253101214554	0.08486689787193125	1.1201590312134937
-45.86666666666667	0.0	-45.86666666666667	0.0	-2.473969181613334	-10.564201911818431	-0.8471116275331313	0.08481550499704316	1.120198190244704
-44.8	0.0	-44.8	0.0	-2.415342431915193	-10.564211248172812	-0.8471012931546562	0.08483639911427159	1.1203012442805258
-43.733333333333334	0.0	-43.733333333333334	0.0	-2.356726361366558	-10.564151398921773	-0.847117647871994	0.08489653811424504	1.120618573015219
-42.666666666666664	0.0	-42.666666666666664	0.0	-2.29811995529058	-10.564244376133724	-0.84712492378955	0.08485060754324467	1.1205097991209043
-41.6	0.0	-41.6	0.0	-2.2395223847080508	-10.564190482832885	-0.8471048237990161	0.08485218506519254	1.1202312430855184
-40.53333333333333	0.0	-40.53333333333333	0.0	-2.180932989042046	-10.564187220474576	-0.847126190099685	0.0849097270562449	1.120604911889778
-39.46666666666667	0.0	-39.46666666666667	0.0	-2.122351259629783	-10.564240051362665	-0.847115887915535	0.08490168920631982	1.1206718868181929
-38.4	0.0	-38.4	0.0	-2.0637768240253935	-10.564126899040094	-0.8471089768670016	0.08488727687995226	1.1205490869294175
-37.333333333333336	0.0	-37.333333333333336	0.0	-2.0052094310773465	-10.56417849581237	-0.8471134948040087	0.08486996706429245	1.120171007502568
-36.266666666666666	0.0	-36.266666666666666	0.0	-1.946648936764245	-10.564177615834142	-0.847116875208183	0.08487890635533064	1.1205340521794225
-35.2	0.0	-35.2	0.0	-1.8880952907727155	-10.564134013986012	-0.8471204487783097	0.08485868831893698	1.1201666290743044
-34.13333333333333	0.0	-34.13333333333333	0.0	-1.8295485238011158	-10.56425326176755	-0.8471326611591036	0.08489944633497892	1.1208390182931363
-33.06666666666667	0.0	-33.06666666666667	0.0	-1.771008735572786	-10.564250922313228	-0.8471201697608224	0.08487347624576849	1.1201620145543207
-32.0	0.0	-32.0	0.0	-1.7124760835425616	-10.564208683358222	-0.8471274242154943	0.08487326161693201	1.1202981428938399
-30.933333333333337	0.0	-30.933333333333337	0.0	-1.6539507722802793	-10.564211591578953	-0.8471154908521877	0.08488345648666336	1.1204345180565196
-29.866666666666667	0.0	-29.866666666666667	0.0	-1.5954330435149888	-10.564202180104479	-0.8471057896287797	0.08485315089495661	1.1203172019345167
-28.799999999999997	0.0	-28.799999999999997	0.0	-1.536923166823607	-10.56414576491481	-0.8471150508630733	0.08484787102557986	1.1201554576433665
-27.733333333333334	0.0	-27.733333333333334	0.0	-1.478421430947724	-10.564140184565069	-0.8471333479713803	0.0848639145311046	1.120275038099595
-26.666666666666664	0.0	-26.666666666666664	0.0	-1.4199281357222944	-10.564193283739208	-0.8471178946951557	0.0848549752400664	1.12015671322206
-25.6	0.0	-25.6	0.0	-1.3614435845999364	-10.564118260229417	-0.8471107582863437	0.08486473012068309	1.1200561596121834
-24.53333333333333	0.0	-24.53333333333333	0.0	-1.302968077754553	-10.564171498912298	-0.847121639968352	0.08484642228093385	1.1200531440770312
-23.46666666666667	0.0	-23.46666666666667	0.0	-1.2445019057480127	-10.564187574612147	-0.8471040725980883	0.08487537571097103	1.1199720465711784
-22.4	0.0	-22.4	0.0	-1.1860453437435996	-10.564202609362148	-0.8471173688545071	0.08489491766652986	1.12041073718144
-21.333333333333336	0.0	-21.333333333333336	0.0	-1.1275986462499692	-10.56415328765553	-0.8471123465397337	0.08490637884639626	1.1204714664107147
-20.266666666666666	0.0	-20.266666666666666	0.0	-1.0691620423793182	-10.564127188789016	-0.8471209531560753	0.08491552203482908	1.1205315732163634
-19.200000000000003	0.0	-19.200000000000003	0.0	-1.010735731603509	-10.564193959820038	-0.8471236467479728	0.08489874879126053	1.1203146371199209
-18.133333333333333	0.0	-18.133333333333333	0.0	-0.9523198799918556	-10.564156474893757	-0.8471123465397337	0.08490320233961685	1.1203287918916844
-17.06666666666667	0.0	-17.06666666666667	0.0	-0.8939146169143085	-10.564176950484752	-0.8471353225566758	0.08492818513617965	1.120339791619552
-16.0	0.0	-16.0	0.0	-0.8355200321937496	-10.56410551127654	-0.8471137201642871	0.08493020264724228	1.1207712599694686
-14.933333333333337	0.0	-14.933333333333337	0.0	-0.7771361736911329	-10.56415037943479	-0.8471036648032996	0.08496993044486927	1.1207346228270867
-13.866666666666674	0.0	-13.866666666666674	0.0	-0.7187630453071814	-10.56420585025758	-0.8471134626096832	0.08493918486404774	1.1204493381776763
-12.799999999999997	0.0	-12.799999999999997	0.0	-0.6604006053843748	-10.56423241057609	-0.8471304934078556	0.08493138310584278	1.1204703825350912
-11.733333333333334	0.0	-11.733333333333334	0.0	-0.6020487654929477	-10.56413913288376	-0.8471187639419436	0.08498212136277966	1.1205953179807882
-10.666666666666671	0.0	-10.666666666666671	0.0	-0.5437073895846136	-10.564129678483523	-0.8471186458960835	0.08500569834046379	1.1207195022255583
-9.599999999999994	0.0	-9.599999999999994	0.0	-0.4853762934977529	-10.564086817104878	-0.8471259003507552	0.08498149893915398	1.120623563135666
-8.533333333333331	0.0	-8.533333333333331	0.0	-0.4270552447977797	-10.564182434251522	-0.8471093631989067	0.08501122503300239	1.120510668367692
-7.466666666666669	0.0	-7.466666666666669	0.0	-0.36874396293640566	-10.564191234033816	-0.8471266515516832	0.085042507185915	1.1206944443089035
-6.400000000000006	0.0	-6.400000000000006	0.0	-0.31044211971353775	-10.564113592052227	-0.8471159630356278	0.08506404518965283	1.1210092618862084
-5.333333333333329	0.0	-5.333333333333329	0.0	-0.2521493400255208	-10.564131620874502	-0.8471342064867261	0.0850744761511043	1.120827986370942
-4.266666666666666	0.0	-4.266666666666666	0.0	-0.1938652028834597	-10.564150443823449	-0.8471295383095331	0.08512965722495576	1.121416509371932
-3.200000000000003	0.0	-3.200000000000003	0.0	-0.1355892426853284	-10.564150014565774	-0.847108837358258	0.08515800969425089	1.1214111436510212
-2.13333333333334	0.0	-2.13333333333334	0.0	-0.07732095072560852	-10.56411764853724	-0.8471148684285624	0.08517689703185854	1.121223118058849
-1.0666666666666629	0.0	-1.0666666666666629	0.0	-0.01905977692616606	-10.564089961417332	-0.8471191931996167	0.08520084961000633	1.1213992639449233
0.0	0.0	0.0	0.0	0.0391948682279	-10.56414968189108	-0.8471135162668924	0.08523619897936976	1.1214574820168108
1.0666666666666629	0.0	1.0666666666666629	0.0	0.0974436115637267	-10.56412328254419	-0.8471191502738489	0.08522914842209234	1.1212192976655595
2.1333333333333258	0.0	2.1333333333333258	0.0	0.1556871149237345	-10.564130365295798	-0.847133251388404	0.08529848426770766	1.1214523738505027
3.200000000000003	0.0	3.200000000000003	0.0	0.2139260727125422	-10.564127950721385	-0.8471269198377291	0.0852830953801342	1.1215286529389776
4.266666666666666	0.0	4.266666666666666	0.0	0.27216120930401666	-10.564150197000288	-0.8471224340950471	0.08527902816368343	1.1210996420892385
5.333333333333329	0.0	5.333333333333329	0.0	0.33039327632474647	-10.564146333681233	-0.847125546213175	0.08527053959320181	1.1203377204512808
6.400000000000006	0.0	6.400000000000006	0.0	0.38862304983020113	-10.564094221799746	-0.8471275315299129	0.08538485091149534	1.1214693831857923
7.466666666666669	0.0	7.466666666666669	0.0	0.44685132738985966	-10.564135194444624	-0.8471223589749544	0.08536489042970546	1.1211249360976137
8.533333333333331	0.0	8.533333333333331	0.0	0.5050789250975919	-10.564154350068268	-0.8471149972058637	0.08539037760403399	1.121216110427338
9.599999999999994	0.0	9.599999999999994	0.0	0.5633066745235548	-10.564081805521555	-0.8471325431132434	0.08542164902550478	1.121087891160443
10.666666666666671	0.0	10.666666666666671	0.0	0.621535419623892	-10.564026087875616	-0.8471298387899046	0.08546257874461585	1.1210684672507438
11.733333333333334	0.0	11.733333333333334	0.0	0.6797660136245051	-10.564075366656455	-0.8471195580686387	0.08549747739342267	1.1207958671655678
12.799999999999997	0.0	12.799999999999997	0.0	0.7379993158951843	-10.564067575629693	-0.8471255891389431	0.08548996538414697	1.1210891789334616
13.86666666666666	0.0	13.86666666666666	0.0	0.7962361888303604	-10.564106670272256	-0.8471175083632504	0.08556419476723337	1.121029254562324
14.933333333333337	0.0	14.933333333333337	0.0	0.8544774947527677	-10.564146730744575	-0.8471242155143898	0.08552680642392368	1.120617682305546
16.0	0.0	16.0	0.0	0.9127240928562825	-10.564127972184275	-0.8471372220218782	0.08555113460253531	1.1205018041967465
17.066666666666663	0.0	17.066666666666663	0.0	0.9709768362042303	-10.564079616307424	-0.8471249667153171	0.08562196211856403	1.1210751529389988
18.133333333333326	0.0	18.133333333333326	0.0	1.0292365687994187	-10.564205410268464	-0.8471335089430074	0.0855857864281803	1.12033836433779
19.200000000000003	0.0	19.200000000000003	0.0	1.0875041227421884	-10.56409255842626	-0.8471308904712028	0.0856742778974488	1.120668066424904
20.266666666666666	0.0	20.266666666666666	0.0	1.1457803154927464	-10.564105747368266	-0.8471362776549978	0.08573348326198377	1.1211827571061534
21.33333333333333	0.0	21.33333333333333	0.0	1.2040659472540736	-10.564073370608273	-0.8471412785068873	0.08569944312852268	1.1211792049989102
22.400000000000006	0.0	22.400000000000006	0.0	1.2623617984916657	-10.56411775585166	-0.8471388532010354	0.08567403107428698	1.1204432427187225
23.46666666666667	0.0	23.46666666666667	0.0	1.3206686276063948	-10.564109664344528	-0.847121199979237	0.08568668344419564	1.1202757034489885
24.53333333333333	0.0	24.53333333333333	0.0	1.3789871687767694	-10.56404904242967	-0.8471354835283029	0.08573375154802926	1.1204819295664914
25.599999999999994	0.0	25.599999999999994	0.0	1.4373181299868607	-10.564042646490343	-0.8471197834289167	0.08576036552374912	1.1204193008720156
26.66666666666667	0.0	26.66666666666667	0.0	1.4956621912561816	-10.56405665102192	-0.8471253423157807	0.08576485126643091	1.1203208720876192
27.733333333333334	0.0	27.733333333333334	0.0	1.5540200030877847	-10.564088298043849	-0.8471159844985117	0.08584335176336262	1.1206509390437542
28.799999999999997	0.0	28.799999999999997	0.0	1.6123921851508696	-10.564090304823473	-0.8471326611591039	0.08576281229248468	1.1202370702584283
29.86666666666666	0.0	29.86666666666666	0.0	1.670779325214162	-10.56406611615361	-0.8471348289103517	0.08585717386043014	1.1206841421247542
30.933333333333337	0.0	30.933333333333337	0.0	1.7291819783463485	-10.564064044985333	-0.8471198585490094	0.08584915747338866	1.1204475245640086
32.0	0.0	32.0	0.0	1.7876006663998416	-10.564090422869342	-0.8471196331887308	0.08580913992683248	1.1196217401157655
33.06666666666666	0.0	33.06666666666666	0.0	1.8460358777941588	-10.5640489995039	-0.8471375225022488	0.08580482588721976	1.1197646185321914
34.133333333333326	0.0	34.133333333333326	0.0	1.9044880676151767	-10.56403730223231	-0.847117583483343	0.08585235544305181	1.1196178231394995
35.2	0.0	35.2	0.0	1.9629576580465535	-10.563930535117617	-0.8471306114537156	0.0859371874906588	1.1199857828167108
36.266666666666666	0.0	36.266666666666666	0.0	2.021445039149582	-10.564020389479998	-0.847107453002262	0.08592767943320406	1.1200300070884621
37.33333333333333	0.0	37.33333333333333	0.0	2.079950570007767	-10.564067779527086	-0.8471348503732355	0.08593271247941887	1.119592056947685
38.39999999999999	0.0	38.39999999999999	0.0	2.1384745802523812	-10.563993711115629	-0.8471276388443314	0.08594721065732111	1.1193899302409576
39.46666666666667	0.0	39.46666666666667	0.0	2.1970173719853	-10.56398761565667	-0.8471251491498281	0.08604295658126165	1.1197080531023438
40.53333333333333	0.0	40.53333333333333	0.0	2.2555792221153697	-10.564114450567576	-0.8471327577420799	0.08601685771474923	1.1198268930890876
41.599999999999994	0.0	41.599999999999994	0.0	2.3141603851246044	-10.56413844607149	-0.8471180663982247	0.0860839077632564	1.1198612766286866
42.66666666666667	0.0	42.66666666666667	0.0	2.3727610962804784	-10.564176746587357	-0.8471346786701663	0.08607473238049808	1.1194637625606958
43.733333333333334	0.0	43.733333333333334	0.0	2.4313815753105863	-10.56405153212417	-0.8471315343577122	0.08611814106267028	1.119635336852555
44.8	0.0	44.8	0.0	2.490022030555963	-10.564078392923053	-0.8471299568357645	0.08612887250449278	1.1199173054864417
45.86666666666666	0.0	45.86666666666666	0.0	2.548682663619322	-10.564085024954093	-0.8471356444999303	0.08611967565885083	1.1197617103114574
46.93333333333334	0.0	46.93333333333334	0.0	2.607363674524507	-10.564152203779907	-0.847143907710134	0.08611820545132116	1.119907003302293
48.0	0.0	48.0	0.0	2.6660652674034075	-10.56410263525013	-0.8471375868908999	0.08615047489688143	1.1199970830249495
49.06666666666666	0.0	49.06666666666666	0.0	2.724787656726653	-10.563998250515517	-0.8471243335602493	0.08615743960262433	1.1197441644040769
50.133333333333326	0.0	50.133333333333326	0.0	2.783531074094322	-10.564108022433924	-0.8471435857668788	0.08623032755548285	1.1205790813093106
51.19999999999999	0.0	51.19999999999999	0.0	2.8422957756029708	-10.564070612627729	-0.8471137201642869	0.08622811687846742	1.1206001363981672
52.26666666666665	0.0	52.26666666666665	0.0	2.901082049805243	-10.564005783987676	-0.8471314055804107	0.08619155485617808	1.1200288802870704
53.33333333333334	0.0	53.33333333333334	0.0	2.9598902262783517	-10.564033782319388	-0.8471360522947191	0.08624477207617602	1.1207784929612574
54.400000000000006	0.0	54.400000000000006	0.0	3.0187206848176857	-10.564099383623251	-0.8471450989001761	0.08618788470307483	1.1202772165822863
55.46666666666667	0.0	55.46666666666667	0.0	3.0775738652718507	-10.564134657872527	-0.8471289158859081	0.08618705838205452	1.1196822225218779
56.53333333333333	0.0	56.53333333333333	0.0	3.13645027803539	-10.5641540495879	-0.8471340025893316	0.08617619816293008	1.1197783547777236
57.599999999999994	0.0	57.599999999999994	0.0	3.195350515215478	-10.56418054551776	-0.8471391536814064	0.08618522330550285	1.119889553977889
58.66666666666666	0.0	58.66666666666666	0.0	3.2542752624888656	-10.564084917639677	-0.8471470734854711	0.08621154753229351	1.120122608699949
59.73333333333332	0.0	59.73333333333332	0.0	3.3132253116653385	-10.564154500308456	-0.8471268017918689	0.08623971756707759	1.120179302907097
60.80000000000001	0.0	60.80000000000001	0.0	3.372201573973985	-10.564037291500865	-0.8471185171187814	0.08624434281850306	1.1204529439421298
61.866666666666674	0.0	61.866666666666674	0.0	3.431205094088528	-10.564108011702485	-0.8471184205358054	0.08618067317417008	1.120011130482296
62.93333333333334	0.0	62.93333333333334	0.0	3.490237064908026	-10.564081290412341	-0.8471364493580674	0.08624221799302224	1.1202867997598331
64.0	0.0	64.0	0.0	3.549298843109189	-10.564119311910718	-0.8471320601983616	0.08619807957280619	1.1199909339087848
65.06666666666666	0.0	65.06666666666666	0.0	3.6083919654866037	-10.564053850115599	-0.8471184634615726	0.08618422528141333	1.1198227185582175
66.13333333333333	0.0	66.13333333333333	0.0	3.667518166097146	-10.563992112130801	-0.8471414931357236	0.0862466822728204	1.1204685152642135
67.19999999999999	0.0	67.19999999999999	0.0	3.7266793942248477	-10.564159833835035	-0.8471387673495004	0.08618378529229863	1.119926459406316
68.26666666666665	0.0	68.26666666666665	0.0	3.7858778331825	-10.56394772688742	-0.8471356552313719	0.0862119231327573	1.1201822755164816
69.33333333333334	0.0	69.33333333333334	0.0	3.845115919966272	-10.564156367579335	-0.8471170898370194	0.08619567572983795	1.1199006824830582
70.4	0.0	70.4	0.0	3.9043963657796077	-10.564129141911426	-0.8471356123056044	0.08621057097108757	1.1199471067003837
71.46666666666667	0.0	71.46666666666667	0.0	3.9637221774427083	-10.56405321696054	-0.84713140558041	0.08626541937024255	1.120229912386732
72.53333333333333	0.0	72.53333333333333	0.0	4.023096679703835	-10.564134486169456	-0.8471365995982528	0.08619792933262076	1.1202365014920121
73.6	0.0	73.6	0.0	4.082523538468745	-10.56415337350707	-0.8471488334419303	0.08622128095002654	1.120195067395134
74.66666666666666	0.0	74.66666666666666	0.0	4.142006784964515	-10.564137426584518	-0.8471360952204867	0.08623084266469039	1.1202142230187875
75.73333333333332	0.0	75.73333333333332	0.0	4.201550840854042	-10.564143597163563	-0.8471400980482866	0.0862649149924769	1.1202952775988735
76.80000000000001	0.0	76.80000000000001	0.0	4.261160544317486	-10.564101111385389	-0.8471502285293675	0.08624347357171551	1.1201897553314313
77.86666666666667	0.0	77.86666666666667	0.0	4.320841177116942	-10.564139551409992	-0.8471311265629228	0.08623279578710207	1.1202840203164006
78.93333333333334	0.0	78.93333333333334	0.0	4.380598492660622	-10.564137287075773	-0.847128411508142	0.08620525890738545	1.12005426014698
80.0	0.0	80.0	0.0	4.440438745082791	-10.564040178258715	-0.8471264261914048	0.08618900077302434	1.1196218259673
