Hysterese	V-MOKE
Charge	2020_0446
Sample	1
Sample State	bFC
User	Meike Reginka
Sample Angle	15.0
Magnetic Field Angle	90.0
Detektor Averages	300
Hysteresus Points	150
Magnetic Field [kA/m]	80
Hysteresis Averages	100
Polarization	p-polarization
Measurement Method	Scan Both Angles
Max Voltage Correction	No
Training Effect Elimination	No
Magnetic field [kA/m]	Magnetic field transversal [kA/m]	Magnetic field longitudinal [kA/m]	Magnetic field transversal [V]	Magnetic field longitudinal [V]	Detector diff transversal [V]	Detector diff longitudinal [V]	Detector raw transversal [V]	Detector raw longitudinal [V]
80.0	80.0	0.0	-4.342489581062203	0.0	-10.564035692516043	-0.8455793600753861	0.08545894078583803	1.0021661308311245
78.93333333333334	78.93333333333334	0.0	-4.283945631442396	0.0	-10.564079745084719	-0.8462656250484949	0.08548877419410461	1.0022935774342097
77.86666666666666	77.86666666666666	0.0	-4.225481927972428	0.0	-10.563962171408111	-0.8462680503543468	0.08550182362736088	1.0022862585908872
76.8	76.8	0.0	-4.167093947216811	0.0	-10.563922947988253	-0.8462642299610578	0.0854894502749395	1.002380587964507
75.73333333333333	75.73333333333333	0.0	-4.108777426500553	0.0	-10.564093191581323	-0.8462626202447844	0.08546692497855407	1.0022365398209239
74.66666666666667	74.66666666666667	0.0	-4.050528351430542	0.0	-10.564078983152353	-0.8462562672312258	0.08548669229439108	1.0021229475092313
73.6	73.6	0.0	-3.992342943813344	0.0	-10.563971711659894	-0.8462713985641951	0.08546316897391609	1.0021204363518457
72.53333333333333	72.53333333333333	0.0	-3.934217649963252	0.0	-10.563935020860304	-0.8462649918934274	0.08546794446552716	1.0021104990367171
71.46666666666667	71.46666666666667	0.0	-3.876149129394453	0.0	-10.563984342566917	-0.8462688122867164	0.08546375920321637	1.002030689303884
70.4	70.4	0.0	-3.818134243891202	0.0	-10.56400408841987	-0.8462828812069455	0.08546428504386569	1.0020367096427452
69.33333333333333	69.33333333333333	0.0	-3.760170046949834	0.0	-10.563935975958618	-0.8462457611496815	0.08547669059061254	1.002127025457124
68.26666666666667	68.26666666666667	0.0	-3.7022537735865026	0.0	-10.56400079386723	-0.8462583062051716	0.08548074707562144	1.002276063721155
67.2	67.2	0.0	-3.6443828305044987	0.0	-10.56398785174839	-0.8462574584212678	0.08546330848265982	1.002100658304567
66.13333333333333	66.13333333333333	0.0	-3.586554786615013	0.0	-10.564091828688209	-0.8462739955731168	0.0854586724997925	1.0020252162685537
65.06666666666666	65.06666666666666	0.0	-3.5287673639052177	0.0	-10.564023190386315	-0.846268157668765	0.08546048611346053	1.0020603188147554
64.0	64.0	0.0	-3.4710184286475108	0.0	-10.563959434890451	-0.8462808422329993	0.0854814231564563	1.0020185305802978
62.93333333333334	62.93333333333334	0.0	-3.4133059829438133	0.0	-10.563988860503926	-0.846270883454988	0.08547048781723912	1.002115832563303
61.86666666666667	61.86666666666667	0.0	-3.3556281565987605	0.0	-10.56392246507337	-0.8462658611402154	0.08544126610115636	1.001753184949796
60.8	60.8	0.0	-3.2979831993156687	0.0	-10.563933378949708	-0.8462684366862518	0.0854814124250144	1.0019472308808297
59.733333333333334	59.733333333333334	0.0	-3.2403694732091295	0.0	-10.563923012376906	-0.8462633070570614	0.08548729325513317	1.0020975247235528
58.66666666666667	58.66666666666667	0.0	-3.1827854456281033	0.0	-10.564073402802592	-0.8462926897447712	0.08545905883169805	1.0020380296100901
57.6	57.6	0.0	-3.1252296822833725	0.0	-10.563917721776088	-0.8462584242510316	0.08544120171250541	1.0019597008162264
56.53333333333333	56.53333333333333	0.0	-3.0677008406732234	0.0	-10.564034479863114	-0.8462590574060994	0.085473696518344	1.0018383389406562
55.46666666666667	55.46666666666667	0.0	-3.0101976638012173	0.0	-10.563978225645073	-0.8462661723520278	0.08547978124585744	1.0019452562955344
54.4	54.4	0.0	-2.9527189741799083	0.0	-10.56396663568791	-0.8462677176796503	0.08544606305565101	1.0017155819776484
53.33333333333333	53.33333333333333	0.0	-2.895263668114395	0.0	-10.563883424088017	-0.8462769252567337	0.08543937736739561	1.0016963726967867
52.266666666666666	52.266666666666666	0.0	-2.837830710259539	0.0	-10.563898383717914	-0.8462545502005341	0.08549742373621363	1.001749364556506
51.2	51.2	0.0	-2.7804191284447413	0.0	-10.564017749545313	-0.8462484010843694	0.08547209753351252	1.0017210228186526
50.13333333333333	50.13333333333333	0.0	-2.7230280087601257	0.0	-10.563966356670425	-0.8462579627990339	0.08544114805529628	1.001733632262794
49.06666666666666	49.06666666666666	0.0	-2.665656490897999	0.0	-10.563924117715409	-0.846265195790822	0.08544647085044027	1.0016944195743747
48.0	48.0	0.0	-2.6083037637434527	0.0	-10.563872435091591	-0.8462602485961419	0.08544087976925072	1.0015680353840306
46.93333333333334	46.93333333333334	0.0	-2.5509690612079656	0.0	-10.56405790660061	-0.8462707117519187	0.08546115146285346	1.0016114977234123
45.86666666666667	45.86666666666667	0.0	-2.4936516582998802	0.0	-10.56392394601234	-0.8462653245681238	0.08544611671286012	1.0016358795592328
44.8	44.8	0.0	-2.4363508674256087	0.0	-10.56396075485779	-0.8462880108361365	0.08542566258474635	1.0014713880189778
43.733333333333334	43.733333333333334	0.0	-2.3790660349154367	0.0	-10.563960207554258	-0.8462554623730884	0.08545817885346865	1.0013460233156062
42.666666666666664	42.666666666666664	0.0	-2.3217965377677903	0.0	-10.563897149602107	-0.8462610105285107	0.08546531526228061	1.001778382375194
41.6	41.6	0.0	-2.264541780605829	0.0	-10.563977495907032	-0.8462797583573749	0.08543710230172924	1.0016782150972228
40.53333333333333	40.53333333333333	0.0	-2.207301192840227	0.0	-10.563925223053918	-0.8462553443272287	0.08545916614611629	1.0015469588322912
39.46666666666667	39.46666666666667	0.0	-2.1500742260320136	0.0	-10.563964746954158	-0.8462646914130562	0.08545573208473306	1.0014751654864993
38.4	38.4	0.0	-2.092860351449327	0.0	-10.563859750527357	-0.8462619012381826	0.08546233192145399	1.0015745279063324
37.333333333333336	37.333333333333336	0.0	-2.0356590578119564	0.0	-10.564024832296917	-0.8462783096127293	0.08546346945428712	1.001413996268111
36.266666666666666	36.266666666666666	0.0	-1.978469849217529	0.0	-10.563908707364956	-0.8462600876245144	0.08544526892895618	1.0013032370570598
35.2	35.2	0.0	-1.9212922432432114	0.0	-10.563868518115335	-0.8462598729956778	0.08546748301352876	1.001357763512961
34.13333333333333	34.13333333333333	0.0	-1.8641257692167834	0.0	-10.563907011797147	-0.8462636504631996	0.08547090634347018	1.0014084159183627
33.06666666666667	33.06666666666667	0.0	-1.8069699666509589	0.0	-10.5639402041467	-0.8462618368495309	0.08545943443216189	1.0014250174588626
32.0	32.0	0.0	-1.7498243838348049	0.0	-10.564124473734239	-0.8462770754969197	0.08546653864664842	1.0014996868310633
30.933333333333337	30.933333333333337	0.0	-1.6926885765761346	0.0	-10.564099233383072	-0.8462659255288655	0.08548494306937406	1.0014212185284572
29.866666666666667	29.866666666666667	0.0	-1.6355621070887316	0.0	-10.564020249971254	-0.8462672133018847	0.08546738643055235	1.001321255147879
28.799999999999997	28.799999999999997	0.0	-1.5784445430182759	0.0	-10.564024585473751	-0.8462761096671554	0.08548653132276376	1.0014931299201097
27.733333333333334	27.733333333333334	0.0	-1.5213354566008253	0.0	-10.564054536927877	-0.8462718063589848	0.08547471600531717	1.0014094246738943
26.666666666666664	26.666666666666664	0.0	-1.4642344239477312	0.0	-10.563978418811034	-0.8462701966427113	0.08550259629117209	1.0014148977092239
25.6	25.6	0.0	-1.4071410244508409	0.0	-10.564035649590275	-0.8462707761405691	0.08551929441464795	1.0014537455286203
24.53333333333333	24.53333333333333	0.0	-1.3500548403018546	0.0	-10.564043558662894	-0.8462652923737979	0.0854948159958507	1.0012552460492297
23.46666666666667	23.46666666666667	0.0	-1.292975456119707	0.0	-10.5639955247293	-0.8462653031052402	0.08548996538414697	1.00125065299213
22.4	22.4	0.0	-1.2359024586798253	0.0	-10.56401377891184	-0.8462605168821875	0.08550655619320457	1.0013877793557373
21.333333333333336	21.333333333333336	0.0	-1.1788354367391438	0.0	-10.564061769919663	-0.8462744355622314	0.08550937856240391	1.0013030653539903
20.266666666666666	20.266666666666666	0.0	-1.121773980950723	0.0	-10.564085057148427	-0.8462577052444297	0.0854912424257239	1.001201771274628
19.200000000000003	19.200000000000003	0.0	-1.0647176838618537	0.0	-10.564038439765145	-0.8462789320363545	0.08551325261290184	1.0010082189899165
18.133333333333333	18.133333333333333	0.0	-1.0076661399894944	0.0	-10.564042979165038	-0.8462675567080231	0.08552107583399048	1.0011867901818439
17.06666666666667	17.06666666666667	0.0	-0.9506189459669213	0.0	-10.564063111349892	-0.8462756160208312	0.08552705324708562	1.00112282005714
16.0	16.0	0.0	-0.8935757007554419	0.0	-10.56405535251746	-0.8462782881498453	0.08554438452562901	1.0010032396009114
14.933333333333337	14.933333333333337	0.0	-0.8365360059150497	0.0	-10.56410906338378	-0.846277290125756	0.0855584427144165	1.0011242688017856
13.866666666666674	13.866666666666674	0.0	-0.77949946592787	0.0	-10.56414164404115	-0.8462847806721477	0.0855749369404977	1.0010341461533603
12.799999999999997	12.799999999999997	0.0	-0.7224656885682738	0.0	-10.564126512708185	-0.8462818080627632	0.0855661800839706	1.0010072960859202
11.733333333333334	11.733333333333334	0.0	-0.6654342853135198	0.0	-10.564064560094543	-0.846277322320081	0.08557431451687197	1.0009195021603703
10.666666666666671	10.666666666666671	0.0	-0.6084048717887804	0.0	-10.564013478431466	-0.8462738667958146	0.08559175310983362	1.0007427123877854
9.599999999999994	9.599999999999994	0.0	-0.551377068240432	0.0	-10.563845670875686	-0.8462556984648085	0.08559969437678226	1.0005486020680996
8.533333333333331	8.533333333333331	0.0	-0.49435050003146297	0.0	-10.564082030881828	-0.8462692844701566	0.08561056532734852	1.000615147738842
7.466666666666669	7.466666666666669	0.0	-0.4373247981528619	0.0	-10.564017620768011	-0.8462696386077364	0.08560281722635261	1.000432713227859
6.400000000000006	6.400000000000006	0.0	-0.3802995997448602	0.0	-10.563965669858149	-0.8462754657806457	0.08561465400668286	1.0002809384461624
5.333333333333329	5.333333333333329	0.0	-0.3232745486218845	0.0	-10.564060407026554	-0.846274124350418	0.0856014865275666	1.0000820955606333
4.266666666666666	4.266666666666666	0.0	-0.2662492957950903	0.0	-10.564073510117025	-0.846254067285652	0.08563869243636528	0.9999735362951563
3.200000000000003	3.200000000000003	0.0	-0.20922349998633066	0.0	-10.563938111515546	-0.8462854352900991	0.08557998071815427	0.9997599269456794
2.13333333333334	2.13333333333334	0.0	-0.15219682812743746	0.0	-10.564046810289762	-0.8462681576687647	0.08559228968192477	0.999598010951461
1.0666666666666629	1.0666666666666629	0.0	-0.09516895583866962	0.0	-10.564039019263	-0.8462432392608535	0.08554722835771202	0.999215510170581
0.0	0.0	0.0	-0.0381395678802	0.0	-10.56403960949231	-0.8462748862827878	0.08555750907897788	0.9991253767907137
-1.0666666666666629	-1.0666666666666629	0.0	0.01889164142950607	0.0	-10.564078725597753	-0.8462810997876028	0.08553015463377228	0.9990202730495041
-2.1333333333333258	-2.1333333333333258	0.0	0.07592496783454125	0.0	-10.563914158937399	-0.8462545072747667	0.08552711763573657	0.9988885875268998
-3.200000000000003	-3.200000000000003	0.0	0.13296069680778344	0.0	-10.56389257800789	-0.846265957723191	0.08551572084452103	0.9987729240469367
-4.266666666666666	-4.266666666666666	0.0	0.1899991032686266	0.0	-10.564022203093666	-0.8462744677565562	0.0854899224583797	0.9986475486121239
-5.333333333333329	-5.333333333333329	0.0	0.2470404513583625	0.0	-10.564043912800475	-0.8462626739019936	0.08548249630063852	0.9985927646016199
-6.400000000000006	-6.400000000000006	0.0	0.3040849942793354	0.0	-10.564012319435749	-0.8462750901801819	0.08546766544803969	0.9984227034430582
-7.466666666666669	-7.466666666666669	0.0	0.36113297420401097	0.0	-10.563970949727521	-0.8462617939237641	0.08542630647125575	0.9981980514399456
-8.533333333333331	-8.533333333333331	0.0	0.4181846222601038	0.0	-10.563965755709685	-0.8462842441000571	0.08540321240845371	0.9981137666958712
-9.599999999999994	-9.599999999999994	0.0	0.4752401585978824	0.0	-10.563978794411495	-0.8462607422424654	0.0854037060547776	0.9979847533022812
-10.666666666666671	-10.666666666666671	0.0	0.5322997925458017	0.0	-10.563887899099262	-0.8462638758234782	0.08538585966702668	0.9979194095530239
-11.733333333333334	-11.733333333333334	0.0	0.5893637228605886	0.0	-10.563864740647803	-0.8462527902440751	0.08534061590830291	0.9974745698265963
-12.799999999999997	-12.799999999999997	0.0	0.6464321380779278	0.0	-10.563897299842292	-0.8462692093500634	0.08530573872237969	0.9974034847559646
-13.86666666666666	-13.86666666666666	0.0	0.7035052169698697	0.0	-10.56393244531426	-0.8462620729412513	0.08532661137672448	0.9975029974159841
-14.933333333333337	-14.933333333333337	0.0	0.7605831291151076	0.0	-10.563950806811217	-0.8462605812708383	0.08529112249861738	0.9973513084858223
-16.0	-16.0	0.0	0.8176660355882505	0.0	-10.563991371661311	-0.8462763457588754	0.08521965109607946	0.997103143893677
-17.066666666666663	-17.066666666666663	0.0	0.8747540897742391	0.0	-10.563970005360643	-0.8462699605509911	0.08521896428380277	0.9971779849689473
-18.133333333333326	-18.133333333333326	0.0	0.9318474383140274	0.0	-10.563983108451106	-0.8462500322635265	0.08524229443832491	0.9970993771575976
-19.200000000000003	-19.200000000000003	0.0	0.9889462221876749	0.0	-10.564058024646474	-0.8462535414450026	0.08516922405095537	0.9968959519464093
-20.266666666666666	-20.266666666666666	0.0	1.0460505779409777	0.0	-10.564073316951074	-0.8462379701229183	0.08514961770674566	0.9965147174756643
-21.33333333333333	-21.33333333333333	0.0	1.1031606390617854	0.0	-10.563916648631897	-0.8462639616750122	0.08512445247567182	0.9965193212642062
-22.400000000000006	-22.400000000000006	0.0	1.1602765375121282	0.0	-10.56391978221292	-0.8462550975040672	0.08511632877421217	0.9964414002651328
-23.46666666666667	-23.46666666666667	0.0	1.2173984054222904	0.0	-10.564033116970002	-0.8462500644578514	0.08509161426369488	0.9964044733738214
-24.53333333333333	-24.53333333333333	0.0	1.2745263769529795	0.0	-10.5639848254818	-0.8462375515966873	0.08510139060719518	0.9964071669657195
-25.599999999999994	-25.599999999999994	0.0	1.3316605903317076	0.0	-10.563875085757722	-0.8462678142626264	0.08506415250407101	0.9961853158689223
-26.66666666666667	-26.66666666666667	0.0	1.3888011900695343	0.0	-10.563988635143653	-0.8462480576782315	0.08505702682670094	0.9960441115574209
-27.733333333333334	-27.733333333333334	0.0	1.4459483293643003	0.0	-10.563935138906164	-0.8462627597535282	0.08504267888898416	0.9960100177667509
-28.799999999999997	-28.799999999999997	0.0	1.5031021726964937	0.0	-10.563907451786257	-0.8462537775367227	0.08498860315364047	0.9959357347264555
-29.86666666666666	-29.86666666666666	0.0	1.5602628986238758	0.0	-10.564055964209649	-0.846260602733722	0.08501763170377043	0.9960988204478322
-30.933333333333337	-30.933333333333337	0.0	1.6174307027810082	0.0	-10.563987841016958	-0.8462471777000019	0.08501201915969721	0.9959317104357721
-32.0	-32.0	0.0	1.6746058010898164	0.0	-10.564066202005142	-0.8462514273509636	0.08496577737688395	0.9955994113397378
-33.06666666666666	-33.06666666666666	0.0	1.731788433187324	0.0	-10.563987003964492	-0.846250976630407	0.0849688894950125	0.9958235696965265
-34.133333333333326	-34.133333333333326	0.0	1.788978866076694	0.0	-10.563998282709843	-0.8462574154955006	0.08493134018007552	0.9954056229633068
-35.2	-35.2	0.0	1.8461773980077143	0.0	-10.563981820678093	-0.8462652601794727	0.08495420888259929	0.9955857716771813
-36.266666666666666	-36.266666666666666	0.0	1.903384362592853	0.0	-10.563944818666688	-0.8462686298522053	0.08489848050521492	0.9952642254858526
-37.33333333333333	-37.33333333333333	0.0	1.9606001331650438	0.0	-10.564035306184133	-0.8462541960629538	0.0849190312163051	0.9953059064058917
-38.39999999999999	-38.39999999999999	0.0	2.0178251273833046	0.0	-10.563954755981808	-0.8462597334869341	0.08488786710925245	0.9952425908991388
-39.46666666666667	-39.46666666666667	0.0	2.0750598120923507	0.0	-10.564072737453209	-0.8462601734760485	0.08488080582053323	0.9950169516033784
-40.53333333333333	-40.53333333333333	0.0	2.1323047084423257	0.0	-10.564079476798677	-0.8462602485961422	0.08485697128824533	0.9948920054262387
-41.599999999999994	-41.599999999999994	0.0	2.18956039727479	0.0	-10.564063712310638	-0.846255752122018	0.08484760273953434	0.9949082957549258
-42.66666666666667	-42.66666666666667	0.0	2.246827524781106	0.0	-10.56397548912742	-0.8462583169366132	0.08487724298184815	0.995075094555173
-43.733333333333334	-43.733333333333334	0.0	2.304106808439335	0.0	-10.564076997835611	-0.8462628134107376	0.08483683910338634	0.9947619296199077
-44.8	-44.8	0.0	2.3613990432358243	0.0	-10.564010613136501	-0.8462602271332581	0.08479247532289205	0.9945515933601864
-45.86666666666666	-45.86666666666666	0.0	2.4187051081775675	0.0	-10.56409378181062	-0.8462645733671965	0.08480071707021172	0.9946290099814938
-46.93333333333334	-46.93333333333334	0.0	2.4760259731015175	0.0	-10.564038375376493	-0.8462605812708385	0.08483587327362231	0.9948533722356782
-48.0	-48.0	0.0	2.53336270578696	0.0	-10.564083704986755	-0.846253219501748	0.08481251092477475	0.9946806711424281
-49.06666666666666	-49.06666666666666	0.0	2.5907164793770994	0.0	-10.564008187830641	-0.8462604310306528	0.08481108364301228	0.9946033296412128
-50.133333333333326	-50.133333333333326	0.0	2.6480885801159855	0.0	-10.56407768464789	-0.8462543355716977	0.08479949368584397	0.9946462232141774
-51.19999999999999	-51.19999999999999	0.0	2.705480415406914	0.0	-10.563998465144353	-0.8462584886396829	0.08479828103291802	0.9947088948344209
-52.26666666666665	-52.26666666666665	0.0	2.762893522198445	0.0	-10.563967719563536	-0.8462525434209133	0.08479353773563249	0.994591589443859
-53.33333333333334	-53.33333333333334	0.0	2.820329575704172	0.0	-10.564039502177883	-0.8462707224833608	0.08477305141319323	0.9944963371662422
-54.400000000000006	-54.400000000000006	0.0	2.877790398462363	0.0	-10.563979502686653	-0.8462542175258376	0.08481761909108224	0.9948095986844835
-55.46666666666667	-55.46666666666667	0.0	2.935277969741645	0.0	-10.564028148312437	-0.8462578125588485	0.08478510282235993	0.9947197657849872
-56.53333333333333	-56.53333333333333	0.0	2.9927944352988205	0.0	-10.563932724331751	-0.846242820734622	0.08477445723207203	0.9947661685394276
-57.599999999999994	-57.599999999999994	0.0	3.050342117494992	0.0	-10.564075473970874	-0.8462622446443211	0.08476585061573035	0.9947644407772944
-58.66666666666666	-58.66666666666666	0.0	3.1079235257761075	0.0	-10.564089682399844	-0.8462604739564198	0.08476499210038456	0.9947163102607203
-59.73333333333332	-59.73333333333332	0.0	3.1655413675240673	0.0	-10.564052959405938	-0.8462514595452891	0.08477561622778888	0.9948116483898721
-60.80000000000001	-60.80000000000001	0.0	3.223198559284539	0.0	-10.56407788854529	-0.8462490771652046	0.0847611073184448	0.9947121035355255
-61.866666666666674	-61.866666666666674	0.0	3.28089823837759	0.0	-10.56405701589094	-0.8462499464119924	0.08478518867389456	0.9946542288697772
-62.93333333333334	-62.93333333333334	0.0	3.338643774897311	0.0	-10.564102806953194	-0.8462455143265193	0.08478317116283193	0.9946860154004559
-64.0	-64.0	0.0	3.39643878410653	0.0	-10.564011053125618	-0.8462516741741252	0.08476809348707129	0.9946236120662573
-65.06666666666666	-65.06666666666666	0.0	3.454287139232773	0.0	-10.564051553587053	-0.8462413934528595	0.08476735301758546	0.9948221759342996
-66.13333333333333	-66.13333333333333	0.0	3.5121929846716027	0.0	-10.564078886569375	-0.8462543999603486	0.0847763137715073	0.994598167817696
-67.19999999999999	-67.19999999999999	0.0	3.570160749603466	0.0	-10.56407326329386	-0.8462501717722704	0.0847688446879988	0.9945952595969619
-68.26666666666665	-68.26666666666665	0.0	3.628195162030197	0.0	-10.564064324002826	-0.8462513093051033	0.08475141682647908	0.9945519367663251
-69.33333333333334	-69.33333333333334	0.0	3.6863012632373016	0.0	-10.564037892461613	-0.8462592505720523	0.08476447699117705	0.994819493073844
-70.4	-70.4	0.0	3.7444844226881497	0.0	-10.56399636178176	-0.846254550200534	0.08478038098795804	0.9949007408198824
-71.46666666666667	-71.46666666666667	0.0	3.802750353356249	0.0	-10.564046187866143	-0.8462538419253733	0.08473749814643529	0.9945113719162353
-72.53333333333333	-72.53333333333333	0.0	3.861105127501684	0.0	-10.564014809130251	-0.846271527341497	0.08476967100901915	0.9947882860410238
-73.6	-73.6	0.0	3.9195551928979	0.0	-10.564081333338104	-0.8462662582035624	0.08478073512553819	0.995015760413336
-74.66666666666666	-74.66666666666666	0.0	3.9781073895149364	0.0	-10.564131781846115	-0.8462590681375416	0.0847541640755856	0.9947546644337936
-75.73333333333332	-75.73333333333332	0.0	4.036768966665268	0.0	-10.564035735441802	-0.8462655070026348	0.0847846413703616	0.9950343150762475
-76.80000000000001	-76.80000000000001	0.0	4.09554760061838	0.0	-10.563958061265893	-0.8462601949389322	0.08478340725455193	0.9950545331126412
-77.86666666666667	-77.86666666666667	0.0	4.1544514126901975	0.0	-10.564094028633788	-0.8462541209428612	0.08476167608486133	0.9948822505456216
-78.93333333333334	-78.93333333333334	0.0	4.213488987813546	0.0	-10.564029951194664	-0.8462501610408285	0.08479447137107099	0.9950705014980729
-80.0	-80.0	0.0	4.272669393595734	0.0	-10.563966667882232	-0.8462469523397231	0.08479511525758042	0.9950768115858643
-80.0	-80.0	0.0	4.334632001425141	0.0	-10.564018189534426	-0.8455705924874171	0.08475169584396638	0.9949125132115622
-78.93333333333334	-78.93333333333334	0.0	4.2765525217646445	0.0	-10.564069303391827	-0.8462683401032759	0.08478606865212406	0.9949653548310958
-77.86666666666666	-77.86666666666666	0.0	4.2185409905834925	0.0	-10.563988484903469	-0.8462492381368315	0.08478041318228353	0.9949417993162952
-76.8	-76.8	0.0	4.160591136621887	0.0	-10.56398722932476	-0.8462576193928952	0.0847767752235057	0.9949568769920557
-75.73333333333333	-75.73333333333333	0.0	4.1026972267289015	0.0	-10.56410168015181	-0.8462407281034666	0.08479049000615488	0.9949850148325148
-74.66666666666667	-74.66666666666667	0.0	4.044854034561523	0.0	-10.564001201662018	-0.8462641548409653	0.08478633693816963	0.9949905307936113
-73.6	-73.6	0.0	3.9870568103551984	0.0	-10.564116918799195	-0.8462785242415656	0.0847745323521648	0.9949908956626338
-72.53333333333333	-72.53333333333333	0.0	3.9293012517491834	0.0	-10.56405001899087	-0.8462611071114875	0.08477851371708091	0.9948617212974156
-71.46666666666667	-71.46666666666667	0.0	3.8715834756500076	0.0	-10.564080270925363	-0.846261675877904	0.08476371505880767	0.9949727809888371
-70.4	-70.4	0.0	3.813899991116364	0.0	-10.56408432741038	-0.8462644767842198	0.08475339141177443	0.9947273207200306
-69.33333333333333	-69.33333333333333	0.0	3.7562476732487218	0.0	-10.564032795026753	-0.8462550653097415	0.08478186192692952	0.9949211520222291
-68.26666666666667	-68.26666666666667	0.0	3.6986237380669853	0.0	-10.564057466611498	-0.8462521678204494	0.08476674132540159	0.9948347317212318
-67.2	-67.2	0.0	3.641025718359479	0.0	-10.563995106203064	-0.8462743711735802	0.0847716563257564	0.9948937761141393
-66.13333333333333	-66.13333333333333	0.0	3.583451440486598	0.0	-10.564051832604534	-0.8462607100481401	0.08476489551740814	0.9948289260112059
-65.06666666666666	-65.06666666666666	0.0	3.5258990021224057	0.0	-10.564060439220885	-0.8462513629623128	0.08478756032253733	0.9948446153791507
-64.0	-64.0	0.0	3.4683667509174954	0.0	-10.564060997255858	-0.8462563208884346	0.08476389749331859	0.995017423786818
-62.93333333333334	-62.93333333333334	0.0	3.4108532640664255	0.0	-10.564060525072414	-0.8462541746000702	0.08479018952578388	0.9948768526303856
-61.86666666666667	-61.86666666666667	0.0	3.353357328763028	0.0	-10.563982614804784	-0.8462411573611395	0.08478598280058938	0.9948077314136066
-60.8	-60.8	0.0	3.2958779235269047	0.0	-10.564019885102232	-0.8462563530827601	0.08477602402257815	0.994783092023182
-59.733333333333334	-59.733333333333334	0.0	3.238414200384411	0.0	-10.564110522859869	-0.8462527580497496	0.08475216802740665	0.9947094850637209
-58.66666666666667	-58.66666666666667	0.0	3.1809654678874364	0.0	-10.56412469909451	-0.8462505473727339	0.08476273849760182	0.9947050315153645
-57.6	-57.6	0.0	3.1235311749532944	0.0	-10.564062263565997	-0.8462593793493548	0.08478879443834696	0.9947593218795449
-56.53333333333333	-56.53333333333333	0.0	3.066110895509022	0.0	-10.563987658582434	-0.8462547111721613	0.0848098495272027	0.9951018265767532
-55.46666666666667	-55.46666666666667	0.0	3.0087043139233947	0.0	-10.564105640053837	-0.8462484547415786	0.0847949650173949	0.994794960997838
-54.4	-54.4	0.0	2.9513112112099673	0.0	-10.56411408569855	-0.8462532624275153	0.08476265264606728	0.9948428124969242
-53.33333333333333	-53.33333333333333	0.0	2.8939314519844546	0.0	-10.564044191817963	-0.8462665157581661	0.08479132705861706	0.9949052050996806
-52.266666666666666	-52.266666666666666	0.0	2.836564972159741	0.0	-10.564030079971968	-0.8462628026792955	0.0848071881296307	0.9949687566981537
-51.2	-51.2	0.0	2.7792117673618404	0.0	-10.564034994972317	-0.8462487230276239	0.0847735987167262	0.9947269880453335
-50.13333333333333	-50.13333333333333	0.0	2.7218718820501118	0.0	-10.56407210429814	-0.8462612788145566	0.08476358628150585	0.9947872558226086
-49.06666666666666	-49.06666666666666	0.0	2.6645453993250308	0.0	-10.56402088312632	-0.8462619656268334	0.08479168119619718	0.9948213066875123
-48.0	-48.0	0.0	2.60723243140683	0.0	-10.56408026019393	-0.8462658826030984	0.08477263288696218	0.9947432247168112
-46.93333333333334	-46.93333333333334	0.0	2.549933110768312	0.0	-10.56410485665859	-0.8462587032685194	0.08480645839158678	0.9947867729077272
-45.86666666666667	-45.86666666666667	0.0	2.492647581905143	0.0	-10.564071267245682	-0.8462630602338992	0.08479433186232735	0.9948508932726168
-44.8	-44.8	0.0	2.435375993726936	0.0	-10.564029554131315	-0.8462592827663776	0.08479786250668696	0.9948922200550753
-43.733333333333334	-43.733333333333334	0.0	2.378118492552427	0.0	-10.564075023250318	-0.846257801827406	0.08479053293192215	0.9946845237300418
-42.666666666666664	-42.666666666666664	0.0	2.32087521569205	0.0	-10.564017996368472	-0.8462510302876161	0.08478760324830463	0.9947265802505446
-41.6	-41.6	0.0	2.2636462856012263	0.0	-10.564064184494079	-0.8462535307135606	0.08477073342175961	0.994627368070895
-40.53333333333333	-40.53333333333333	0.0	2.2064318045876616	0.0	-10.564023168923436	-0.8462487874162753	0.08478760324830463	0.9945656622804161
-39.46666666666667	-39.46666666666667	0.0	2.1492318500559726	0.0	-10.564054257910389	-0.8462526400038891	0.08480063121867715	0.9947406599022155
-38.4	-38.4	0.0	2.092046470272937	0.0	-10.564082567453923	-0.8462627275592025	0.08478214094441695	0.9945550918102204
-37.333333333333336	-37.333333333333336	0.0	2.0348756806366817	0.0	-10.56410093968232	-0.8462555696875068	0.08481754397098945	0.9947541063988194
-36.266666666666666	-36.266666666666666	0.0	1.977719460433113	0.0	-10.564059484122568	-0.8462526292724477	0.08482252335999504	0.9948372428786183
-35.2	-35.2	0.0	1.920577750062899	0.0	-10.564103783514408	-0.8462785778987749	0.08480114632788466	0.9946745971463564
-34.13333333333333	-34.13333333333333	0.0	1.8634504487223043	0.0	-10.563999044642213	-0.8462567394146653	0.08481369138337513	0.994705739790525
-33.06666666666667	-33.06666666666667	0.0	1.8063374125211922	0.0	-10.56408367279243	-0.8462537131480715	0.0848096670926917	0.9945809760478965
-32.0	-32.0	0.0	1.7492384530214933	0.0	-10.564068530728019	-0.8462435826669911	0.08481990488819041	0.994960697385345
-30.933333333333337	-30.933333333333337	0.0	1.692153336179458	0.0	-10.564114611539196	-0.8462538097310482	0.08480153265979024	0.994679512146711
-29.866666666666667	-29.866666666666667	0.0	1.635081781674985	0.0	-10.564043902069036	-0.8462555589560651	0.084813702114817	0.9947076821814957
-28.799999999999997	-28.799999999999997	0.0	1.5780234626113472	0.0	-10.564097226603453	-0.8462656787057036	0.08481116949454685	0.9946714099081352
-27.733333333333334	-27.733333333333334	0.0	1.5209780055686137	0.0	-10.564053152571885	-0.8462548721437887	0.0848473344534888	0.9947147220073306
-26.666666666666664	-26.666666666666664	0.0	1.4639449909940745	0.0	-10.564012491138818	-0.8462651421336127	0.08483631326273702	0.9947467446297292
-25.6	-25.6	0.0	1.4069239539129832	0.0	-10.564021806030318	-0.8462455572522868	0.0848256784038909	0.9946962746588377
-24.53333333333333	-24.53333333333333	0.0	1.3499143849429092	0.0	-10.564161894271875	-0.8462608710197673	0.08483302944153935	0.9947793252871024
-23.46666666666667	-23.46666666666667	0.0	1.2929157315950264	0.0	-10.564032376500515	-0.8462459221213088	0.08486635056839831	0.9946488309545402
-22.4	-22.4	0.0	1.235927399845624	0.0	-10.564050791654683	-0.8462564174714111	0.0848335552821887	0.9945539650088294
-21.333333333333336	-21.333333333333336	0.0	1.1789487559611669	0.0	-10.563994859379905	-0.8462594115436791	0.08486081314441787	0.9947245520080399
-20.266666666666666	-20.266666666666666	0.0	1.1219791285601926	0.0	-10.563995632043715	-0.8462665479524913	0.0848840574474054	0.9949120946853303
-19.200000000000003	-19.200000000000003	0.0	1.0650178108953703	0.0	-10.56403005850908	-0.8462717634332171	0.08487997949951287	0.9948201691546786
-18.133333333333333	-18.133333333333333	0.0	1.0080640633390137	0.0	-10.564005354729998	-0.8462465338134926	0.08489721419507985	0.9946389043708541
-17.06666666666667	-17.06666666666667	0.0	0.9511171160553648	0.0	-10.564017717350982	-0.8462641011837561	0.08490666859532552	0.9948319737406836
-16.0	-16.0	0.0	0.8941761718429497	0.0	-10.564022471379715	-0.8462565140543876	0.08490467254714648	0.9947041730000188
-14.933333333333337	-14.933333333333337	0.0	0.8372404091303182	0.0	-10.563973557467882	-0.8462512878422198	0.08495641955961472	0.9949879230532485
-13.866666666666674	-13.866666666666674	0.0	0.780308985108466	0.0	-10.564043022090809	-0.8462494527656682	0.08497597224661538	0.9949978067111668
-12.799999999999997	-12.799999999999997	0.0	0.7233810389832572	0.0	-10.564088115609344	-0.8462526078095642	0.0849631481736374	0.9948679669965564
-11.733333333333334	-11.733333333333334	0.0	0.6664556953311475	0.0	-10.564004410363129	-0.8462547755608122	0.08499390448590084	0.9950384359499072
-10.666666666666671	-10.666666666666671	0.0	0.6095320675415111	0.0	-10.56394285481284	-0.8462484869359045	0.08501124649588598	0.9949192740199098
-9.599999999999994	-9.599999999999994	0.0	0.5526092613288888	0.0	-10.564057799286193	-0.8462587354628451	0.0850381394890932	0.9949740580304143
-8.533333333333331	-8.533333333333331	0.0	0.49568637829845885	0.0	-10.563885967439731	-0.8462431426778768	0.08506529003690419	0.9952804514258884
-7.466666666666669	-7.466666666666669	0.0	0.4387625195480302	0.0	-10.563902590443119	-0.8462604739564202	0.08510744314038307	0.9952437069690881
-6.400000000000006	-6.400000000000006	0.0	0.3818367892898798	0.0	-10.563940472432746	-0.8462633821771542	0.08515603510895545	0.9955997118201085
-5.333333333333329	-5.333333333333329	0.0	0.3249082984757282	0.0	-10.563880537330167	-0.8462578769474988	0.0851659509611995	0.995625939463923
-4.266666666666666	-4.266666666666666	0.0	0.26797616840817	0.0	-10.563899531982193	-0.8462590466746579	0.08520783577863288	0.9957389952035234
-3.200000000000003	-3.200000000000003	0.0	0.21103953432185357	0.0	-10.56386906541886	-0.8462503971325483	0.08526150371918727	0.9959879968481314
-2.13333333333334	-2.13333333333334	0.0	0.15409754891773225	0.0	-10.563877296434734	-0.846263747046176	0.08527825549987225	0.9961628013039783
-1.0666666666666629	-1.0666666666666629	0.0	0.09714938583368175	0.0	-10.563809398602329	-0.8462632748627352	0.0852923995401943	0.996428694238015
0.0	0.0	0.0	0.0401942430348	0.0	-10.563820677347678	-0.8462673528106283	0.08529242100307792	0.996568310296126
1.0666666666666629	1.0666666666666629	0.0	-0.01676865389331629	0.0	-10.56390289092348	-0.8462542282572793	0.08533146198842825	0.9967384573062222
2.1333333333333258	2.1333333333333258	0.0	-0.07374004856499573	0.0	-10.563797679867857	-0.8462513951566382	0.08535291414063162	0.9969259570577452
3.200000000000003	3.200000000000003	0.0	-0.13072065074532263	0.0	-10.56388041928431	-0.8462584779082415	0.08535303218649157	0.9970948377577064
4.266666666666666	4.266666666666666	0.0	-0.1877111334480573	0.0	-10.564030938487315	-0.8462553550586704	0.08537866960100553	0.9971992761495226
5.333333333333329	5.333333333333329	0.0	-0.244712130197352	0.0	-10.563946600086028	-0.8462621265984608	0.0853806334548591	0.9973025448141815
6.400000000000006	6.400000000000006	0.0	-0.30172423246994073	0.0	-10.564002832841181	-0.8462643265440343	0.0854076766882519	0.9976259904707122
7.466666666666669	7.466666666666669	0.0	-0.35874798733450286	0.0	-10.564010709719476	-0.8462648094589159	0.08539134343379792	0.9978370671999192
8.533333333333331	8.533333333333331	0.0	-0.4157838953049008	0.0	-10.563899177844611	-0.8462610105285112	0.08538804888115843	0.9979279195863888
9.599999999999994	9.599999999999994	0.0	-0.47283240842397	0.0	-10.563905455738084	-0.8462645411728704	0.08540489724481981	0.9979478478738533
10.666666666666671	10.666666666666671	0.0	-0.5298939285945675	0.0	-10.563951246800343	-0.8462664942952823	0.08541898762793278	0.998170686263298
11.733333333333334	11.733333333333334	0.0	-0.5869688061745607	0.0	-10.56397415842863	-0.8462769252567338	0.08544093342645986	0.9983416166686471
12.799999999999997	12.799999999999997	0.0	-0.6440573388524645	0.0	-10.563900572932058	-0.8462557735849018	0.0853998212728377	0.9983433766251061
13.86666666666666	13.86666666666666	0.0	-0.7011597708204031	0.0	-10.56395425160405	-0.8462764852676191	0.0854109283151241	0.9985129977945529
14.933333333333337	14.933333333333337	0.0	-0.7582762922611015	0.0	-10.56387003124862	-0.8462495815429704	0.08542053295555523	0.9985017083177554
16.0	16.0	0.0	-0.815407039165591	0.0	-10.563842816312167	-0.8462657645572385	0.08541855837025988	0.9987111645992477
17.066666666666663	17.066666666666663	0.0	-0.8725520934983348	0.0	-10.563874710157256	-0.846259078868983	0.08540574502872382	0.9989544571168064
18.133333333333326	18.133333333333326	0.0	-0.9297114837264504	0.0	-10.563913257496285	-0.8462663547865386	0.08542029686383518	0.9990501923093045
19.200000000000003	19.200000000000003	0.0	-0.9868851857297346	0.0	-10.56395001268453	-0.8462729868175852	0.08541963151444217	0.9990784911213906
20.266666666666666	20.266666666666666	0.0	-1.0440731241081747	0.0	-10.563850972207952	-0.8462680074285791	0.08541185121912082	0.999199477396498
21.33333333333333	21.33333333333333	0.0	-1.1012751739036517	0.0	-10.563820398330195	-0.8462477250035347	0.0854283239823184	0.999386064975466
22.400000000000006	22.400000000000006	0.0	-1.1584911627525145	0.0	-10.563885409404756	-0.8462716453873574	0.08540706499606798	0.9993698390354305
23.46666666666667	23.46666666666667	0.0	-1.2157208734857228	0.0	-10.563821160262568	-0.846257329643966	0.0854282595936675	0.999446139586789
24.53333333333333	24.53333333333333	0.0	-1.272964047193262	0.0	-10.56398150946627	-0.8462481006039987	0.08540704353318435	0.9995889214202377
25.599999999999994	25.599999999999994	0.0	-1.3302203867695057	0.0	-10.563895797440441	-0.8462639938693374	0.08541517796608585	0.9998826624458037
26.66666666666667	26.66666666666667	0.0	-1.3874895609562332	0.0	-10.563920458293756	-0.8462717527017756	0.08541983541183677	0.9998174582052896
27.733333333333334	27.733333333333334	0.0	-1.4447712088999851	0.0	-10.563909726851923	-0.8462681147429977	0.08541904128514187	0.9998602873896038
28.799999999999997	28.799999999999997	0.0	-1.5020649452404609	0.0	-10.563939925129212	-0.846269735190713	0.08539961737544319	0.9999863067109258
29.86666666666666	29.86666666666666	0.0	-1.5593703657466396	0.0	-10.56388985222167	-0.8462627919478534	0.08541164732172621	1.0000084778697307
30.933333333333337	30.933333333333337	0.0	-1.616687053517327	0.0	-10.563856391586068	-0.8462669664787223	0.08541445895948373	1.0001294748762797
32.0	32.0	0.0	-1.6740145857628108	0.0	-10.563903878216143	-0.8462544214232319	0.08543559989987407	1.000423248096171
33.06666666666666	33.06666666666666	0.0	-1.731352541184335	0.0	-10.563867723988634	-0.8462636290003158	0.08541818276979614	1.0003572282660793
34.133333333333326	34.133333333333326	0.0	-1.788700507968065	0.0	-10.563915532561955	-0.8462548721437889	0.08541233413400279	1.0004070006932515
35.2	35.2	0.0	-1.8460580924102532	0.0	-10.564029039022104	-0.8462668591643043	0.08545077415861119	1.0007846723253122
36.266666666666666	36.266666666666666	0.0	-1.9034249281902877	0.0	-10.563870245877453	-0.8462667840442113	0.08546066854797141	1.0007218933906503
37.33333333333333	37.33333333333333	0.0	-1.9608006863083274	0.0	-10.563915382321769	-0.8462577159758722	0.08548506111523406	1.001100638166893
38.39999999999999	38.39999999999999	0.0	-2.018185085704204	0.0	-10.56396512255461	-0.8462455143265194	0.0854551525868747	1.0010843156438805
39.46666666666667	39.46666666666667	0.0	-2.0755779045742972	0.0	-10.56397487743523	-0.846258821314379	0.08544236070822225	1.0010372475400466
40.53333333333333	40.53333333333333	0.0	-2.132978992403061	0.0	-10.563995084740181	-0.8462728687717248	0.08547353554671672	1.0011212103408675
41.599999999999994	41.599999999999994	0.0	-2.1903882827259142	0.0	-10.564056672484796	-0.8462677498739754	0.08545121414772583	1.0012033702594596
42.66666666666667	42.66666666666667	0.0	-2.247805806640169	0.0	-10.564004753769263	-0.8462683615661595	0.08546003539290392	1.001320986861835
43.733333333333334	43.733333333333334	0.0	-2.3052317070806954	0.0	-10.563924149909738	-0.8462653567624492	0.08547207607062887	1.0014017624244322
44.8	44.8	0.0	-2.3626662538770318	0.0	-10.563983505514457	-0.8462601198188395	0.08548076853850504	1.0014940206297807
45.86666666666666	45.86666666666666	0.0	-2.420109859608605	0.0	-10.564075720794042	-0.8462694239789	0.08546473576442222	1.0013840233510998
46.93333333333334	46.93333333333334	0.0	-2.4775630962747797	0.0	-10.563936984714159	-0.8462653460310073	0.08548471770909581	1.0015799043586868
48.0	48.0	0.0	-2.5350267127964097	0.0	-10.563924267955597	-0.8462720853764719	0.08545945589504553	1.001384989180864
49.06666666666666	49.06666666666666	0.0	-2.5925016533656065	0.0	-10.563926457169735	-0.8462565033229457	0.08544347677817181	1.001468973444566
50.133333333333326	50.133333333333326	0.0	-2.6499890766603915	0.0	-10.564021988464827	-0.846257962799033	0.08544905712791948	1.001433913824133
51.19999999999999	51.19999999999999	0.0	-2.707490375940949	0.0	-10.563925512802847	-0.8462741565447434	0.0854599388099275	1.0014871632384563
52.26666666666665	52.26666666666665	0.0	-2.765007200044159	0.0	-10.563959005632775	-0.8462716990445661	0.08545303849283568	1.001597815135088
53.33333333333334	53.33333333333334	0.0	-2.822541475293108	0.0	-10.563943681133852	-0.8462565247858292	0.0854628041048942	1.0015528289309683
54.400000000000006	54.400000000000006	0.0	-2.8800954283382634	0.0	-10.563915135498608	-0.8462783310756126	0.08544251094840781	1.0016796960361933
55.46666666666667	55.46666666666667	0.0	-2.9376716099470257	0.0	-10.563842644609093	-0.8462717956275425	0.08544420651621575	1.0016552498117226
56.53333333333333	56.53333333333333	0.0	-2.9952729197583214	0.0	-10.56399713444557	-0.8462530799930047	0.08547039123426271	1.0017541293166752
57.599999999999994	57.599999999999994	0.0	-3.052902632018954	0.0	-10.563927616165442	-0.8462694669046674	0.0854457196495127	1.001745200757078
58.66666666666666	58.66666666666666	0.0	-3.110564422318395	0.0	-10.564041745049229	-0.8462661079633769	0.08543754229084391	1.0017526269148198
59.73333333333332	59.73333333333332	0.0	-3.1682623953387075	0.0	-10.563939334899919	-0.846272332199634	0.08544346604672995	1.0016603901723555
60.80000000000001	60.80000000000001	0.0	-3.2260011136363067	0.0	-10.56393069608925	-0.8462616866093456	0.08544490405993421	1.0016444110554823
61.866666666666674	61.866666666666674	0.0	-3.2837856274722257	0.0	-10.56391707788957	-0.8462567072203396	0.08546961857045147	1.0017469392506535
62.93333333333334	62.93333333333334	0.0	-3.341621505707621	0.0	-10.563840670023794	-0.846254421423232	0.08545210485739708	1.0017908201162664
64.0	64.0	0.0	-3.3995148677811597	0.0	-10.563973160404535	-0.8462585530283334	0.08544125536971454	1.0017429149599713
65.06666666666666	65.06666666666666	0.0	-3.4574724167850257	0.0	-10.563897192527877	-0.8462636611946411	0.08546183827513017	1.0018683333205514
66.13333333333333	66.13333333333333	0.0	-3.51550147365621	0.0	-10.563888167385308	-0.8462635968059905	0.08545854372249062	1.0018570867695207
67.19999999999999	67.19999999999999	0.0	-3.5736100124997923	0.0	-10.56398038266489	-0.8462702181055951	0.08545764228137755	1.001925360202395
68.26666666666665	68.26666666666665	0.0	-3.6318066970609046	0.0	-10.564035660321718	-0.8462596476353997	0.08545548526157125	1.0020529355827832
69.33333333333334	69.33333333333334	0.0	-3.6901009183620634	0.0	-10.564039791926808	-0.846276013084179	0.08548163778529273	1.0020976320379718
70.4	70.4	0.0	-3.748502833522565	0.0	-10.564001384096532	-0.8462659469917492	0.08546815909436362	1.0020800432048254
71.46666666666667	71.46666666666667	0.0	-3.8070234057766568	0.0	-10.563991586290147	-0.8462601949389321	0.08548474990342121	1.0021092219951406
72.53333333333333	72.53333333333333	0.0	-3.865674445707142	0.0	-10.563956430086739	-0.8462741243504182	0.08546001393002033	1.0020916009676675
73.6	73.6	0.0	-3.9244686537111386	0.0	-10.563971550688265	-0.846270336151455	0.08546878151798928	1.002150012205509
74.66666666666666	74.66666666666666	0.0	-3.9834196637146766	0.0	-10.563933454069797	-0.8462662689350041	0.08547335311220572	1.0019945780021506
75.73333333333332	75.73333333333332	0.0	-4.042542088152829	0.0	-10.564011815057988	-0.8462631353539919	0.0854910277968873	1.002296389071967
76.80000000000001	76.80000000000001	0.0	-4.1018515642320645	0.0	-10.563959703176492	-0.846259229109169	0.08548072561273772	1.0022413475068594
77.86666666666667	77.86666666666667	0.0	-4.161364801491512	0.0	-10.564030552155408	-0.8462681040115558	0.0854818309512455	1.0023348934852272
78.93333333333334	78.93333333333334	0.0	-4.221099630679855	0.0	-10.563923752846385	-0.8462577910959643	0.08549999928225108	1.0023353978629925
80.0	80.0	0.0	-4.28107505396451	0.0	-10.563970466812648	-0.8462672776905353	0.0854713034068176	1.0022774266142667
