Hysterese	V-MOKE
Charge	2020_0446
Sample	1
Sample State	bFC
User	Meike Reginka
Sample Angle	75.0
Magnetic Field Angle	0.0
Detektor Averages	300
Hysteresus Points	150
Magnetic Field [kA/m]	80
Hysteresis Averages	100
Polarization	p-polarization
Measurement Method	Scan Both Angles
Max Voltage Correction	No
Training Effect Elimination	No
Magnetic field [kA/m]	Magnetic field transversal [kA/m]	Magnetic field longitudinal [kA/m]	Magnetic field transversal [V]	Magnetic field longitudinal [V]	Detector diff transversal [V]	Detector diff longitudinal [V]	Detector raw transversal [V]	Detector raw longitudinal [V]
80.0	0.0	80.0	0.0	4.381030188287403	-6.675611404824861	-0.843947848243666	0.14005099798994294	1.64397311211763
78.93333333333334	0.0	78.93333333333334	0.0	4.319818714176459	-6.675739420194358	-0.8458343605959731	0.14004860487841653	1.6436957150779614
77.86666666666666	0.0	77.86666666666666	0.0	4.258793669369702	-6.680146705305007	-0.8458371185765209	0.1400082117313965	1.6438110995404367
76.8	0.0	76.8	0.0	4.197942654193435	-6.669852108284755	-0.8458193365774214	0.14011963629183968	1.644289335513815
75.73333333333333	0.0	75.73333333333333	0.0	4.137253993604595	-6.680120542049844	-0.8458409497012518	0.14002038118642335	1.6437388018168773
74.66666666666667	0.0	74.66666666666667	0.0	4.0767167056162315	-6.676378037565772	-0.845836066895223	0.1400454069087534	1.6439673493333726
73.6	0.0	73.6	0.0	4.0163204706037074	-6.679864929837073	-0.8458316026154244	0.14001098044338675	1.643673554650597
72.53333333333333	0.0	72.53333333333333	0.0	3.9560556014798554	-6.677969993302935	-0.8458472168632762	0.1400291917001596	1.6436500527930051
71.46666666666667	0.0	71.46666666666667	0.0	3.89591301472721	-6.673081714238358	-0.8458280290452975	0.1400675029474661	1.6441503204164463
70.4	0.0	70.4	0.0	3.8358842022755653	-6.6765836412596515	-0.8458484509790861	0.1400512662759885	1.6442039239683508
69.33333333333333	0.0	69.33333333333333	0.0	3.775961204212982	-6.674066527922969	-0.8458224486955505	0.1400796187452836	1.6441420572062433
68.26666666666667	0.0	68.26666666666667	0.0	3.716136582318465	-6.682860579627507	-0.8458502967870792	0.13999451841163088	1.6434668026924448
67.2	0.0	67.2	0.0	3.6564033944044745	-6.677835871743039	-0.8458454354439334	0.14003770173352484	1.6435616042495054
66.13333333333333	0.0	66.13333333333333	0.0	3.596755169457454	-6.6772809488863984	-0.8458343820588567	0.14004889462734563	1.643645051941117
65.06666666666666	0.0	65.06666666666666	0.0	3.5371858835645753	-6.674965865673463	-0.8458420335768764	0.14005811293587128	1.6438815943817682
64.0	0.0	64.0	0.0	3.4776899366148504	-6.6782337721429315	-0.845854546438041	0.14003892511789273	1.6435773258117743
62.93333333333334	0.0	62.93333333333334	0.0	3.4182621297628257	-6.6775903148912565	-0.8458297246131059	0.14004101774904792	1.6438313283082726
61.86666666666667	0.0	61.86666666666667	0.0	3.3588976436430196	-6.675789922359577	-0.8458344357160658	0.14005360573030592	1.643574964894573
60.8	0.0	60.8	0.0	3.2995920173232944	-6.681582400517792	-0.8458405848322303	0.14000605471159022	1.643479197507749
59.733333333333334	0.0	59.733333333333334	0.0	3.2403411279853396	-6.6856400981796344	-0.8458567571150566	0.13995518767735138	1.643029002791853
58.66666666666667	0.0	58.66666666666667	0.0	3.181141171320454	-6.6842592942917705	-0.8458350688711331	0.13999348819321603	1.6434372912274318
57.6	0.0	57.6	0.0	3.121988642628807	-6.682767419981044	-0.8458347683907625	0.14001347013788965	1.6435446807657508
56.53333333333333	0.0	56.53333333333333	0.0	3.062880318610361	-6.683366953441342	-0.8458287373204576	0.1399840337929704	1.6432936186843126
55.46666666666667	0.0	55.46666666666667	0.0	3.003813239835633	-6.682143805165299	-0.8458507260447523	0.14001406036718977	1.6433752956880234
54.4	0.0	54.4	0.0	2.9447846938844906	-6.676132523639758	-0.8458375156398686	0.1400425201509032	1.6439084122548828
53.33333333333333	0.0	53.33333333333333	0.0	2.885792199141142	-6.680677375103134	-0.8458330942858379	0.14001920072782292	1.6433770771073657
52.266666666666666	0.0	52.266666666666666	0.0	2.8268334892335334	-6.682794012493881	-0.8458471202802997	0.13999788808436328	1.643273218213408
51.2	0.0	51.2	0.0	2.7679064981053	-6.677831933303894	-0.8458512733482856	0.1400274961323517	1.6436264114266712
50.13333333333333	0.0	50.13333333333333	0.0	2.7090093457084867	-6.682813028608789	-0.8458387819500035	0.1399914384878279	1.6435777550694468
49.06666666666666	0.0	49.06666666666666	0.0	2.6501403243051973	-6.685297647139632	-0.8458341888929038	0.13997887196945386	1.643345333502455
48.0	0.0	48.0	0.0	2.591297885366365	-6.684700946779975	-0.8458386853670276	0.13998215579065143	1.6432041613852792
46.93333333333334	0.0	46.93333333333334	0.0	2.532480627055822	-6.677500063465527	-0.8458425379546418	0.14003957973584372	1.6436518234809068
45.86666666666667	0.0	45.86666666666667	0.0	2.4736872822878553	-6.681157134941251	-0.845843299887011	0.14000297478778714	1.6435973184878905
44.8	0.0	44.8	0.0	2.4149167073464275	-6.676804140194783	-0.8458376014914032	0.14003733686450281	1.6438180642461788
43.733333333333334	0.0	43.733333333333334	0.0	2.356167871054244	-6.676663912444486	-0.8458368502904766	0.14004356110075983	1.6437370096660933
42.666666666666664	0.0	42.666666666666664	0.0	2.2974398444798476	-6.685644744893946	-0.8458550830101322	0.13996332211025284	1.643131337821072
41.6	0.0	41.6	0.0	2.2387317911709355	-6.677964423684627	-0.8458435145158474	0.14002631567375112	1.6434654719936586
40.53333333333333	0.0	40.53333333333333	0.0	2.1800429579020566	-6.680857341382495	-0.8458404882492535	0.14000881269213872	1.6438474683967734
39.46666666666667	0.0	39.46666666666667	0.0	2.1213726659248966	-6.676049805686189	-0.8458366356616392	0.1400580485472203	1.643589398683825
38.4	0.0	38.4	0.0	2.0627203027093186	-6.680173244160637	-0.8458383741552146	0.1400224201603696	1.6438530702094045
37.333333333333336	0.0	37.333333333333336	0.0	2.0040853141633432	-6.681536931398793	-0.8458206672762069	0.14002540350119616	1.6434222779403214
36.266666666666666	0.0	36.266666666666666	0.0	1.9454671973202513	-6.6792435793555525	-0.8458345430304842	0.14004345378634173	1.6440488868283398
35.2	0.0	35.2	0.0	1.8868654934810003	-6.685901258547825	-0.8458304650825913	0.13996604789647582	1.643229412467888
34.13333333333333	0.0	34.13333333333333	0.0	1.8282797818001153	-6.678566972680084	-0.8458490948655952	0.1400270239489113	1.643594002472367
33.06666666666667	0.0	33.06666666666667	0.0	1.7697096733032631	-6.680719925269957	-0.8458342747444384	0.13999816710185067	1.6436689401306137
32.0	0.0	32.0	0.0	1.7111548053246695	-6.675395327243759	-0.8458425916118507	0.14005916461716977	1.6440316950585399
30.933333333333337	0.0	30.933333333333337	0.0	1.652614836352576	-6.677064882036742	-0.8458325147879797	0.14003863536896335	1.643986118625119
29.866666666666667	0.0	29.866666666666667	0.0	1.5940894412709112	-6.673463785761569	-0.8458516489487492	0.14007471447637074	1.6441254234714184
28.799999999999997	0.0	28.799999999999997	0.0	1.5355783069853621	-6.679088080763545	-0.8458326650281651	0.14003352720265586	1.6440957081090113
27.733333333333334	0.0	27.733333333333334	0.0	1.4770811284220267	-6.6853879522225705	-0.8458546000952504	0.13998247773390618	1.643380607751726
26.666666666666664	0.0	26.666666666666664	0.0	1.4185976048868278	-6.679349863555356	-0.8458359488493628	0.1400304043530855	1.6438015914829822
25.6	0.0	25.6	0.0	1.360127436773878	-6.665019740032074	-0.8458463798108142	0.140139521653537	1.6448411140580046
24.53333333333333	0.0	24.53333333333333	0.0	1.3016703226109647	-6.675345275799104	-0.8458296924187801	0.14004590055507726	1.6443418873844198
23.46666666666667	0.0	23.46666666666667	0.0	1.243225956430354	-6.686840581650553	-0.8458416365135286	0.13997672568108915	1.643726460658782
22.4	0.0	22.4	0.0	1.1847940254530787	-6.681476652890072	-0.8458316133468666	0.13999849977654713	1.6438435836148328
21.333333333333336	0.0	21.333333333333336	0.0	1.1263742080749082	-6.67761732593032	-0.8458240476803816	0.14004007338216765	1.6439638508833383
20.266666666666666	0.0	20.266666666666666	0.0	1.0679661721421683	-6.681785793534658	-0.8458493738830826	0.13999168531098988	1.644228295072729
19.200000000000003	0.0	19.200000000000003	0.0	1.0095695735056076	-6.679657437409437	-0.8458321069931901	0.14003111262824575	1.6442035805622113
18.133333333333333	0.0	18.133333333333333	0.0	0.9511840548404781	-6.678569634077652	-0.8458291665781309	0.1400312628684314	1.644332390058407
17.06666666666667	0.0	17.06666666666667	0.0	0.8928092447210244	-6.684561620470793	-0.8458512411539598	0.13999001120606558	1.6441220001414765
16.0	0.0	16.0	0.0	0.8344447569375557	-6.682387172802948	-0.8458465085881163	0.13999442182865474	1.6445430267985
14.933333333333337	0.0	14.933333333333337	0.0	0.7760901900442883	-6.677802110627063	-0.8458571863727293	0.14004289575136694	1.6445433594731964
13.866666666666674	0.0	13.866666666666674	0.0	0.7177451271261349	-6.676126406717916	-0.8458335235435108	0.14006741709593143	1.6448829881439957
12.799999999999997	0.0	12.799999999999997	0.0	0.6594091357726295	-6.685651409119313	-0.845843718413242	0.1399751588905832	1.6447249891260427
11.733333333333334	0.0	11.733333333333334	0.0	0.6010817682471681	-6.6799394597005355	-0.8458209999509043	0.14003934364412376	1.645216414041422
10.666666666666671	0.0	10.666666666666671	0.0	0.5427625618397398	-6.680892325882836	-0.8458332016002565	0.1400042303664804	1.645274288707171
9.599999999999994	0.0	9.599999999999994	0.0	0.4844510393913435	-6.687626230506378	-0.845831173357752	0.1399604353524026	1.6451608573671055
8.533333333333331	0.0	8.533333333333331	0.0	0.4261467099782665	-6.68875182997626	-0.8458386102469342	0.13995523060311874	1.6451215588271517
7.466666666666669	0.0	7.466666666666669	0.0	0.36784906974439924	-6.685261868512596	-0.8458326864910494	0.13997826027726987	1.6456416474236388
6.400000000000006	0.0	6.400000000000006	0.0	0.30955760286978407	-6.687924661172023	-0.845836528347221	0.13995823540682906	1.645801438592376
5.333333333333329	0.0	5.333333333333329	0.0	0.25127178266356687	-6.69756246175841	-0.8458395331509315	0.13988736496503307	1.645409258050972
4.266666666666666	0.0	4.266666666666666	0.0	0.19299107276954444	-6.701844521674438	-0.8458611033489948	0.13984800203642803	1.6457157372979816
3.200000000000003	0.0	3.200000000000003	0.0	0.13471492847247593	-6.705562590665474	-0.8458473671034622	0.1398132643592485	1.645847218923192
2.13333333333334	0.0	2.13333333333334	0.0	0.07644279809335723	-6.714515242348707	-0.8458532372021391	0.1397335941351582	1.6456749148932892
1.0666666666666629	0.0	1.0666666666666629	0.0	0.018174124461827576	-6.716871330400843	-0.8458538166999975	0.1397216285775261	1.6457556046043516
0.0	0.0	0.0	0.0	-0.0400916535461	-6.718071878260413	-0.8458440081621714	0.13971400925383196	1.6459344118879995
-1.0666666666666629	0.0	-1.0666666666666629	0.0	-0.09835509941681445	-6.725632447310424	-0.8458423984458981	0.13964844014429656	1.6459945079622063
-2.1333333333333258	0.0	-2.1333333333333258	0.0	-0.156616777366191	-6.728318366226975	-0.8458590214492812	0.1396255714417726	1.6464134097937473
-3.200000000000003	0.0	-3.200000000000003	0.0	-0.21487725067681432	-6.733028428237206	-0.8458408101925083	0.13957370638344432	1.6462032881628632
-4.266666666666666	0.0	-4.266666666666666	0.0	-0.27313708001714876	-6.746946743411996	-0.8458651705654455	0.13948199548162898	1.6455856400287672
-5.333333333333329	0.0	-5.333333333333329	0.0	-0.331396821754486	-6.749631836007529	-0.8458510265251238	0.13945773169166842	1.6456063839058104
-6.400000000000006	0.0	-6.400000000000006	0.0	-0.3896570262734731	-6.752129793720557	-0.8458573580757986	0.1394291002048859	1.6459217273237647
-7.466666666666669	0.0	-7.466666666666669	0.0	-0.4479182363120456	-6.760888453129962	-0.8458443193739841	0.13936203942493688	1.6455313496645878
-8.533333333333331	0.0	-8.533333333333331	0.0	-0.506180985326591	-6.770644761028398	-0.8458531620820462	0.13928031949545847	1.6453783729614064
-9.599999999999994	0.0	-9.599999999999994	0.0	-0.564445795898144	-6.779371816341636	-0.8458440832822641	0.139208998333106	1.6454414845707648
-10.666666666666671	0.0	-10.666666666666671	0.0	-0.6227131781914472	-6.787517163119447	-0.8458586458488174	0.13913665768378028	1.6449622183789705
-11.733333333333334	0.0	-11.733333333333334	0.0	-0.6809836284786798	-6.794476084615123	-0.8458585278029577	0.13907564943701922	1.64497946380598
-12.799999999999997	0.0	-12.799999999999997	0.0	-0.7392576277396917	-6.800841385674942	-0.8458494060774083	0.13904120150876878	1.6450127634699547
-13.86666666666666	0.0	-13.86666666666666	0.0	-0.7975356403505398	-6.808930403114622	-0.845852614778513	0.13896507266047992	1.6447395516925958
-14.933333333333337	0.0	-14.933333333333337	0.0	-0.8558181128721578	-6.809325448950996	-0.8458574439273334	0.13895751772543685	1.6448786097157324
-16.0	0.0	-16.0	0.0	-0.9141054729509707	-6.813934495899349	-0.8458669305219045	0.13891763968762447	1.645377374937317
-17.066666666666663	0.0	-17.066666666666663	0.0	-0.9723981283432802	-6.823691565730152	-0.845870826035286	0.1388583806658806	1.6447587073162486
-18.133333333333326	0.0	-18.133333333333326	0.0	-1.0306964660752267	-6.8310348016203735	-0.845870428971938	0.1387847093177688	1.6445281852144595
-19.200000000000003	0.0	-19.200000000000003	0.0	-1.0890008517501555	-6.829344095155565	-0.8458808170076227	0.1387990787183692	1.644701905794682
-20.266666666666666	0.0	-20.266666666666666	0.0	-1.147311629015197	-6.836884231540347	-0.8458696992338949	0.1387535774050416	1.6446847891449756
-21.33333333333333	0.0	-21.33333333333333	0.0	-1.2056291191988913	-6.844889533002374	-0.8458679822032034	0.13868431667951908	1.644337026041274
-22.400000000000006	0.0	-22.400000000000006	0.0	-1.263953621131659	-6.843475923096854	-0.8458865261346723	0.1386933740164172	1.6444077140485591
-23.46666666666667	0.0	-23.46666666666667	0.0	-1.322285411160945	-6.851558576791535	-0.8458737771817869	0.13863072385905725	1.6440808343306454
-24.53333333333333	0.0	-24.53333333333333	0.0	-1.3806247433728562	-6.860164323886414	-0.8458738308389965	0.138542039223836	1.6440282073399488
-25.599999999999994	0.0	-25.599999999999994	0.0	-1.438971850032102	-6.858575394415839	-0.8458804199442754	0.1385569881222948	1.6443030610279064
-26.66666666666667	0.0	-26.66666666666667	0.0	-1.497326942252062	-6.85501293133123	-0.8458773400204717	0.13860328356231708	1.6447233364840026
-27.733333333333334	0.0	-27.733333333333334	0.0	-1.555690210906793	-6.871819270666414	-0.8458888441261052	0.13844649719729013	1.6439806777841164
-28.799999999999997	0.0	-28.799999999999997	0.0	-1.614061827796803	-6.871379828855228	-0.84586649053279	0.1384709541532036	1.6441827830279596
-29.86666666666666	0.0	-29.86666666666666	0.0	-1.6724419470803977	-6.876508964400066	-0.8458931474342765	0.13841417409452078	1.6439985563661914
-30.933333333333337	0.0	-30.933333333333337	0.0	-1.7308307069824265	-6.878622178460875	-0.8458727898891394	0.13838967421283985	1.6440060469125846
-32.0	0.0	-32.0	0.0	-1.7892282317922377	-6.87995959512945	-0.845861264320622	0.13839043614520924	1.6443375733448073
-33.06666666666666	0.0	-33.06666666666666	0.0	-1.8476346341626735	-6.8834328477381925	-0.8458937376635771	0.13836323194018904	1.6442592767452708
-34.133333333333326	0.0	-34.133333333333326	0.0	-1.9060500177219062	-6.894012450390366	-0.8458904538423792	0.1382746116936188	1.6439903897389652
-35.2	0.0	-35.2	0.0	-1.9644744800099465	-6.900961627736868	-0.8458808706648319	0.13822424903714572	1.6439108053664087
-36.266666666666666	0.0	-36.266666666666666	0.0	-2.0229081157516333	-6.906932172709254	-0.8458865475975557	0.13818862065029497	1.6435558951224554
-37.33333333333333	0.0	-37.33333333333333	0.0	-2.0813510204779293	-6.901365988464741	-0.8458847661782134	0.1382104698658455	1.6440978114716085
-38.39999999999999	0.0	-38.39999999999999	0.0	-2.139803294507338	-6.909059970799495	-0.8458839398571932	0.13815924869402665	1.6439254001272878
-39.46666666666667	0.0	-39.46666666666667	0.0	-2.1982650472992535	-6.910591562176403	-0.8458853671389557	0.13813015575524584	1.6442132817856183
-40.53333333333333	0.0	-40.53333333333333	0.0	-2.256736402191068	-6.915386263068288	-0.8458940488753902	0.1381000111351662	1.6437339941309423
-41.599999999999994	0.0	-41.599999999999994	0.0	-2.315217501530861	-6.922820684019681	-0.8458859466368135	0.1380449373757331	1.6437035597619327
-42.66666666666667	0.0	-42.66666666666667	0.0	-2.37370851221747	-6.921716075250004	-0.8458895738641493	0.1380508825945027	1.6440379944148902
-43.733333333333334	0.0	-43.733333333333334	0.0	-2.432209631659771	-6.92398909121099	-0.8458709870069131	0.13803018164322708	1.644037586620101
-44.8	0.0	-44.8	0.0	-2.4907210941669966	-6.922949354007133	-0.8458897241043354	0.13803355131595926	1.643953881373885
-45.86666666666666	0.0	-45.86666666666666	0.0	-2.549243177781886	-6.93171625516386	-0.8458603521480671	0.13798227648693143	1.6433323269949667
-46.93333333333334	0.0	-46.93333333333334	0.0	-2.6077762115685053	-6.9291508288760895	-0.8458839827829603	0.1379754834842578	1.6437562833356072
-48.0	0.0	-48.0	0.0	-2.666320583366545	-6.924597231287635	-0.8458924391591163	0.1380045871544804	1.6436978184405577
-49.06666666666666	0.0	-49.06666666666666	0.0	-2.724876748023921	-6.928409329171924	-0.8458994467906266	0.13798640809203314	1.6440252776563307
-50.133333333333326	0.0	-50.133333333333326	0.0	-2.7834452361194826	-6.931232782246869	-0.8458990926530461	0.13797617029653436	1.6436752502184049
-51.19999999999999	0.0	-51.19999999999999	0.0	-2.842026663187659	-6.929043353486236	-0.8458797867892076	0.13797787659578412	1.6437926092661765
-52.26666666666665	0.0	-52.26666666666665	0.0	-2.9006217394568647	-6.932964997928653	-0.845881181876645	0.13795982631063874	1.6434867202484673
-53.33333333333334	0.0	-53.33333333333334	0.0	-2.9592312801134577	-6.9402957531520375	-0.8458827593985923	0.1379018335990298	1.6434277080498851
-54.400000000000006	0.0	-54.400000000000006	0.0	-3.0178562161030937	-6.932077700855884	-0.8458935552290657	0.13795837756599258	1.6435246344324264
-55.46666666666667	0.0	-55.46666666666667	0.0	-3.076497605481298	-6.934122738066793	-0.8458928791482311	0.13794977094965102	1.6436330434577173
-56.53333333333333	0.0	-56.53333333333333	0.0	-3.135156645325031	-6.931595612294891	-0.8458863222372781	0.13797197430278169	1.6437744838609383
-57.599999999999994	0.0	-57.599999999999994	0.0	-3.193834684217122	-6.93314870948121	-0.8458973434280295	0.1379597619219878	1.6437767911209298
-58.66666666666666	0.0	-58.66666666666666	0.0	-3.25253323531534	-6.933184219822202	-0.8458912694319574	0.13794743149533364	1.6439059869490311
-59.73333333333332	0.0	-59.73333333333332	0.0	-3.311253990017958	-6.933032981612598	-0.8458909796830288	0.13794436230297236	1.643687870393989
-60.80000000000001	0.0	-60.80000000000001	0.0	-3.3699988322376004	-6.940649804880642	-0.84587650296801	0.13789340941719902	1.6435412788986925
-61.866666666666674	0.0	-61.866666666666674	0.0	-3.4287698532951953	-6.932006884071296	-0.8458949825108284	0.13796454814504067	1.6440333047748141
-62.93333333333334	0.0	-62.93333333333334	0.0	-3.4875693674458788	-6.934408333928012	-0.8458942742356682	0.13793221431082922	1.6438636192167164
-64.0	0.0	-64.0	0.0	-3.546399928048623	-6.928906441751466	-0.8458883826741075	0.1379921386819663	1.6441936647099684
-65.06666666666666	0.0	-65.06666666666666	0.0	-3.605264344391439	-6.933206036843429	-0.8458907113969829	0.1379413896935877	1.6437634090129771
-66.13333333333333	0.0	-66.13333333333333	0.0	-3.6641656991839646	-6.936687209256235	-0.8458814179683646	0.13791325185312878	1.6435745249054603
-67.19999999999999	0.0	-67.19999999999999	0.0	-3.723107366729244	-6.9357105729302955	-0.8458767819854975	0.1379351761887723	1.6437782935227847
-68.26666666666665	0.0	-68.26666666666665	0.0	-3.782093031786535	-6.93368971365781	-0.8458856568878846	0.13796058824300808	1.6437709102908107
-69.33333333333334	0.0	-69.33333333333334	0.0	-3.8411267091369456	-6.937337942425469	-0.8458926430565111	0.1379279646598676	1.6434580351044756
-70.4	0.0	-70.4	0.0	-3.9002127638637214	-6.932849420300228	-0.8458857212765354	0.1379655032433628	1.6438583822731059
-71.46666666666667	0.0	-71.46666666666667	0.0	-3.959355932359017	-6.92722486774364	-0.8458840257087274	0.1379991355820346	1.6443346114668649
-72.53333333333333	0.0	-72.53333333333333	0.0	-4.018561344068946	-6.93322866945423	-0.8459037393673554	0.13794636908259317	1.643786642584523
-73.6	0.0	-73.6	0.0	-4.077834543988736	-6.941513149375266	-0.8458870841696471	0.13787505865168254	1.6432361840076783
-74.66666666666666	0.0	-74.66666666666666	0.0	-4.137181515919814	-6.930072230470975	-0.8458885329142928	0.13797822000192245	1.6438467279272886
-75.73333333333332	0.0	-75.73333333333332	0.0	-4.19660870650064	-6.936526355674757	-0.8458817399116196	0.13792324282546567	1.6438605285614705
-76.80000000000001	0.0	-76.80000000000001	0.0	-4.256123050023082	-6.936114289771653	-0.8458908509057267	0.13793073337185774	1.6438493678619748
-77.86666666666667	0.0	-77.86666666666667	0.0	-4.315731994046186	-6.9315298392879585	-0.8458883290168983	0.1379736054819387	1.6439918814093781
-78.93333333333334	0.0	-78.93333333333334	0.0	-4.375443525819141	-6.928493710498966	-0.8459046300770268	0.13799402741572703	1.6441207016370163
-80.0	0.0	-80.0	0.0	-4.435266199525242	-6.932023421223144	-0.8458795292346042	0.1379727255037093	1.6443478969918408
-80.0	0.0	-80.0	0.0	-4.380060909566294	-6.936442328485287	-0.8441236507236026	0.13793305136329143	1.6436831485595869
-78.93333333333334	0.0	-78.93333333333334	0.0	-4.318197730509417	-6.935164750336319	-0.8458791858284654	0.13794283843823357	1.6440556261738044
-77.86666666666666	0.0	-77.86666666666666	0.0	-4.256627645195748	-6.926172907427547	-0.8458951864082231	0.1380113586942704	1.6442394557722242
-76.8	0.0	-76.8	0.0	-4.195328882143961	-6.929825235605984	-0.8458683041464579	0.13798096725102912	1.6446026184949403
-75.73333333333333	0.0	-75.73333333333333	0.0	-4.1342809326230165	-6.92966788047454	-0.8458819116146884	0.1379925679396392	1.644461585886508
-74.66666666666667	0.0	-74.66666666666667	0.0	-4.073464498932334	-6.929441833383992	-0.8458790463197217	0.13798629004617308	1.64413279597195
-73.6	0.0	-73.6	0.0	-4.012861444010001	-6.931217425553623	-0.8459022906227095	0.13796268087416352	1.6442807288974735
-72.53333333333333	0.0	-72.53333333333333	0.0	-3.9524547423527756	-6.934169355450067	-0.8458869553923449	0.13793641030458187	1.6438080410795173
-71.46666666666667	0.0	-71.46666666666667	0.0	-3.8922284322315646	-6.929896889443037	-0.8458913445520505	0.13798855438039753	1.6439873634723723
-70.4	0.0	-70.4	0.0	-3.832167569186148	-6.927627243154782	-0.8458772970947053	0.13799200990466434	1.6445322416994683
-69.33333333333333	0.0	-69.33333333333333	0.0	-3.7722581807828357	-6.92781809111615	-0.8458904216480537	0.1379964741844626	1.6444763630818988
-68.26666666666667	0.0	-68.26666666666667	0.0	-3.712487222618799	-6.9445467777383065	-0.8458815789399919	0.13785260847538988	1.6433871539312372
-67.2	0.0	-67.2	0.0	-3.652842535556789	-6.9337275419902324	-0.8458799799551602	0.1379418296827023	1.6435893664894987
-66.13333333333333	0.0	-66.13333333333333	0.0	-3.5933128041739804	-6.931536396198912	-0.8458787136450259	0.13795974045910403	1.6441370456229112
-65.06666666666666	0.0	-65.06666666666666	0.0	-3.533887516408651	-6.928649348599724	-0.8458864617460212	0.13797483959774834	1.64419632610754
-64.0	0.0	-64.0	0.0	-3.474556924388418	-6.927663043244699	-0.8459008633409472	0.1379902499482054	1.6446647535430932
-62.93333333333334	0.0	-62.93333333333334	0.0	-3.4153120064237723	-6.925781295652558	-0.8458940381439483	0.13801160551743238	1.6443244809857842
-61.86666666666667	0.0	-61.86666666666667	0.0	-3.356144430150613	-6.929011609881327	-0.845876245413406	0.1379730689098475	1.6439987602635866
-60.8	0.0	-60.8	0.0	-3.2970465168055205	-6.934245527224124	-0.8458951864082228	0.13795545861381678	1.6438870244913317
-59.733333333333334	0.0	-59.733333333333334	0.0	-3.2380112066174873	-6.935746748620676	-0.8458687334041302	0.1379425486893044	1.6438665918261015
-58.66666666666667	0.0	-58.66666666666667	0.0	-3.179032025299821	-6.940537918868204	-0.8459003482317398	0.13788756078140574	1.6434469709879562
-57.6	0.0	-57.6	0.0	-3.1201030516259602	-6.935695924512204	-0.8458815789399919	0.13792787880833304	1.6432084968877763
-56.53333333333333	0.0	-56.53333333333333	0.0	-3.061218886072913	-6.930396459522757	-0.8459012711357364	0.13797732929225115	1.6440399797316274
-55.46666666666667	0.0	-55.46666666666667	0.0	-3.002374620516045	-6.935684817469922	-0.8458868910036947	0.1379306045945558	1.6437868572133594
-54.4	0.0	-54.4	0.0	-2.943565808958942	-6.931310628125848	-0.845889294846662	0.13797142699924878	1.6438005290702409
-53.33333333333333	0.0	-53.33333333333333	0.0	-2.884788439282071	-6.9267551525350735	-0.8458828023243599	0.1380061754078702	1.6441491721521713
-52.266666666666666	0.0	-52.266666666666666	0.0	-2.826038905993961	-6.927908331810439	-0.8458924713534421	0.13800458715448038	1.644167855592385
-51.2	0.0	-51.2	0.0	-2.7673139839686236	-6.933990634017954	-0.845888200239597	0.13794141115647116	1.6439018660753708
-50.13333333333333	0.0	-50.13333333333333	0.0	-2.7086108031529483	-6.932720095694818	-0.8458928576853473	0.13795394548051987	1.6438692317607895
-49.06666666666666	0.0	-49.06666666666666	0.0	-2.649926824227785	-6.934610750383671	-0.8458808492019482	0.1379476139298446	1.6437758038282824
-48.0	0.0	-48.0	0.0	-2.591259815206436	-6.931456736706265	-0.845892085021536	0.13796623298140667	1.6437740975290323
-46.93333333333334	0.0	-46.93333333333334	0.0	-2.532607828954294	-6.9373720576790205	-0.8458784882847471	0.1379077251605903	1.6437024973491927
-45.86666666666667	0.0	-45.86666666666667	0.0	-2.473969181613334	-6.9308163379155046	-0.8458885973029442	0.1379665549246614	1.6438563540306026
-44.8	0.0	-44.8	0.0	-2.415342431915193	-6.937999095824713	-0.8458810101735758	0.13791841367664548	1.6434675002361623
-43.733333333333334	0.0	-43.733333333333334	0.0	-2.356726361366558	-6.936933377800204	-0.8458824374553378	0.13793475766254126	1.6435644695444716
-42.666666666666664	0.0	-42.666666666666664	0.0	-2.29811995529058	-6.936281077840463	-0.8458872129469487	0.13793328745501146	1.6435147185801815
-41.6	0.0	-41.6	0.0	-2.2395223847080508	-6.932983305768404	-0.8458876422046218	0.13795243234722293	1.6436641431761188
-40.53333333333333	0.0	-40.53333333333333	0.0	-2.180932989042046	-6.929988825705128	-0.8458768785684737	0.13796878706456034	1.643897895441897
-39.46666666666667	0.0	-39.46666666666667	0.0	-2.122351259629783	-6.931142123026351	-0.8458886724230363	0.1379564137121391	1.6439803129150943
-38.4	0.0	-38.4	0.0	-2.0637768240253935	-6.935496985043703	-0.8458944888645044	0.13791849952818017	1.6437423968498894
-37.333333333333336	0.0	-37.333333333333336	0.0	-2.0052094310773465	-6.935121524088657	-0.8458832745077998	0.13794050971535812	1.6436812169000583
-36.266666666666666	0.0	-36.266666666666666	0.0	-1.946648936764245	-6.933847143909346	-0.8458847661782133	0.13794802172463375	1.6434940068974653
-35.2	0.0	-35.2	0.0	-1.8880952907727155	-6.935863249153102	-0.8458977190284931	0.13792780368824015	1.6435593399152801
-34.13333333333333	0.0	-34.13333333333333	0.0	-1.8295485238011158	-6.934303863341873	-0.8458924069647908	0.1379449525322726	1.6435218764518778
-33.06666666666667	0.0	-33.06666666666667	0.0	-1.771008735572786	-6.937558924275482	-0.845887084169647	0.1379304543543704	1.6431515665889074
-32.0	0.0	-32.0	0.0	-1.7124760835425616	-6.934873756559856	-0.845895422499943	0.1379357342237472	1.6436034568726126
-30.933333333333337	0.0	-30.933333333333337	0.0	-1.6539507722802793	-6.924504447241629	-0.8458990068015118	0.13802176819283823	1.644150502850957
-29.866666666666667	0.0	-29.866666666666667	0.0	-1.5954330435149888	-6.93337337221577	-0.8458873846500177	0.13796407596160049	1.6434182751125228
-28.799999999999997	0.0	-28.799999999999997	0.0	-1.536923166823607	-6.930824601125708	-0.8458844549664003	0.137968872916095	1.6435259007425609
-27.733333333333334	0.0	-27.733333333333334	0.0	-1.478421430947724	-6.926293593222284	-0.8458826842785	0.13800679783149572	1.644103831810471
-26.666666666666664	0.0	-26.666666666666664	0.0	-1.4199281357222944	-6.92531783687457	-0.8458992214303485	0.1380221008675348	1.6439762671615268
-25.6	0.0	-25.6	0.0	-1.3614435845999364	-6.926238734091687	-0.8458830276846377	0.1380141703320279	1.6440200514441636
-24.53333333333333	0.0	-24.53333333333333	0.0	-1.302968077754553	-6.926714630610751	-0.8458852490930951	0.13800953434916063	1.6438217129363992
-23.46666666666667	0.0	-23.46666666666667	0.0	-1.2445019057480127	-6.930701790505492	-0.8459008418780636	0.1379726396521747	1.6434657939369135
-22.4	0.0	-22.4	0.0	-1.1860453437435996	-6.921764956967504	-0.8458787351079092	0.13805114014910663	1.6439157847554153
-21.333333333333336	0.0	-21.333333333333336	0.0	-1.1275986462499692	-6.925479624091487	-0.8458823945295708	0.13802601784379995	1.6439847664634504
-20.266666666666666	0.0	-20.266666666666666	0.0	-1.0691620423793182	-6.92162241122578	-0.8458810316364588	0.13805853411252217	1.6441591953188333
-19.200000000000003	0.0	-19.200000000000003	0.0	-1.010735731603509	-6.907617139177898	-0.8458836179139382	0.1381580682354261	1.6445618819417822
-18.133333333333333	0.0	-18.133333333333333	0.0	-0.9523198799918556	-6.920779424276289	-0.845896441986916	0.13805941409075165	1.644356460682415
-17.06666666666667	0.0	-17.06666666666667	0.0	-0.8939146169143085	-6.914461244977511	-0.8458913552834924	0.13811222351596034	1.644229969177654
-16.0	0.0	-16.0	0.0	-0.8355200321937496	-6.915058739463867	-0.8458903357965191	0.1380952141806716	1.6441817098837774
-14.933333333333337	0.0	-14.933333333333337	0.0	-0.7771361736911329	-6.911384240126626	-0.8458836286453806	0.13812410322205784	1.6440123891947025
-13.866666666666674	0.0	-13.866666666666674	0.0	-0.7187630453071814	-6.905231657706613	-0.8458810745622263	0.13818257884854876	1.6443115281355045
-12.799999999999997	0.0	-12.799999999999997	0.0	-0.6604006053843748	-6.907835513287547	-0.8458862793115103	0.13815440881376462	1.6439408426720703
-11.733333333333334	0.0	-11.733333333333334	0.0	-0.6020487654929477	-6.902201796079649	-0.8458654495829329	0.13821240152537353	1.6442983284620627
-10.666666666666671	0.0	-10.666666666666671	0.0	-0.5437073895846136	-6.887697962707576	-0.8458847232524466	0.13831840670769643	1.6452056396738317
-9.599999999999994	0.0	-9.599999999999994	0.0	-0.4853762934977529	-6.8836932676368985	-0.8458990819216049	0.13834899131689066	1.6453612670431415
-8.533333333333331	0.0	-8.533333333333331	0.0	-0.4270552447977797	-6.881463499386457	-0.8458643979016344	0.13837940422301565	1.6449923629990513
-7.466666666666669	0.0	-7.466666666666669	0.0	-0.36874396293640566	-6.8770126982792155	-0.8458791858284652	0.13841309021889658	1.6445443360344023
-6.400000000000006	0.0	-6.400000000000006	0.0	-0.31044211971353775	-6.8566735468331705	-0.845870826035286	0.13857822564566144	1.6458601073848202
-5.333333333333329	0.0	-5.333333333333329	0.0	-0.2521493400255208	-6.855521548016408	-0.8458869231980198	0.13857973877895854	1.645203085590677
-4.266666666666666	0.0	-4.266666666666666	0.0	-0.1938652028834597	-6.845120538019039	-0.8458702787317536	0.1386831254894768	1.645589492616381
-3.200000000000003	0.0	-3.200000000000003	0.0	-0.1355892426853284	-6.839291562227186	-0.8458845622808185	0.1387148690943879	1.6456487623695673
-2.13333333333334	0.0	-2.13333333333334	0.0	-0.07732095072560852	-6.830789427203104	-0.8458591073008157	0.1387901394273311	1.645579716272881
-1.0666666666666629	0.0	-1.0666666666666629	0.0	-0.01905977692616606	-6.829821944797037	-0.8458754942124788	0.1388050454000225	1.6449286933547174
0.0	0.0	0.0	0.0	0.0391948682279	-6.82004841293448	-0.845864837890749	0.13888250494709747	1.6450821744356632
1.0666666666666629	0.0	1.0666666666666629	0.0	0.0974436115637267	-6.814525701760792	-0.8458574117330078	0.13893420903379833	1.6449126391177507
2.1333333333333258	0.0	2.1333333333333258	0.0	0.1556871149237345	-6.811466768657931	-0.8458622838075953	0.13893798650131983	1.6452313414769961
3.200000000000003	0.0	3.200000000000003	0.0	0.2139260727125422	-6.8010846889239405	-0.8458493416887569	0.13903073835299187	1.6451133063483911
4.266666666666666	0.0	4.266666666666666	0.0	0.27216120930401666	-6.800475947886557	-0.8458611892005298	0.13903165052554672	1.6447311704365313
5.333333333333329	0.0	5.333333333333329	0.0	0.33039327632474647	-6.790528824221073	-0.8458741849765765	0.13912019565202452	1.6454063712931213
6.400000000000006	0.0	6.400000000000006	0.0	0.38862304983020113	-6.786488017848663	-0.8458604272681595	0.1391585927508655	1.6453072020392392
7.466666666666669	0.0	7.466666666666669	0.0	0.44685132738985966	-6.7833472896962315	-0.8458495563175936	0.1391825882547807	1.644912853746587
8.533333333333331	0.0	8.533333333333331	0.0	0.5050789250975919	-6.7709358943136	-0.8458458217758394	0.1392908792342118	1.6456980089560906
9.599999999999994	0.0	9.599999999999994	0.0	0.5633066745235548	-6.769058589538385	-0.845857336612915	0.13931544350454356	1.6453181588413412
10.666666666666671	0.0	10.666666666666671	0.0	0.621535419623892	-6.76339595109477	-0.8458553298332946	0.13932620714069158	1.645366278626473
11.733333333333334	0.0	11.733333333333334	0.0	0.6797660136245051	-6.7704639469651315	-0.8458618223555965	0.1392795897574145	1.6446092612574272
12.799999999999997	0.0	12.799999999999997	0.0	0.7379993158951843	-6.767086096874189	-0.8458429457494312	0.13931874878862485	1.6444188103594044
13.86666666666666	0.0	13.86666666666666	0.0	0.7962361888303604	-6.759659928401561	-0.8458762346819643	0.13937003434909456	1.644283787358393
14.933333333333337	0.0	14.933333333333337	0.0	0.8544774947527677	-6.751915443901594	-0.845867746111483	0.13942642807587202	1.6448928718019136
16.0	0.0	16.0	0.0	0.9127240928562825	-6.754190155430391	-0.8458677568429246	0.13944061504196142	1.6447374268671149
17.066666666666663	0.0	17.066666666666663	0.0	0.9709768362042303	-6.756108057250024	-0.845846540782441	0.13940639247398937	1.6441027586662895
18.133333333333326	0.0	18.133333333333326	0.0	1.0292365687994187	-6.754172148071009	-0.8458599443532779	0.13941826144864516	1.6442287457932856
19.200000000000003	0.0	19.200000000000003	0.0	1.0875041227421884	-6.74813512181654	-0.8458283402571105	0.13948016040507738	1.6441213347920842
20.266666666666666	0.0	20.266666666666666	0.0	1.1457803154927464	-6.742509496115781	-0.8458449203347266	0.1395177311828981	1.6441864746439463
21.33333333333333	0.0	21.33333333333333	0.0	1.2040659472540736	-6.739641432437175	-0.8458438579219858	0.13951708729638868	1.6442241098104173
22.400000000000006	0.0	22.400000000000006	0.0	1.2623617984916657	-6.73996649854142	-0.8458658251833959	0.13953750923017705	1.6441639600790032
23.46666666666667	0.0	23.46666666666667	0.0	1.3206686276063948	-6.736743063166864	-0.8458472812519277	0.1395688235774151	1.6438320687777574
24.53333333333333	0.0	24.53333333333333	0.0	1.3789871687767694	-6.737131992081398	-0.8458480646471801	0.13955151376175534	1.64383319557915
25.599999999999994	0.0	25.599999999999994	0.0	1.4373181299868607	-6.737191304760346	-0.8458397263168844	0.1395663982715631	1.6431505256390502
26.66666666666667	0.0	26.66666666666667	0.0	1.4956621912561816	-6.732415179994258	-0.845855168861667	0.13959147765110244	1.6435692235731982
27.733333333333334	0.0	27.733333333333334	0.0	1.5540200030877847	-6.7312307507603055	-0.8458391575504676	0.13958839772729945	1.6432883173520514
28.799999999999997	0.0	28.799999999999997	0.0	1.6123921851508696	-6.720882228244896	-0.8458509084792635	0.13969207418674673	1.6436371750628183
29.86666666666666	0.0	29.86666666666666	0.0	1.670779325214162	-6.719381081968432	-0.8458343069387637	0.1397058748209306	1.6437025080806347
30.933333333333337	0.0	30.933333333333337	0.0	1.7291819783463485	-6.715738218921687	-0.8458412394501813	0.13974413241102782	1.6437088181684256
32.0	0.0	32.0	0.0	1.7876006663998416	-6.713248739047699	-0.8458328903884434	0.13975576529396352	1.643627538228062
33.06666666666666	0.0	33.06666666666666	0.0	1.8460358777941588	-6.708669536239048	-0.8458569717438934	0.13978168172596478	1.6435594150353734
34.133333333333326	0.0	34.133333333333326	0.0	1.9044880676151767	-6.701232443158642	-0.8458425916118508	0.13984088709049983	1.6438532097181482
35.2	0.0	35.2	0.0	1.9629576580465535	-6.7039120412559585	-0.8458458110443976	0.13982375970935104	1.6433754459282097
36.266666666666666	0.0	36.266666666666666	0.0	2.021445039149582	-6.697580973495553	-0.8458269451696736	0.13987065611011548	1.6436282250403387
37.33333333333333	0.0	37.33333333333333	0.0	2.079950570007767	-6.693195376628829	-0.845839533150931	0.13992433478211183	1.6435992179530934
38.39999999999999	0.0	38.39999999999999	0.0	2.1384745802523812	-6.689610001915924	-0.8458258398311659	0.13993385357100827	1.6436762589739362
39.46666666666667	0.0	39.46666666666667	0.0	2.1970173719853	-6.688955534204935	-0.8458470236973236	0.13995925489380212	1.6436233744286362
40.53333333333333	0.0	40.53333333333333	0.0	2.2555792221153697	-6.684095564683884	-0.8458335879321618	0.13999039753797113	1.6440908682287496
41.599999999999994	0.0	41.599999999999994	0.0	2.3141603851246044	-6.684644295498598	-0.8458545035122738	0.13996696006903073	1.6436751750983118
42.66666666666667	0.0	42.66666666666667	0.0	2.3727610962804784	-6.687639805780282	-0.8458431389153835	0.13994772932528482	1.6433502055770426
43.733333333333334	0.0	43.733333333333334	0.0	2.4313815753105863	-6.68375491652611	-0.8458399516771629	0.14000683810684308	1.6434350054303237
44.8	0.0	44.8	0.0	2.490022030555963	-6.682777765090963	-0.8458217189575062	0.1399868454307279	1.643664626091001
45.86666666666666	0.0	45.86666666666666	0.0	2.548682663619322	-6.68172677060463	-0.8458539562087407	0.14000806149121098	1.6437146989985447
46.93333333333334	0.0	46.93333333333334	0.0	2.607363674524507	-6.686371048876488	-0.8458173297978009	0.1399683873507932	1.6432973746889505
48.0	0.0	48.0	0.0	2.6660652674034075	-6.688056990581137	-0.8458463905422563	0.139950015122393	1.643101375635504
49.06666666666666	0.0	49.06666666666666	0.0	2.724787656726653	-6.691182179605804	-0.8458425486860831	0.13993676179174216	1.6426309306888889
50.133333333333326	0.0	50.133333333333326	0.0	2.783531074094322	-6.679671238043618	-0.8458366571245227	0.14002217333720768	1.6434864519624213
51.19999999999999	0.0	51.19999999999999	0.0	2.8422957756029708	-6.685824507275912	-0.8458291451152475	0.13998300357455556	1.6435095138308982
52.26666666666665	0.0	52.26666666666665	0.0	2.901082049805243	-6.686959797237758	-0.8458387712185618	0.13996905270018614	1.6428698125838568
53.33333333333334	0.0	53.33333333333334	0.0	2.9598902262783517	-6.685924932108481	-0.8458198302237452	0.13997851783187357	1.6430321471043066
54.400000000000006	0.0	54.400000000000006	0.0	3.0187206848176857	-6.682821442059178	-0.8458412287187397	0.13999016144625115	1.6436044870910278
55.46666666666667	0.0	55.46666666666667	0.0	3.0775738652718507	-6.690326787109568	-0.8458470344287656	0.13992779030637859	1.642965161444452
56.53333333333333	0.0	56.53333333333333	0.0	3.13645027803539	-6.675200068659799	-0.8458511338395411	0.14005766221531477	1.6437256128748785
57.599999999999994	0.0	57.599999999999994	0.0	3.195350515215478	-6.6830097144745135	-0.8458492236428975	0.14000884488646403	1.6436101103665421
58.66666666666666	0.0	58.66666666666666	0.0	3.2542752624888656	-6.682734399334558	-0.8458369683363355	0.13999029022355292	1.6433714752947346
59.73333333333332	0.0	59.73333333333332	0.0	3.3132253116653385	-6.684986392401014	-0.8458355410545734	0.1399896463370436	1.643219013700762
60.80000000000001	0.0	60.80000000000001	0.0	3.372201573973985	-6.689016274165645	-0.8458473671034619	0.13994505719627104	1.6428315764566424
61.866666666666674	0.0	61.866666666666674	0.0	3.431205094088528	-6.688005576243362	-0.8458236076912674	0.13995135655262084	1.6428119271866666
62.93333333333334	0.0	62.93333333333334	0.0	3.490237064908026	-6.678956953275912	-0.8458528830645584	0.1400343964494436	1.643463314973852
64.0	0.0	64.0	0.0	3.549298843109189	-6.6807849256130805	-0.8458261081172115	0.1400061512945667	1.6436767096944924
65.06666666666666	0.0	65.06666666666666	0.0	3.6083919654866037	-6.683029921779463	-0.8458426989262687	0.1399958813047425	1.643430337253131
66.13333333333333	0.0	66.13333333333333	0.0	3.667518166097146	-6.674864035022008	-0.8458389214587478	0.1400578446498257	1.6436691332965663
67.19999999999999	0.0	67.19999999999999	0.0	3.7266793942248477	-6.676401335525972	-0.8458358308035031	0.14004406547852544	1.6439215046139066
68.26666666666665	0.0	68.26666666666665	0.0	3.7858778331825	-6.675077944851856	-0.8458503933700556	0.14005312281542381	1.6439780056551028
69.33333333333334	0.0	69.33333333333334	0.0	3.845115919966272	-6.6841044610491585	-0.8458395331509311	0.13999375647926177	1.6435453890409113
70.4	0.0	70.4	0.0	3.9043963657796077	-6.6830409858959845	-0.8458365712729881	0.14000201968946496	1.643346310063661
71.46666666666667	0.0	71.46666666666667	0.0	3.9637221774427083	-6.675335456529834	-0.8458354015458295	0.14006233039250746	1.6440843649750048
72.53333333333333	0.0	72.53333333333333	0.0	4.023096679703835	-6.676663150512115	-0.8458370756507538	0.14004129676653543	1.6439128658032394
73.6	0.0	73.6	0.0	4.082523538468745	-6.684612916762708	-0.8458357878777356	0.1399839372099939	1.6434832217984325
74.66666666666666	0.0	74.66666666666666	0.0	4.142006784964515	-6.674288196585257	-0.8458431281839421	0.1400619655234855	1.6437428261075613
75.73333333333332	0.0	75.73333333333332	0.0	4.201550840854042	-6.678981506814803	-0.8458241657262415	0.1400526935577509	1.6436924956454138
76.80000000000001	0.0	76.80000000000001	0.0	4.261160544317486	-6.678980036607271	-0.8458294348641764	0.140035222770464	1.643996678363874
77.86666666666667	0.0	77.86666666666667	0.0	4.320841177116942	-6.681754007003974	-0.845827170529952	0.14001647494159994	1.6433145235329834
78.93333333333334	0.0	78.93333333333334	0.0	4.380598492660622	-6.676871919981334	-0.8458344464475076	0.14006046312163037	1.6437967408712786
80.0	0.0	80.0	0.0	4.440438745082791	-6.681558083070623	-0.8458512733482852	0.14000153677458296	1.6433883558527216
