Hysterese	V-MOKE
Charge	2020_0446
Sample	1
Sample State	bFC
User	Meike Reginka
Sample Angle	80.0
Magnetic Field Angle	90.0
Detektor Averages	300
Hysteresus Points	150
Magnetic Field [kA/m]	80
Hysteresis Averages	100
Polarization	p-polarization
Measurement Method	Scan Both Angles
Max Voltage Correction	No
Training Effect Elimination	No
Magnetic field [kA/m]	Magnetic field transversal [kA/m]	Magnetic field longitudinal [kA/m]	Magnetic field transversal [V]	Magnetic field longitudinal [V]	Detector diff transversal [V]	Detector diff longitudinal [V]	Detector raw transversal [V]	Detector raw longitudinal [V]
80.0	80.0	0.0	-4.342489581062203	0.0	-4.877226886880292	-0.8425028703337053	0.1544960015979421	1.8689275809181134
78.93333333333334	78.93333333333334	0.0	-4.283945631442396	0.0	-4.876897742828153	-0.8453900789045204	0.15449954297374358	1.868617077380421
77.86666666666666	77.86666666666666	0.0	-4.225481927972428	0.0	-4.879643564652956	-0.8453714276586329	0.1544854955163978	1.8685489756506144
76.8	76.8	0.0	-4.167093947216811	0.0	-4.884223711828485	-0.8453855931618393	0.15445075783921838	1.86826583728957
75.73333333333333	75.73333333333333	0.0	-4.108777426500553	0.0	-4.884955821521058	-0.8453803991439967	0.1544429668124552	1.8680884572876864
74.66666666666667	74.66666666666667	0.0	-4.050528351430542	0.0	-4.883228274016471	-0.8453822556834316	0.15447089002407743	1.8682414339908657
73.6	73.6	0.0	-3.992342943813344	0.0	-4.8793075310151695	-0.8453785318731196	0.15448036588720662	1.8683587179185435
72.53333333333333	72.53333333333333	0.0	-3.934217649963252	0.0	-4.884447623362111	-0.8453806030413914	0.15444999590684888	1.867909982678734
71.46666666666667	71.46666666666667	0.0	-3.876149129394453	0.0	-4.879936232534343	-0.8453740890562043	0.15448268387864036	1.86843801254217
70.4	70.4	0.0	-3.818134243891202	0.0	-4.886317995625919	-0.8453928583479526	0.154441947325482	1.8680318811263958
69.33333333333333	69.33333333333333	0.0	-3.760170046949834	0.0	-4.881658188957744	-0.845368809186828	0.15448234047250195	1.8680170502737983
68.26666666666667	68.26666666666667	0.0	-3.7022537735865026	0.0	-4.87981122196855	-0.8453946826930622	0.15449321142306813	1.868363117809692
67.2	67.2	0.0	-3.6443828305044987	0.0	-4.886874742827669	-0.8453995762305335	0.15443066858012652	1.86810421104428
66.13333333333333	66.13333333333333	0.0	-3.586554786615013	0.0	-4.884111922399022	-0.8454102218208215	0.15445135879996047	1.8680047949672365
65.06666666666666	65.06666666666666	0.0	-3.5287673639052177	0.0	-4.880759194613386	-0.8453759670585244	0.15447779034116912	1.8681497874777009
64.0	64.0	0.0	-3.4710184286475108	0.0	-4.884988713390242	-0.8453917637408869	0.15443185977016882	1.8682341902676347
62.93333333333334	62.93333333333334	0.0	-3.4133059829438133	0.0	-4.886020369818414	-0.8453814078995278	0.15443155928979777	1.8676655204340167
61.86666666666667	61.86666666666667	0.0	-3.3556281565987605	0.0	-4.879142814114637	-0.8453920212954898	0.15448489455565584	1.8683386715852188
60.8	60.8	0.0	-3.2979831993156687	0.0	-4.886736253570948	-0.8453831034673361	0.15442107467113722	1.867782096086536
59.733333333333334	59.733333333333334	0.0	-3.2403694732091295	0.0	-4.885307737692749	-0.845394006612228	0.15443033590543018	1.867797753260155
58.66666666666667	58.66666666666667	0.0	-3.1827854456281033	0.0	-4.886837182781293	-0.8453766216764752	0.15442939153854962	1.8676280891649417
57.6	57.6	0.0	-3.1252296822833725	0.0	-4.88128522842864	-0.845408139921108	0.15447505382350457	1.8679887085359455
56.53333333333333	56.53333333333333	0.0	-3.0677008406732234	0.0	-4.890452144079302	-0.8454023449425239	0.1543872277036289	1.8675063087631387
55.46666666666667	55.46666666666667	0.0	-3.0101976638012173	0.0	-4.885643953765044	-0.8454033322351713	0.15443009981371003	1.867825901832055
54.4	54.4	0.0	-2.9527189741799083	0.0	-4.884760219530963	-0.8453793367312565	0.15444533846109798	1.8678491997922508
53.33333333333333	53.33333333333333	0.0	-2.895263668114395	0.0	-4.881631843268068	-0.8453997050078357	0.15446553503460805	1.868167751911313
52.266666666666666	52.266666666666666	0.0	-2.837830710259539	0.0	-4.883129276465658	-0.8453773406830769	0.15447483919466812	1.8681000365134117
51.2	51.2	0.0	-2.7804191284447413	0.0	-4.883701723766794	-0.8453856575504901	0.15447222072286337	1.8679537025727202
50.13333333333333	50.13333333333333	0.0	-2.7230280087601257	0.0	-4.881371283860614	-0.8453744753881106	0.15448289850747676	1.8680291768030577
49.06666666666666	49.06666666666666	0.0	-2.665656490897999	0.0	-4.878828178971843	-0.8453812040021337	0.15450178584508445	1.8683448743585922
48.0	48.0	0.0	-2.6083037637434527	0.0	-4.88461190027353	-0.8453973118963088	0.15444278437794426	1.8680012535914352
46.93333333333334	46.93333333333334	0.0	-2.5509690612079656	0.0	-4.885282948062136	-0.8453967860556599	0.15442771743362538	1.867432251083121
45.86666666666667	45.86666666666667	0.0	-2.4936516582998802	0.0	-4.882068527098709	-0.8453740461304377	0.15447369093039304	1.8678417736345108
44.8	44.8	0.0	-2.4363508674256087	0.0	-4.8844735290626735	-0.8453995011104404	0.15443446751053164	1.8677989766445222
43.733333333333334	43.733333333333334	0.0	-2.3790660349154367	0.0	-4.883731524980738	-0.8453895745267545	0.1544568103724062	1.8678115324314555
42.666666666666664	42.666666666666664	0.0	-2.3217965377677903	0.0	-4.8876757698396345	-0.8453956485228261	0.15441424947413815	1.8673429440242735
41.6	41.6	0.0	-2.264541780605829	0.0	-4.889427441625431	-0.8453903471905657	0.15441002128606013	1.8672281605225403
40.53333333333333	40.53333333333333	0.0	-2.207301192840227	0.0	-4.885850576945901	-0.8454073779887383	0.15444342826445356	1.8675690018462652
39.46666666666667	39.46666666666667	0.0	-2.1500742260320136	0.0	-4.884801267295932	-0.8453871706837869	0.15445080076498566	1.8675667697063665
38.4	38.4	0.0	-2.092860351449327	0.0	-4.883404151616496	-0.8453930407824634	0.15445272169307186	1.867600155221877
37.333333333333336	37.333333333333336	0.0	-2.0356590578119564	0.0	-4.889091386524761	-0.8453707086520308	0.15440427996468492	1.8674177743681033
36.266666666666666	36.266666666666666	0.0	-1.978469849217529	0.0	-4.887170952084854	-0.845401894221967	0.15442199757513397	1.8672039074640208
35.2	35.2	0.0	-1.9212922432432114	0.0	-4.883077357750119	-0.8453753875606655	0.15445247486990993	1.8674709379308911
34.13333333333333	34.13333333333333	0.0	-1.8641257692167834	0.0	-4.880021483108179	-0.8453779845695863	0.154487845702157	1.867628615005589
33.06666666666667	33.06666666666667	0.0	-1.8069699666509589	0.0	-4.887013167695741	-0.8453962172892426	0.15442080638509156	1.867367604877583
32.0	32.0	0.0	-1.7498243838348049	0.0	-4.888507241952042	-0.8453970543417051	0.15440500970272894	1.867045629428581
30.933333333333337	30.933333333333337	0.0	-1.6926885765761346	0.0	-4.882359467217959	-0.845371438390075	0.1544672198709741	1.8675219337424318
29.866666666666667	29.866666666666667	0.0	-1.6355621070887316	0.0	-4.881169114228121	-0.8453984386977001	0.15447519333224813	1.8674853180629334
28.799999999999997	28.799999999999997	0.0	-1.5784445430182759	0.0	-4.883975193098754	-0.8453972689705419	0.15443763328586943	1.8672519199347355
27.733333333333334	27.733333333333334	0.0	-1.5213354566008253	0.0	-4.878809656503253	-0.8454042551391678	0.15449369433795027	1.8675471633621568
26.666666666666664	26.666666666666664	0.0	-1.4642344239477312	0.0	-4.8854597271032745	-0.8453744753881104	0.15443658160457077	1.8671222626546355
25.6	25.6	0.0	-1.4071410244508409	0.0	-4.883180025454034	-0.8453970436102632	0.15445168074321505	1.8673758895506705
24.53333333333333	24.53333333333333	0.0	-1.3500548403018546	0.0	-4.887572565563622	-0.8453850029325386	0.1544202161557913	1.8668938761097675
23.46666666666667	23.46666666666667	0.0	-1.292975456119707	0.0	-4.87975238147304	-0.8453915061862824	0.1544750323606209	1.867213587224545
22.4	22.4	0.0	-1.2359024586798253	0.0	-4.88870987303653	-0.8453710842524947	0.15440790719202108	1.8670294356828703
21.333333333333336	21.333333333333336	0.0	-1.1788354367391438	0.0	-4.88691186288494	-0.8453823093406413	0.15442249122145782	1.8669428329473627
20.266666666666666	20.266666666666666	0.0	-1.121773980950723	0.0	-4.882801280677789	-0.8453843268517036	0.15445384849446328	1.8670978271616059
19.200000000000003	19.200000000000003	0.0	-1.0647176838618537	0.0	-4.882603435816353	-0.845381204002133	0.15445604844003685	1.866916068731457
18.133333333333333	18.133333333333333	0.0	-1.0076661399894944	0.0	-4.886206538871148	-0.8453742178335072	0.1544166855114319	1.8670417339151997
17.06666666666667	17.06666666666667	0.0	-0.9506189459669213	0.0	-4.882618878361134	-0.8453968075185433	0.15446206877889923	1.8672658922719882
16.0	16.0	0.0	-0.8935757007554419	0.0	-4.880522426812455	-0.8453628532366172	0.15447496797196994	1.8672559442254189
14.933333333333337	14.933333333333337	0.0	-0.8365360059150497	0.0	-4.883368330063696	-0.845387320923972	0.15444311705264074	1.8669679659841123
13.866666666666674	13.866666666666674	0.0	-0.77949946592787	0.0	-4.883543338416939	-0.8453680365230168	0.15445758303621734	1.8668404335294928
12.799999999999997	12.799999999999997	0.0	-0.7224656885682738	0.0	-4.876864174878134	-0.845409910609008	0.15449166609544585	1.8672852088672682
11.733333333333334	11.733333333333334	0.0	-0.6654342853135198	0.0	-4.881151289303257	-0.8453632932257312	0.15446945201087303	1.866944431932195
10.666666666666671	10.666666666666671	0.0	-0.6084048717887804	0.0	-4.881271824857809	-0.8453867414261136	0.15448048393306676	1.8672223333496312
9.599999999999994	9.599999999999994	0.0	-0.551377068240432	0.0	-4.8794821101107395	-0.8453945431843191	0.15448025857278855	1.8669501303278029
8.533333333333331	8.533333333333331	0.0	-0.49435050003146297	0.0	-4.886694980445702	-0.8453888125943853	0.15443214951909806	1.8663767493912256
7.466666666666669	7.466666666666669	0.0	-0.4373247981528619	0.0	-4.886771667328967	-0.8453837688167286	0.1544303144425464	1.8662566752886736
6.400000000000006	6.400000000000006	0.0	-0.3802995997448602	0.0	-4.886483796402078	-0.8453824595808267	0.15443426361313697	1.8660017284252952
5.333333333333329	5.333333333333329	0.0	-0.3232745486218845	0.0	-4.883421418506392	-0.8453818478886425	0.154457668887752	1.8662243629173458
4.266666666666666	4.266666666666666	0.0	-0.2662492957950903	0.0	-4.883124876574511	-0.845385185367049	0.1544664150128374	1.866327170130006
3.200000000000003	3.200000000000003	0.0	-0.20922349998633066	0.0	-4.88144815317839	-0.8453813435108765	0.1544709651441702	1.8663954757572054
2.13333333333334	2.13333333333334	0.0	-0.15219682812743746	0.0	-4.883561249193338	-0.8454033966238218	0.15443841668112246	1.8661156963374492
1.0666666666666629	1.0666666666666629	0.0	-0.09516895583866962	0.0	-4.877059959302742	-0.8453900681730788	0.15449877030993234	1.8664688251620618
0.0	0.0	0.0	-0.0381395678802	0.0	-4.880019250968284	-0.8453897784241491	0.15449425237292508	1.8663180269415724
-1.0666666666666629	-1.0666666666666629	0.0	0.01889164142950607	0.0	-4.887294331471491	-0.8453945539157602	0.15441178124251884	1.8657921540979436
-2.1333333333333258	-2.1333333333333258	0.0	0.07592496783454125	0.0	-4.881642070332125	-0.8453845307490987	0.15447180219663223	1.8656639133681643
-3.200000000000003	-3.200000000000003	0.0	0.13296069680778344	0.0	-4.887641064356774	-0.8453856575504899	0.15440867985583215	1.8654934229519298
-4.266666666666666	-4.266666666666666	0.0	0.1899991032686266	0.0	-4.886649908390049	-0.8453931802912069	0.15444315997840796	1.8654726254176779
-5.333333333333329	-5.333333333333329	0.0	0.2470404513583625	0.0	-4.895560117220871	-0.8453909588827496	0.1543527046552858	1.8648791444905664
-6.400000000000006	-6.400000000000006	0.0	0.3040849942793354	0.0	-4.8994635396750725	-0.8454025488399182	0.15433338806000532	1.8641846699644642
-7.466666666666669	-7.466666666666669	0.0	0.36113297420401097	0.0	-4.892648247796749	-0.8453828673756155	0.15438463069470804	1.864781220083936
-8.533333333333331	-8.533333333333331	0.0	0.4181846222601038	0.0	-4.903231799619515	-0.8454179699218176	0.15428466731413118	1.8642702854073232
-9.599999999999994	-9.599999999999994	0.0	0.4752401585978824	0.0	-4.902465188341486	-0.8454101681636119	0.15429800649631648	1.8639975243505207
-10.666666666666671	-10.666666666666671	0.0	0.5322997925458017	0.0	-4.901358851809672	-0.8454073994516216	0.1542961928826484	1.8643115799954573
-11.733333333333334	-11.733333333333334	0.0	0.5893637228605886	0.0	-4.912079240247117	-0.8453857112076989	0.15422523658931783	1.8633804664457267
-12.799999999999997	-12.799999999999997	0.0	0.6464321380779278	0.0	-4.91027998524827	-0.8454128295611845	0.15423873674313074	1.8633086301741661
-13.86666666666666	-13.86666666666666	0.0	0.7035052169698697	0.0	-4.91672645893404	-0.8453984172348165	0.1541738759087554	1.8632941105333793
-14.933333333333337	-14.933333333333337	0.0	0.7605831291151076	0.0	-4.917541114877109	-0.8454056824209303	0.15416268301493447	1.8630589095229553
-16.0	-16.0	0.0	0.8176660355882505	0.0	-4.9238258871975	-0.845409459888452	0.1541177826623491	1.8629101180820866
-17.066666666666663	-17.066666666666663	0.0	0.8747540897742391	0.0	-4.924758717777919	-0.8454193220834871	0.15412469371088275	1.8625652095419105
-18.133333333333326	-18.133333333333326	0.0	0.9318474383140274	0.0	-4.931099315058663	-0.8454057253466977	0.15406979165451862	1.8621921095040666
-19.200000000000003	-19.200000000000003	0.0	0.9889462221876749	0.0	-4.940415794814	-0.8454097925631487	0.15398252356961803	1.861740659209477
-20.266666666666666	-20.266666666666666	0.0	1.0460505779409777	0.0	-4.939091760253385	-0.8454120568973732	0.1539929545310694	1.8617175114894653
-21.33333333333333	-21.33333333333333	0.0	1.1031606390617854	0.0	-4.945511888249473	-0.8454072706743203	0.15395056533587048	1.861284637320671
-22.400000000000006	-22.400000000000006	0.0	1.1602765375121282	0.0	-4.946959763648726	-0.8454138383167157	0.15392617276860782	1.861121154535947
-23.46666666666667	-23.46666666666667	0.0	1.2173984054222904	0.0	-4.952002446698245	-0.8454203093761344	0.15389252969849432	1.860874438688446
-24.53333333333333	-24.53333333333333	0.0	1.2745263769529795	0.0	-4.95523043220414	-0.8454305900974005	0.15386418796064097	1.8605703847472888
-25.599999999999994	-25.599999999999994	0.0	1.3316605903317076	0.0	-4.9517949757334945	-0.8454218117779898	0.1538797056255163	1.860972352363635
-26.66666666666667	-26.66666666666667	0.0	1.3888011900695343	0.0	-4.960114021628641	-0.845421822509431	0.15382952540355424	1.860475475875811
-27.733333333333334	-27.733333333333334	0.0	1.4459483293643003	0.0	-4.960224351582014	-0.845444648286188	0.15383520233627823	1.8603489521767234
-28.799999999999997	-28.799999999999997	0.0	1.5031021726964937	0.0	-4.966345362100188	-0.845419418666463	0.15377224096710557	1.8599858001854492
-29.86666666666666	-29.86666666666666	0.0	1.5602628986238758	0.0	-4.967485695839692	-0.8454382094210946	0.15377173658933996	1.8600351218920652
-30.933333333333337	-30.933333333333337	0.0	1.6174307027810082	0.0	-4.9685034765135825	-0.8454424376091726	0.1537543623850293	1.85969269231495
-32.0	-32.0	0.0	1.6746058010898164	0.0	-4.971149377883577	-0.8454394435369039	0.15373962811540698	1.8596228306286853
-33.06666666666666	-33.06666666666666	0.0	1.731788433187324	0.0	-4.9791502150658	-0.8454255570511855	0.15367006690951343	1.859190654003608
-34.133333333333326	-34.133333333333326	0.0	1.788978866076694	0.0	-4.9727978775877055	-0.8454262224005792	0.15371965690217523	1.8592861638358296
-35.2	-35.2	0.0	1.8461773980077143	0.0	-4.977179042368955	-0.8454317276302334	0.15367881303459865	1.858972988169123
-36.266666666666666	-36.266666666666666	0.0	1.903384362592853	0.0	-4.978552409367638	-0.8454365353161704	0.15367443460633518	1.8589960500375986
-37.33333333333333	-37.33333333333333	0.0	1.9606001331650438	0.0	-4.983373434486314	-0.8454082150412009	0.1536375828351166	1.8588770920049955
-38.39999999999999	-38.39999999999999	0.0	2.0178251273833046	0.0	-4.987073700015371	-0.8454558733743344	0.1536059143502982	1.8584355468312088
-39.46666666666667	-39.46666666666667	0.0	2.0750598120923507	0.0	-4.9895529206309766	-0.845443575142006	0.15357992279820404	1.8580720943595628
-40.53333333333333	-40.53333333333333	0.0	2.1323047084423257	0.0	-4.999920319752555	-0.84543729724854	0.15348660218011553	1.8575211099420692
-41.599999999999994	-41.599999999999994	0.0	2.18956039727479	0.0	-4.999727143068307	-0.8454335734382269	0.15349925455002422	1.857435762785254
-42.66666666666667	-42.66666666666667	0.0	2.246827524781106	0.0	-5.000852227428984	-0.8454477496728748	0.15348254569510655	1.857027291915164
-43.733333333333334	-43.733333333333334	0.0	2.304106808439335	0.0	-5.005003084737283	-0.8454411391047123	0.15344647731914113	1.856897355617576
-44.8	-44.8	0.0	2.3613990432358243	0.0	-5.011439760616662	-0.845447975033153	0.15341768486073123	1.8565381635283351
-45.86666666666666	-45.86666666666666	0.0	2.4187051081775675	0.0	-5.00901344600924	-0.8454410210588518	0.153435660025784	1.8566648160047239
-46.93333333333334	-46.93333333333334	0.0	2.4760259731015175	0.0	-5.010495468856371	-0.8454633424578428	0.15342790119334626	1.8564152455937
-48.0	-48.0	0.0	2.53336270578696	0.0	-5.019726622917782	-0.845426716046903	0.1533450008052672	1.8559794524727296
-49.06666666666666	-49.06666666666666	0.0	2.5907164793770994	0.0	-5.0232651119613685	-0.8454541026864336	0.15331541422016257	1.8554946917827226
-50.133333333333326	-50.133333333333326	0.0	2.6480885801159855	0.0	-5.019049104069762	-0.8454391001307657	0.1533510104126879	1.8557899995987936
-51.19999999999999	-51.19999999999999	0.0	2.705480415406914	0.0	-5.016722838694449	-0.8454703930151198	0.15335103187557148	1.8559463996319159
-52.26666666666665	-52.26666666666665	0.0	2.762893522198445	0.0	-5.027054448457559	-0.8454644692592344	0.15327222016682687	1.8553653886402024
-53.33333333333334	-53.33333333333334	0.0	2.820329575704172	0.0	-5.019313687767897	-0.8454636214753303	0.15334973337111102	1.8557457002069515
-54.400000000000006	-54.400000000000006	0.0	2.877790398462363	0.0	-5.020356762450161	-0.8454417722597796	0.1533215526048851	1.8558683498555404
-55.46666666666667	-55.46666666666667	0.0	2.935277969741645	0.0	-5.021171922770999	-0.8454588996409287	0.15332450375138618	1.8556927083472308
-56.53333333333333	-56.53333333333333	0.0	2.9927944352988205	0.0	-5.022440422120191	-0.8454486511139874	0.15333060994178324	1.8558353828662617
-57.599999999999994	-57.599999999999994	0.0	3.050342117494992	0.0	-5.019497560292084	-0.8454577943024206	0.15333572883953261	1.8557775296633963
-58.66666666666666	-58.66666666666666	0.0	3.1079235257761075	0.0	-5.017866842587057	-0.8454389391591383	0.15336015360112065	1.8559129389963136
-59.73333333333332	-59.73333333333332	0.0	3.1655413675240673	0.0	-5.024346358382192	-0.8454580411255824	0.15330747295321392	1.855664752941283
-60.80000000000001	-60.80000000000001	0.0	3.223198559284539	0.0	-5.023156820981938	-0.8454628488115185	0.1532950566750254	1.8556906371789594
-61.866666666666674	-61.866666666666674	0.0	3.28089823837759	0.0	-5.0224600821216105	-0.8454570001757259	0.15334016092500538	1.8555257163810304
-62.93333333333334	-62.93333333333334	0.0	3.338643774897311	0.0	-5.023179539444275	-0.8454295813418691	0.15331521032276804	1.8554656417697089
-64.0	-64.0	0.0	3.39643878410653	0.0	-5.0289434612358015	-0.8454661111698334	0.15325221675926975	1.855303264323492
-65.06666666666666	-65.06666666666666	0.0	3.454287139232773	0.0	-5.021340052270035	-0.8454592645099501	0.15333732782436418	1.8557278108934327
-66.13333333333333	-66.13333333333333	0.0	3.5121929846716027	0.0	-5.0216465744428085	-0.8454532763654131	0.15331226990770855	1.8556003320960222
-67.19999999999999	-67.19999999999999	0.0	3.570160749603466	0.0	-5.018948518265558	-0.845426190206253	0.15334002141626168	1.8560372734812691
-68.26666666666665	-68.26666666666665	0.0	3.628195162030197	0.0	-5.0229547157380905	-0.8454582450229773	0.15331214113040667	1.8557980052543948
-69.33333333333334	-69.33333333333334	0.0	3.6863012632373016	0.0	-5.017870147871137	-0.8454480072274784	0.15335108553278057	1.855957774960248
-70.4	-70.4	0.0	3.7444844226881497	0.0	-5.021898055050475	-0.845461807861662	0.15333572883953275	1.8558670728139632
-71.46666666666667	-71.46666666666667	0.0	3.802750353356249	0.0	-5.025379291851941	-0.8454421263973599	0.15328270478548756	1.8559151711362132
-72.53333333333333	-72.53333333333333	0.0	3.861105127501684	0.0	-5.028185606814297	-0.8454541563436426	0.15327947462149896	1.855184767742888
-73.6	-73.6	0.0	3.9195551928979	0.0	-5.022285621071902	-0.8454539095204813	0.15332928997443906	1.8557637826864217
-74.66666666666666	-74.66666666666666	0.0	3.9781073895149364	0.0	-5.022508362878368	-0.8454644477963502	0.15330110920821316	1.8559092151860002
-75.73333333333332	-75.73333333333332	0.0	4.036768966665268	0.0	-5.022966788610146	-0.8454558841057762	0.15330683979814647	1.855786812360574
-76.80000000000001	-76.80000000000001	0.0	4.09554760061838	0.0	-5.026951340764519	-0.8454560558088456	0.15328179261293265	1.8555071402552363
-77.86666666666667	-77.86666666666667	0.0	4.1544514126901975	0.0	-5.019162513946941	-0.8454441868341899	0.1533411804119785	1.8560452147482178
-78.93333333333334	-78.93333333333334	0.0	4.213488987813546	0.0	-5.022059198380887	-0.8454644907221176	0.1533322733152658	1.856001409002698
-80.0	-80.0	0.0	4.272669393595734	0.0	-5.02787923488171	-0.8454548646188035	0.15327748930476182	1.8556336102971147
-80.0	-80.0	0.0	4.334632001425141	0.0	-5.026411860452659	-0.8427843453212678	0.15328511935989764	1.8555858339181202
-78.93333333333334	-78.93333333333334	0.0	4.2765525217646445	0.0	-5.016856380756493	-0.8454444014630262	0.15336359839394564	1.856160416776183
-77.86666666666666	-77.86666666666666	0.0	4.2185409905834925	0.0	-5.0204235120183	-0.8454689335390329	0.15332714368607467	1.8559517868157107
-76.8	-76.8	0.0	4.160591136621887	0.0	-5.024093471955641	-0.8454487262340795	0.1532971922319479	1.8556706659657283
-75.73333333333333	-75.73333333333333	0.0	4.1026972267289015	0.0	-5.023941868877019	-0.845460069368087	0.1532910431157836	1.8556660836400694
-74.66666666666667	-74.66666666666667	0.0	4.044854034561523	0.0	-5.018478234290569	-0.8454426415065676	0.15334653540144794	1.8559217495100488
-73.6	-73.6	0.0	3.9870568103551984	0.0	-5.012895577282867	-0.8454582342915354	0.15340099746869734	1.8567340123415956
-72.53333333333333	-72.53333333333333	0.0	3.9293012517491834	0.0	-5.020220505333339	-0.8454404952182029	0.1533335181625172	1.856063468930758
-71.46666666666667	-71.46666666666667	0.0	3.8715834756500076	0.0	-5.025322232775771	-0.8454667979821096	0.15328766271160957	1.8555336039907713
-70.4	-70.4	0.0	3.813899991116364	0.0	-5.0223704423880635	-0.8454537056230862	0.15331301037719444	1.8558272269704765
-69.33333333333333	-69.33333333333333	0.0	3.7562476732487218	0.0	-5.019622109405874	-0.845463052708914	0.15332688613147102	1.8559207514859597
-68.26666666666667	-68.26666666666667	0.0	3.6986237380669853	0.0	-5.019223887062725	-0.8454570538329343	0.15334741537967747	1.855933725799123
-67.2	-67.2	0.0	3.641025718359479	0.0	-5.025943454479991	-0.8454664438445293	0.1533048866757346	1.8556621344694793
-66.13333333333333	-66.13333333333333	0.0	3.583451440486598	0.0	-5.02526525955113	-0.845458309411628	0.15329310355261344	1.8555941185912075
-65.06666666666666	-65.06666666666666	0.0	3.5258990021224057	0.0	-5.028099036273117	-0.8454633961150517	0.15327272454459248	1.8554184878143412
-64.0	-64.0	0.0	3.4683667509174954	0.0	-5.0192725756142735	-0.8454540704921082	0.15334013946212166	1.8559911175499906
-62.93333333333334	-62.93333333333334	0.0	3.4108532640664255	0.0	-5.023661252404804	-0.8454567104267966	0.1533101987394368	1.8556282982334122
-61.86666666666667	-61.86666666666667	0.0	3.353357328763028	0.0	-5.02315289327423	-0.845436846527983	0.15331375084668014	1.8557789569451597
-60.8	-60.8	0.0	3.2958779235269047	0.0	-5.021728616315543	-0.8454541885379682	0.15331587567216093	1.8557864045657835
-59.733333333333334	-59.733333333333334	0.0	3.238414200384411	0.0	-5.019475872048166	-0.8454471916379002	0.15333057774745784	1.855995174034999
-58.66666666666667	-58.66666666666667	0.0	3.1809654678874364	0.0	-5.0192044631530255	-0.8454592430470664	0.15333467715823396	1.856202119159104
-57.6	-57.6	0.0	3.1235311749532944	0.0	-5.019130544981753	-0.8454408922815503	0.15334466813057088	1.856081229466975
-56.53333333333333	-56.53333333333333	0.0	3.066110895509022	0.0	-5.025042464087459	-0.8454602839969236	0.15328580617217433	1.8556843807483767
-55.46666666666667	-55.46666666666667	0.0	3.0087043139233947	0.0	-5.02104315620057	-0.8454412893448979	0.15332184235381427	1.8557253748561393
-54.4	-54.4	0.0	2.9513112112099673	0.0	-5.015455476878097	-0.8454598654706916	0.15338336570978284	1.8562816498744517
-53.33333333333333	-53.33333333333333	0.0	2.8939314519844546	0.0	-5.014687792455875	-0.8454428024781943	0.15337983506542321	1.8563019215680538
-52.266666666666666	-52.266666666666666	0.0	2.836564972159741	0.0	-5.021405675036778	-0.8454580196626993	0.15332996605527383	1.8559666713255183
-51.2	-51.2	0.0	2.7792117673618404	0.0	-5.017130268614684	-0.8454491984175208	0.1533415023552333	1.856153441338997
-50.13333333333333	-50.13333333333333	0.0	2.7218718820501118	0.0	-5.022787530605942	-0.8454639648814686	0.15332435351120077	1.8558911863637388
-49.06666666666666	-49.06666666666666	0.0	2.6645453993250308	0.0	-5.021146092190535	-0.8454440365940044	0.15332018971177366	1.855748114781362
-48.0	-48.0	0.0	2.60723243140683	0.0	-5.024838341332549	-0.8454545748698737	0.15331604737523008	1.8557587711030903
-46.93333333333334	-46.93333333333334	0.0	2.549933110768312	0.0	-5.023726317136569	-0.845449541823659	0.15330697930689013	1.8555538220271646
-45.86666666666667	-45.86666666666667	0.0	2.492647581905143	0.0	-5.028311690524267	-0.8454639326871429	0.15328181407581623	1.855260510259271
-44.8	-44.8	0.0	2.435375993726936	0.0	-5.019165819231024	-0.8454455497273006	0.15334651393856422	1.8556302084300567
-43.733333333333334	-43.733333333333334	0.0	2.378118492552427	0.0	-5.0201546142805515	-0.8454660897069496	0.15332921485434647	1.855886925981335
-42.666666666666664	-42.666666666666664	0.0	2.32087521569205	0.0	-5.018066168387472	-0.8454325432198122	0.1533578034153616	1.8560557959498554
-41.6	-41.6	0.0	2.2636462856012263	0.0	-5.026095883879642	-0.845457708450886	0.15329915608580144	1.85573156689807
-40.53333333333333	-40.53333333333333	0.0	2.2064318045876616	0.0	-5.022081283688155	-0.8454439936682369	0.15331542495160438	1.855401864810957
-39.46666666666667	-39.46666666666667	0.0	2.1492318500559726	0.0	-5.0212927910002465	-0.8454480930790131	0.15333033092429596	1.8555869177937445
-38.4	-38.4	0.0	2.092046470272937	0.0	-5.022889897829487	-0.8454522354155568	0.15333143626280366	1.8559324165632207
-37.333333333333336	-37.333333333333336	0.0	2.0348756806366817	0.0	-5.022281757752845	-0.8454619366389644	0.1533313182169436	1.8556692601468492
-36.266666666666666	-36.266666666666666	0.0	1.977719460433113	0.0	-5.020418178491711	-0.8454464189740886	0.1533358790797182	1.8557387033068828
-35.2	-35.2	0.0	1.920577750062899	0.0	-5.027281686738143	-0.8454658214209038	0.153265802764617	1.855241730236082
-34.13333333333333	-34.13333333333333	0.0	1.8634504487223043	0.0	-5.024622628620472	-0.8454403664409008	0.1533053803220586	1.8553983448980391
-33.06666666666667	-33.06666666666667	0.0	1.8063374125211922	0.0	-5.020464559783271	-0.845464254630398	0.1533362654116238	1.8554852481139177
-32.0	-32.0	0.0	1.7492384530214933	0.0	-5.024425245211034	-0.8454367392135643	0.15329868390236123	1.855381560923029
-30.933333333333337	-30.933333333333337	0.0	1.692153336179458	0.0	-5.031820625177073	-0.8454635678181209	0.153228435884191	1.854826444900434
-29.866666666666667	-29.866666666666667	0.0	1.635081781674985	0.0	-5.024151292964189	-0.8454593825558105	0.15330638907758984	1.855170548582473
-28.799999999999997	-28.799999999999997	0.0	1.5780234626113472	0.0	-5.028548984165849	-0.8454771108977015	0.1532737440315658	1.8550184196631962
-27.733333333333334	-27.733333333333334	0.0	1.5209780055686137	0.0	-5.025098278316379	-0.8454639756129104	0.15328734076835493	1.8551565762452196
-26.666666666666664	-26.666666666666664	0.0	1.4639449909940745	0.0	-5.025051768247517	-0.8454761557993797	0.15330422132634167	1.8550479203967667
-25.6	-25.6	0.0	1.4069239539129832	0.0	-5.020970085813201	-0.8454383274669546	0.1533239242535279	1.855428113917655
-24.53333333333333	-24.53333333333333	0.0	1.3499143849429092	0.0	-5.01459782004764	-0.8454564206778674	0.15338951482594715	1.855952409239337
-23.46666666666667	-23.46666666666667	0.0	1.2929157315950264	0.0	-5.023734623272543	-0.8454451419325123	0.15330838512576891	1.8552734845724341
-22.4	-22.4	0.0	1.235927399845624	0.0	-5.0235516843838015	-0.8454671413882479	0.1533110894491081	1.8552009400257143
-21.333333333333336	-21.333333333333336	0.0	1.1789487559611669	0.0	-5.023791746737366	-0.8454671413882484	0.1532953678868382	1.8551580142584232
-20.266666666666666	-20.266666666666666	0.0	1.1219791285601926	0.0	-5.019829344278911	-0.8454556587454982	0.15333337865377353	1.855433823044705
-19.200000000000003	-19.200000000000003	0.0	1.0650178108953703	0.0	-5.026476055937644	-0.8454615932328258	0.15328817782081705	1.854868243866332
-18.133333333333333	-18.133333333333333	0.0	1.0080640633390137	0.0	-5.0213430999995134	-0.8454613464096645	0.15332934363164827	1.8553006029259194
-17.06666666666667	-17.06666666666667	0.0	0.9511171160553648	0.0	-5.017566952445325	-0.8454407742356905	0.15336587345961214	1.8552564323113792
-16.0	-16.0	0.0	0.8941761718429497	0.0	-5.016838920700649	-0.845464512185002	0.15336885680043874	1.8553075998259891
-14.933333333333337	-14.933333333333337	0.0	0.8372404091303182	0.0	-5.014737253671241	-0.8454312769096771	0.15338025359165428	1.8554991667939624
-13.866666666666674	-13.866666666666674	0.0	0.780308985108466	0.0	-5.013309660697029	-0.8454633961150523	0.15339393617997812	1.8554933503524944
-12.799999999999997	-12.799999999999997	0.0	0.7233810389832572	0.0	-5.015815023104918	-0.8454432853930766	0.15336710757542174	1.855358981969434
-11.733333333333334	-11.733333333333334	0.0	0.6664556953311475	0.0	-5.01712063177993	-0.8454579230797225	0.15336159161432492	1.8552445311423984
-10.666666666666671	-10.666666666666671	0.0	0.6095320675415111	0.0	-5.0060279696256575	-0.8454433819760527	0.15343405030951063	1.855794646313104
-9.599999999999994	-9.599999999999994	0.0	0.5526092613288888	0.0	-5.001155390660463	-0.8454457858190214	0.15349423223525138	1.856068244422369
-8.533333333333331	-8.533333333333331	0.0	0.49568637829845885	0.0	-5.00311282711178	-0.8454287228265233	0.15347159962444762	1.856082045056552
-7.466666666666669	-7.466666666666669	0.0	0.4387625195480302	0.0	-4.995154883502519	-0.8454584489203721	0.15354498122363	1.85655956202333
-6.400000000000006	-6.400000000000006	0.0	0.3818367892898798	0.0	-4.990892816262606	-0.8454296886562873	0.1535864367833905	1.8566759659727787
-5.333333333333329	-5.333333333333329	0.0	0.3249082984757282	0.0	-4.985045285807843	-0.8454329510146014	0.15362504851106787	1.8567115836281878
-4.266666666666666	-4.266666666666666	0.0	0.26797616840817	0.0	-4.978622131545154	-0.8454157055875926	0.15368652894126908	1.8579660999086824
-3.200000000000003	-3.200000000000003	0.0	0.21103953432185357	0.0	-4.974269072410031	-0.8454362777615669	0.15371409801531122	1.8580779644582401
-2.13333333333334	-2.13333333333334	0.0	0.15409754891773225	0.0	-4.969967009086454	-0.845429463296009	0.15375224829099024	1.858306630020594
-1.0666666666666629	-1.0666666666666629	0.0	0.09714938583368175	0.0	-4.969536506566304	-0.8454362026414735	0.15374821326886504	1.8587080610648496
0.0	0.0	0.0	0.0401942430348	0.0	-4.966488680505732	-0.8454179269960495	0.1537759433145343	1.8590931695860922
1.0666666666666629	1.0666666666666629	0.0	-0.01676865389331629	0.0	-4.962860659043019	-0.845417186526564	0.15381134634110696	1.8593305168848808
2.1333333333333258	2.1333333333333258	0.0	-0.07374004856499573	0.0	-4.961761727206071	-0.8454181952820952	0.1538244279686886	1.8595665549477678
3.200000000000003	3.200000000000003	0.0	-0.13072065074532263	0.0	-4.963809350694455	-0.8454306759489353	0.15379886567426734	1.8593905485704372
4.266666666666666	4.266666666666666	0.0	-0.1877111334480573	0.0	-4.957918046688498	-0.845423625391658	0.1538443777190366	1.8598359785261638
5.333333333333329	5.333333333333329	0.0	-0.244712130197352	0.0	-4.948040924218019	-0.8454184742995828	0.15392838344562335	1.860668620365732
6.400000000000006	6.400000000000006	0.0	-0.30172423246994073	0.0	-4.9489481710411365	-0.8454118100742111	0.15391576327004006	1.8607854428414121
7.466666666666669	7.466666666666669	0.0	-0.35874798733450286	0.0	-4.9466918853979545	-0.8454266945840189	0.15393869636121482	1.8611505264922144
8.533333333333331	8.533333333333331	0.0	-0.4157838953049008	0.0	-4.941752073949744	-0.8454281755229907	0.1539638293979631	1.8615887341875952
9.599999999999994	9.599999999999994	0.0	-0.47283240842397	0.0	-4.9394254544368525	-0.8454209639940854	0.15400010167132316	1.861715118377939
10.666666666666671	10.666666666666671	0.0	-0.5298939285945675	0.0	-4.939581092537603	-0.845395852420221	0.15399859926946818	1.8619542685589534
11.733333333333334	11.733333333333334	0.0	-0.5869688061745607	0.0	-4.936413074328621	-0.845425943383091	0.15402484837616595	1.8621818824400094
12.799999999999997	12.799999999999997	0.0	-0.6440573388524645	0.0	-4.943683830060774	-0.8454087623447337	0.15395221797791128	1.8617656742003645
13.86666666666666	13.86666666666666	0.0	-0.7011597708204031	0.0	-4.934012064461016	-0.8454240546493307	0.1540416323511764	1.8622474300866623
14.933333333333337	14.933333333333337	0.0	-0.7582762922611015	0.0	-4.932979935849406	-0.8454108764387728	0.15406032652283116	1.862708195272754
16.0	16.0	0.0	-0.815407039165591	0.0	-4.929482408719263	-0.845428615512105	0.15407189501711596	1.862911802918452
17.066666666666663	17.066666666666663	0.0	-0.8725520934983348	0.0	-4.9315248489212555	-0.8454090091678955	0.1540713691764666	1.8627981891438778
18.133333333333326	18.133333333333326	0.0	-0.9297114837264504	0.0	-4.930406353665858	-0.8454146217119682	0.15407809779048923	1.8628661191706137
19.200000000000003	19.200000000000003	0.0	-0.9868851857297346	0.0	-4.931089399206422	-0.8454014756957359	0.15406583175248614	1.8627264494552933
20.266666666666666	20.266666666666666	0.0	-1.0440731241081747	0.0	-4.923426387812769	-0.8454223805444063	0.1541323023031349	1.8636419487571723
21.33333333333333	21.33333333333333	0.0	-1.1012751739036517	0.0	-4.919418773789914	-0.8454035146696824	0.15415877677011114	1.8639055236997757
22.400000000000006	22.400000000000006	0.0	-1.1584911627525145	0.0	-4.921564042667446	-0.8454172831095406	0.15414687560112986	1.863737619561021
23.46666666666667	23.46666666666667	0.0	-1.2157208734857228	0.0	-4.919023384547403	-0.8454005313288562	0.1541615884078685	1.8640436480874734
24.53333333333333	24.53333333333333	0.0	-1.272964047193262	0.0	-4.914675959419237	-0.8454011108267143	0.15420213179507403	1.864309465901418
25.599999999999994	25.599999999999994	0.0	-1.3302203867695057	0.0	-4.914155108890384	-0.8453834361420322	0.15420372004846375	1.8643821821512068
26.66666666666667	26.66666666666667	0.0	-1.3874895609562332	0.0	-4.911402225776859	-0.8454154051072217	0.15422978672065069	1.8647614634995409
27.733333333333334	27.733333333333334	0.0	-1.4447712088999851	0.0	-4.912805147166317	-0.8453889842974547	0.15421188667569086	1.86483688407267
28.799999999999997	28.799999999999997	0.0	-1.5020649452404609	0.0	-4.901149545768363	-0.8454128617555093	0.15429550607037185	1.865620086159761
29.86666666666666	29.86666666666666	0.0	-1.5593703657466396	0.0	-4.904597450711525	-0.8453870848322521	0.15427158568654945	1.8654773365206372
30.933333333333337	30.933333333333337	0.0	-1.616687053517327	0.0	-4.899830619374051	-0.8454108335130051	0.15431311636640271	1.8657515248592031
32.0	32.0	0.0	-1.6740145857628108	0.0	-4.895422336239312	-0.8453783601700501	0.15436474533301078	1.8661851716918094
33.06666666666666	33.06666666666666	0.0	-1.731352541184335	0.0	-4.8932681924593915	-0.845388050662016	0.1543707978661989	1.8665915070049772
34.133333333333326	34.133333333333326	0.0	-1.788700507968065	0.0	-4.891566142860576	-0.8453941783152967	0.15437848157854359	1.866730768925509
35.2	35.2	0.0	-1.8460580924102532	0.0	-4.891930711402169	-0.8454003059685768	0.1543874745267908	1.8669616558963202
36.266666666666666	36.266666666666666	0.0	-1.9034249281902877	0.0	-4.891427428243574	-0.845388125782109	0.15440040591418705	1.8667571575409496
37.33333333333333	37.33333333333333	0.0	-1.9608006863083274	0.0	-4.879589767935101	-0.8453980952915618	0.15448427213202998	1.867527975544178
38.39999999999999	38.39999999999999	0.0	-2.018185085704204	0.0	-4.890155258741283	-0.8453645809987503	0.15439994446218872	1.8672413601959812
39.46666666666667	39.46666666666667	0.0	-2.0755779045742972	0.0	-4.8925459127675275	-0.8454063263074398	0.1543868521031652	1.8669660128616998
40.53333333333333	40.53333333333333	0.0	-2.132978992403061	0.0	-4.884246043958922	-0.8453918388609793	0.1544256248024699	1.8673393489912637
41.599999999999994	41.599999999999994	0.0	-2.1903882827259142	0.0	-4.888920949765735	-0.8454109515588657	0.15440898033620334	1.8670718570723943
42.66666666666667	42.66666666666667	0.0	-2.247805806640169	0.0	-4.88476426528453	-0.8453957987630123	0.1544360986896888	1.8674301262576412
43.733333333333334	43.733333333333334	0.0	-2.3052317070806954	0.0	-4.881649850627446	-0.845388608696991	0.15446884031868932	1.867632542713297
44.8	44.8	0.0	-2.3626662538770318	0.0	-4.879188261770757	-0.8453864731400682	0.15448867202317723	1.8680504465207488
45.86666666666666	45.86666666666666	0.0	-2.420109859608605	0.0	-4.883509469986546	-0.8453986318636528	0.15444161465078557	1.8677264642921279
46.93333333333334	46.93333333333334	0.0	-2.4775630962747797	0.0	-4.877683391683983	-0.8453898320813589	0.15449723571375162	1.8681844714976714
48.0	48.0	0.0	-2.5350267127964097	0.0	-4.881927161815578	-0.8453984494291419	0.15447083636686829	1.8679698533926616
49.06666666666666	49.06666666666666	0.0	-2.5925016533656065	0.0	-4.882578420825466	-0.8453912057059121	0.1544656423490261	1.8678443599119898
50.133333333333326	50.133333333333326	0.0	-2.6499890766603915	0.0	-4.880118828016954	-0.8454006815690412	0.15446760620287958	1.8679781166028662
51.19999999999999	51.19999999999999	0.0	-2.707490375940949	0.0	-4.884774728440306	-0.8453765680192658	0.1544367318447563	1.8677101954263247
52.26666666666665	52.26666666666665	0.0	-2.765007200044159	0.0	-4.886274576212304	-0.845396528501056	0.15441950788063116	1.8672583802627127
53.33333333333334	53.33333333333334	0.0	-2.822541475293108	0.0	-4.876510359241248	-0.8453740783247627	0.1545105534330534	1.8680894016545648
54.400000000000006	54.400000000000006	0.0	-2.8800954283382634	0.0	-4.8830402484242965	-0.8453908837626571	0.15444573552444546	1.8681060353893906
55.46666666666667	55.46666666666667	0.0	-2.9376716099470257	0.0	-4.87733680903888	-0.8453738315016011	0.15451147633705017	1.8682411978991456
56.53333333333333	56.53333333333333	0.0	-2.9952729197583214	0.0	-4.887893639571509	-0.845395058293526	0.15442459458405497	1.8676869296604537
57.599999999999994	57.599999999999994	0.0	-3.052902632018954	0.0	-4.88211015436154	-0.8453636795576368	0.15446005126783657	1.8679352015670165
58.66666666666666	58.66666666666666	0.0	-3.110564422318395	0.0	-4.882728457113586	-0.8453925578675816	0.15445252852711913	1.86791702250457
59.73333333333332	59.73333333333332	0.0	-3.1682623953387075	0.0	-4.882774988645327	-0.8453643556384717	0.154462884368478	1.8678385005447549
60.80000000000001	60.80000000000001	0.0	-3.2260011136363067	0.0	-4.888372776986002	-0.8453977518854237	0.1543993756957721	1.8676096096221222
61.866666666666674	61.866666666666674	0.0	-3.2837856274722257	0.0	-4.879429611897343	-0.8453855609675135	0.15448268387864042	1.8681578575219506
62.93333333333334	62.93333333333334	0.0	-3.341621505707621	0.0	-4.880537032304775	-0.8453952514594794	0.154483005821895	1.8680113840725157
64.0	64.0	0.0	-3.3995148677811597	0.0	-4.8798042357999245	-0.8453918817867465	0.15448265168431488	1.8683607032352807
65.06666666666666	65.06666666666666	0.0	-3.4574724167850257	0.0	-4.8875912704667215	-0.8453982669946309	0.15440634040151488	1.867908737831483
66.13333333333333	66.13333333333333	0.0	-3.51550147365621	0.0	-4.875373438100245	-0.8453877931074125	0.1545085466534326	1.8684235250957086
67.19999999999999	67.19999999999999	0.0	-3.5736100124997923	0.0	-4.8797237285233726	-0.8454004562087626	0.1544801727212539	1.8684198334797228
68.26666666666665	68.26666666666665	0.0	-3.6318066970609046	0.0	-4.8842313096893	-0.8453857219391412	0.15444937348322327	1.8680328684190441
69.33333333333334	69.33333333333334	0.0	-3.6901009183620634	0.0	-4.884296524661254	-0.8453975909137964	0.1544387708187026	1.8680694948299843
70.4	70.4	0.0	-3.748502833522565	0.0	-4.885769243348325	-0.8453968182499851	0.15442388630889473	1.8677397176227797
71.46666666666667	71.46666666666667	0.0	-3.8070234057766568	0.0	-4.880557561552983	-0.8454004025515539	0.1544689798274329	1.8679306943614522
72.53333333333333	72.53333333333333	0.0	-3.865674445707142	0.0	-4.8754464011731935	-0.8453712666870058	0.15451649865182301	1.8684924746094194
73.6	73.6	0.0	-3.9244686537111386	0.0	-4.882827658561796	-0.845392890542278	0.1544608453945315	1.8682748195063743
74.66666666666666	74.66666666666666	0.0	-3.9834196637146766	0.0	-4.876778859915649	-0.8453761816873605	0.15450568135846598	1.8685066079183
75.73333333333332	75.73333333333332	0.0	-4.042542088152829	0.0	-4.875953504725077	-0.8453957236429188	0.1545123026580705	1.8687233293859051
76.80000000000001	76.80000000000001	0.0	-4.1018515642320645	0.0	-4.876323235090187	-0.8453861082710461	0.15450182877085164	1.8687240913182745
77.86666666666667	77.86666666666667	0.0	-4.161364801491512	0.0	-4.875538584258445	-0.8453829961529182	0.15450475845446926	1.868839744066796
78.93333333333334	78.93333333333334	0.0	-4.221099630679855	0.0	-4.883292415844242	-0.8453650317193063	0.15445285047037363	1.868199270155944
80.0	80.0	0.0	-4.28107505396451	0.0	-4.878716518319677	-0.8453751622003871	0.15448970224159222	1.8683742892406283
