Hysterese	V-MOKE
Charge	2020_0446
Sample	1
Sample State	bFC
User	Meike Reginka
Sample Angle	35.0
Magnetic Field Angle	0.0
Detektor Averages	300
Hysteresus Points	150
Magnetic Field [kA/m]	80
Hysteresis Averages	100
Polarization	p-polarization
Measurement Method	Scan Both Angles
Max Voltage Correction	No
Training Effect Elimination	No
Magnetic field [kA/m]	Magnetic field transversal [kA/m]	Magnetic field longitudinal [kA/m]	Magnetic field transversal [V]	Magnetic field longitudinal [V]	Detector diff transversal [V]	Detector diff longitudinal [V]	Detector raw transversal [V]	Detector raw longitudinal [V]
80.0	0.0	80.0	0.0	4.381030188287403	-10.564406957477331	-0.8454709939758619	0.07748115474064843	0.9589612172763425
78.93333333333334	0.0	78.93333333333334	0.0	4.319818714176459	-10.564406957477331	-0.8461535458701003	0.07751007597636005	0.9590293190061484
77.86666666666666	0.0	77.86666666666666	0.0	4.258793669369702	-10.564406957477331	-0.8461627212528589	0.07746288982666644	0.9587576310935272
76.8	0.0	76.8	0.0	4.197942654193435	-10.564406957477331	-0.8461638802485751	0.07749760604096222	0.9589712082486795
75.73333333333333	0.0	75.73333333333333	0.0	4.137253993604595	-10.564406957477331	-0.8461642773119229	0.0774870355707671	0.958840542213048
74.66666666666667	0.0	74.66666666666667	0.0	4.0767167056162315	-10.564406957477331	-0.8461844631539909	0.07751870405558535	0.9590416279699185
73.6	0.0	73.6	0.0	4.0163204706037074	-10.564406957477331	-0.8461615944514671	0.07753012230968452	0.9591686667782136
72.53333333333333	0.0	72.53333333333333	0.0	3.9560556014798554	-10.564406957477331	-0.8461563038506487	0.07750525755898173	0.9591038488696053
71.46666666666667	0.0	71.46666666666667	0.0	3.89591301472721	-10.564406957477331	-0.846157774058178	0.07748560828900466	0.9591387153240877
70.4	0.0	70.4	0.0	3.8358842022755653	-10.564406957477331	-0.8461880796498851	0.07749420417390458	0.9590174929572597
69.33333333333333	0.0	69.33333333333333	0.0	3.775961204212982	-10.564406957477331	-0.8461641914603882	0.0775036156483829	0.9589556261951533
68.26666666666667	0.0	68.26666666666667	0.0	3.716136582318465	-10.564406957477331	-0.846180116920053	0.07751624655540801	0.95916682097022
67.2	0.0	67.2	0.0	3.6564033944044745	-10.564406957477331	-0.8461616910344436	0.07751520560555117	0.9590505779923986
66.13333333333333	0.0	66.13333333333333	0.0	3.596755169457454	-10.564406957477331	-0.8461717249325474	0.07746175229383324	0.9587735136274247
65.06666666666666	0.0	65.06666666666666	0.0	3.5371858835645753	-10.564406957477331	-0.8461713707949674	0.07750312200205905	0.9588968930140582
64.0	0.0	64.0	0.0	3.4776899366148504	-10.564406957477331	-0.846157591623667	0.07752278200347794	0.9589788812295826
62.93333333333334	0.0	62.93333333333334	0.0	3.4182621297628257	-10.564406957477331	-0.8461581389272002	0.07750607314856021	0.9588294673650875
61.86666666666667	0.0	61.86666666666667	0.0	3.3588976436430196	-10.564406957477331	-0.846167926002143	0.07749954843193216	0.9591189265453661
60.8	0.0	60.8	0.0	3.2995920173232944	-10.564406957477331	-0.8461647602268052	0.07749250860609658	0.9589153618254349
59.733333333333334	0.0	59.733333333333334	0.0	3.2403411279853396	-10.564406957477331	-0.8461688381746976	0.07750054645602165	0.9589670122549263
58.66666666666667	0.0	58.66666666666667	0.0	3.181141171320454	-10.564406957477331	-0.8461717571268735	0.07749095254703228	0.9588888444326915
57.6	0.0	57.6	0.0	3.121988642628807	-10.564406957477331	-0.8461674967444694	0.07750375515712661	0.9591082165664275
56.53333333333333	0.0	56.53333333333333	0.0	3.062880318610361	-10.564406957477331	-0.8461705444739475	0.07749671533129102	0.9590547203289427
55.46666666666667	0.0	55.46666666666667	0.0	3.003813239835633	-10.564406957477331	-0.8461662197028929	0.07748455660770612	0.958793871172562
54.4	0.0	54.4	0.0	2.9447846938844906	-10.564406957477331	-0.8461717785897568	0.07749642558236179	0.9590713540637674
53.33333333333333	0.0	53.33333333333333	0.0	2.885792199141142	-10.564406957477331	-0.8461663484801946	0.07753414660036796	0.959247102886495
52.266666666666666	0.0	52.266666666666666	0.0	2.8268334892335334	-10.564406957477331	-0.8461609612963996	0.07758236296847659	0.9593248629139406
51.2	0.0	51.2	0.0	2.7679064981053	-10.564406957477331	-0.8461678079562822	0.07751413246136893	0.9593574221084296
50.13333333333333	0.0	50.13333333333333	0.0	2.7090093457084867	-10.564406957477331	-0.8461621739493252	0.07750932477543247	0.9591599313845702
49.06666666666666	0.0	49.06666666666666	0.0	2.6501403243051973	-10.564406957477331	-0.8461598130321248	0.07750990427329088	0.9591927052078963
48.0	0.0	48.0	0.0	2.591297885366365	-10.564406957477331	-0.8461705122796219	0.07752560437267715	0.9592131164102429
46.93333333333334	0.0	46.93333333333334	0.0	2.532480627055822	-10.564406957477331	-0.8461651680215939	0.07750036402151067	0.9590623074583106
45.86666666666667	0.0	45.86666666666667	0.0	2.4736872822878553	-10.564406957477331	-0.8461689991463246	0.07750007427258146	0.9590521018571381
44.8	0.0	44.8	0.0	2.4149167073464275	-10.564406957477331	-0.8461691601179524	0.07751999182860404	0.9590735432778991
43.733333333333334	0.0	43.733333333333334	0.0	2.356167871054244	-10.564406957477331	-0.8461627641786261	0.07750082547350903	0.9591339398324757
42.666666666666664	0.0	42.666666666666664	0.0	2.2974398444798476	-10.564406957477331	-0.8461571409031106	0.07749636119371091	0.9589176583539851
41.6	0.0	41.6	0.0	2.2387317911709355	-10.564406957477331	-0.846162603206999	0.07747786018800883	0.9588345755313954
40.53333333333333	0.0	40.53333333333333	0.0	2.1800429579020566	-10.564406957477331	-0.8461675718645622	0.07751058035412575	0.9590409840834095
39.46666666666667	0.0	39.46666666666667	0.0	2.1213726659248966	-10.564406957477331	-0.8461767043215532	0.07752072156664801	0.959114891523241
38.4	0.0	38.4	0.0	2.0627203027093186	-10.564406957477331	-0.8461666489605656	0.07750333663089543	0.9589580622324472
37.333333333333336	0.0	37.333333333333336	0.0	2.0040853141633432	-10.564406957477331	-0.8461676362532135	0.07750728580148616	0.9587933453319135
36.266666666666666	0.0	36.266666666666666	0.0	1.9454671973202513	-10.564406957477331	-0.8461727122251953	0.0775365826376617	0.9591839590828103
35.2	0.0	35.2	0.0	1.8868654934810003	-10.564406957477331	-0.846176532618484	0.07753165690586515	0.9592309842608769
34.13333333333333	0.0	34.13333333333333	0.0	1.8282797818001153	-10.564406957477331	-0.8461669065151695	0.07750462440391417	0.9590485712127781
33.06666666666667	0.0	33.06666666666667	0.0	1.7697096733032631	-10.564406957477331	-0.8461627427157424	0.0774820776446451	0.9589421796985502
32.0	0.0	32.0	0.0	1.7111548053246695	-10.564406957477331	-0.8461718644412912	0.07750713556130069	0.9591201821240597
30.933333333333337	0.0	30.933333333333337	0.0	1.652614836352576	-10.564406957477331	-0.8461690528035335	0.07751290907700119	0.9591847210151806
29.866666666666667	0.0	29.866666666666667	0.0	1.5940894412709112	-10.564406957477331	-0.8461624207724874	0.07751327394602313	0.9593168143325737
28.799999999999997	0.0	28.799999999999997	0.0	1.5355783069853621	-10.564406957477331	-0.8461731736771937	0.07751485146797114	0.9593235751409219
27.733333333333334	0.0	27.733333333333334	0.0	1.4770811284220267	-10.564406957477331	-0.8461501332716008	0.07750258542996794	0.9593909471326834
26.666666666666664	0.0	26.666666666666664	0.0	1.4185976048868278	-10.564406957477331	-0.8461672391898655	0.07750230641248051	0.9591875433843796
25.6	0.0	25.6	0.0	1.360127436773878	-10.564406957477331	-0.8461601349753798	0.07750743604167173	0.9594566557509634
24.53333333333333	0.0	24.53333333333333	0.0	1.3016703226109647	-10.564406957477331	-0.8461849138745472	0.07749138180470518	0.9592237190747632
23.46666666666667	0.0	23.46666666666667	0.0	1.243225956430354	-10.564406957477331	-0.846176811635972	0.07748066109432455	0.9591352383369365
22.4	0.0	22.4	0.0	1.1847940254530787	-10.564406957477331	-0.8461632470935077	0.07747128181417152	0.9590119018760705
21.333333333333336	0.0	21.333333333333336	0.0	1.1263742080749082	-10.564406957477331	-0.8461766506643437	0.07749515927222678	0.9591677760685422
20.266666666666666	0.0	20.266666666666666	0.0	1.0679661721421683	-10.564406957477331	-0.8461650070499673	0.07749912990570108	0.9590920228207175
19.200000000000003	0.0	19.200000000000003	0.0	1.0095695735056076	-10.564406957477331	-0.8461704156966451	0.07748986867140818	0.9593000410890052
18.133333333333333	0.0	18.133333333333333	0.0	0.9511840548404781	-10.564406957477331	-0.8461879937983506	0.07749144619335616	0.9594812736785042
17.06666666666667	0.0	17.06666666666667	0.0	0.8928092447210244	-10.564406957477331	-0.8461587291565007	0.07753828893691148	0.9593847228964267
16.0	0.0	16.0	0.0	0.8344447569375557	-10.564406957477331	-0.8461614549427233	0.0775137139351378	0.9595460486613451
14.933333333333337	0.0	14.933333333333337	0.0	0.7760901900442883	-10.564406957477331	-0.8461702225306926	0.07752493902328424	0.9595967654553977
13.866666666666674	0.0	13.866666666666674	0.0	0.7177451271261349	-10.564406957477331	-0.8461519039595011	0.07751305931718672	0.9594329821903027
12.799999999999997	0.0	12.799999999999997	0.0	0.6594091357726295	-10.564406957477331	-0.846159383774452	0.07750128692550742	0.9596143972143122
11.733333333333334	0.0	11.733333333333334	0.0	0.6010817682471681	-10.564406957477331	-0.8461480728347709	0.07747464075546209	0.959294568053676
10.666666666666671	0.0	10.666666666666671	0.0	0.5427625618397398	-10.564406957477331	-0.8461608325190977	0.07748306493729282	0.959550995856025
9.599999999999994	0.0	9.599999999999994	0.0	0.4844510393913435	-10.564406957477331	-0.8461552414379083	0.07748615559253764	0.9596355918119118
8.533333333333331	0.0	8.533333333333331	0.0	0.4261467099782665	-10.564406957477331	-0.8461679903907935	0.07748523268854086	0.9596450998693665
7.466666666666669	0.0	7.466666666666669	0.0	0.36784906974439924	-10.564406957477331	-0.8461546619400501	0.07747840749154178	0.9596611219120075
6.400000000000006	0.0	6.400000000000006	0.0	0.30955760286978407	-10.564406957477331	-0.8461574521149234	0.07745987429151426	0.9596914060408308
5.333333333333329	0.0	5.333333333333329	0.0	0.25127178266356687	-10.564406957477331	-0.8461553487523267	0.07746467124600896	0.9597104114242986
4.266666666666666	0.0	4.266666666666666	0.0	0.19299107276954444	-10.564406957477331	-0.8461816193219078	0.0774072580322585	0.9595706129316764
3.200000000000003	0.0	3.200000000000003	0.0	0.13471492847247593	-10.564406957477331	-0.8461607359361223	0.0774325091148668	0.9598172858534091
2.13333333333334	0.0	2.13333333333334	0.0	0.07644279809335723	-10.564406957477331	-0.8461715961552458	0.07739799679796562	0.9597247271676898
1.0666666666666629	0.0	1.0666666666666629	0.0	0.018174124461827576	-10.564406957477331	-0.8461619485890474	0.07738522638219683	0.9597585741351982
0.0	0.0	0.0	0.0	-0.0400916535461	-10.564406957477331	-0.8461699435132053	0.0773616064787454	0.9596528801646882
-1.0666666666666629	0.0	-1.0666666666666629	0.0	-0.09835509941681445	-10.564406957477331	-0.8461684733056756	0.07734784877032891	0.9597642832622476
-2.1333333333333258	0.0	-2.1333333333333258	0.0	-0.156616777366191	-10.564406957477331	-0.8461742682842597	0.07732895070127947	0.9600051504739541
-3.200000000000003	0.0	-3.200000000000003	0.0	-0.21487725067681432	-10.564406957477331	-0.8461669601723788	0.07730105968398276	0.9598219218362761
-4.266666666666666	0.0	-4.266666666666666	0.0	-0.27313708001714876	-10.564406957477331	-0.8461623349209526	0.07727745051197324	0.9596285949118439
-5.333333333333329	0.0	-5.333333333333329	0.0	-0.331396821754486	-10.564406957477331	-0.846165758250894	0.07728531665882908	0.9599590481998846
-6.400000000000006	0.0	-6.400000000000006	0.0	-0.3896570262734731	-10.564406957477331	-0.8461720790701277	0.07723158432962364	0.9598008560159785
-7.466666666666669	0.0	-7.466666666666669	0.0	-0.4479182363120456	-10.564406957477331	-0.8461593193858014	0.0772195436518988	0.9597467910120769
-8.533333333333331	0.0	-8.533333333333331	0.0	-0.506180985326591	-10.564406957477331	-0.8461639017114589	0.07719931488406342	0.9598367634203171
-9.599999999999994	0.0	-9.599999999999994	0.0	-0.564445795898144	-10.564406957477331	-0.8461708878800859	0.07718693080020017	0.95978243013037
-10.666666666666671	0.0	-10.666666666666671	0.0	-0.6227131781914472	-10.564406957477331	-0.8461802564287964	0.0771328336019728	0.9597108621448551
-11.733333333333334	0.0	-11.733333333333334	0.0	-0.6809836284786798	-10.564406957477331	-0.8461727014937536	0.07710264605612617	0.9597673524546088
-12.799999999999997	0.0	-12.799999999999997	0.0	-0.7392576277396917	-10.564406957477331	-0.8461661875085674	0.07707551697119874	0.959707245648961
-13.86666666666666	0.0	-13.86666666666666	0.0	-0.7975356403505398	-10.564406957477331	-0.846169653764276	0.07706422749440148	0.9598889826162252
-14.933333333333337	0.0	-14.933333333333337	0.0	-0.8558181128721578	-10.564406957477331	-0.8461579994184568	0.077025562109515	0.9596011009578947
-16.0	0.0	-16.0	0.0	-0.9141054729509707	-10.564406957477331	-0.8461636119625298	0.07697450190932331	0.9595260452537879
-17.066666666666663	0.0	-17.066666666666663	0.0	-0.9723981283432802	-10.564406957477331	-0.8461690849978594	0.0769672152603259	0.9597660110243812
-18.133333333333326	0.0	-18.133333333333326	0.0	-1.0306964660752267	-10.564406957477331	-0.8461632792878333	0.07690382463348015	0.9594711861231915
-19.200000000000003	0.0	-19.200000000000003	0.0	-1.0890008517501555	-10.564406957477331	-0.8461669065151698	0.07689134396664063	0.959498422522536
-20.266666666666666	0.0	-20.266666666666666	0.0	-1.147311629015197	-10.564406957477331	-0.8461485557496526	0.07684856843953605	0.9592600557367749
-21.33333333333333	0.0	-21.33333333333333	0.0	-1.2056291191988913	-10.564406957477331	-0.846160950564958	0.07682318857962576	0.9593038185565267
-22.400000000000006	0.0	-22.400000000000006	0.0	-1.263953621131659	-10.564406957477331	-0.8461712098233405	0.07681294005268526	0.9593608025126048
-23.46666666666667	0.0	-23.46666666666667	0.0	-1.322285411160945	-10.564406957477331	-0.8461738390265863	0.07678461977771561	0.959561931195242
-24.53333333333333	0.0	-24.53333333333333	0.0	-1.3806247433728562	-10.564406957477331	-0.8461632900192748	0.07677247178557257	0.9595593449177626
-25.599999999999994	0.0	-25.599999999999994	0.0	-1.438971850032102	-10.564406957477331	-0.846177992094572	0.07673324836571119	0.9594118949071213
-26.66666666666667	0.0	-26.66666666666667	0.0	-1.497326942252062	-10.564406957477331	-0.846180031068518	0.07670963919370162	0.9592844804983622
-27.733333333333334	0.0	-27.733333333333334	0.0	-1.555690210906793	-10.564406957477331	-0.8461586862307329	0.076698006310766	0.9595333962914355
-28.799999999999997	0.0	-28.799999999999997	0.0	-1.614061827796803	-10.564406957477331	-0.8461776594198757	0.07669430396333726	0.9596169191031404
-29.86666666666666	0.0	-29.86666666666666	0.0	-1.6724419470803977	-10.564406957477331	-0.8461705337425052	0.07664772950582753	0.9594815741588753
-30.933333333333337	0.0	-30.933333333333337	0.0	-1.7308307069824265	-10.564406957477331	-0.8461661016570327	0.07660340865110044	0.9593597830256317
-32.0	0.0	-32.0	0.0	-1.7892282317922377	-10.564406957477331	-0.8461726692994281	0.07657976728476541	0.9592874853020724
-33.06666666666666	0.0	-33.06666666666666	0.0	-1.8476346341626735	-10.564406957477331	-0.8461717142011058	0.07658656028743914	0.9593934260957444
-34.133333333333326	0.0	-34.133333333333326	0.0	-1.9060500177219062	-10.564406957477331	-0.8461723902819404	0.07652594910402549	0.9592481652992348
-35.2	0.0	-35.2	0.0	-1.9644744800099465	-10.564406957477331	-0.8461731307514269	0.07651296405942026	0.9592986460015682
-36.266666666666666	0.0	-36.266666666666666	0.0	-2.0229081157516333	-10.564406957477331	-0.8461781852605249	0.07649640544468811	0.9592984528356153
-37.33333333333333	0.0	-37.33333333333333	0.0	-2.0813510204779293	-10.564406957477331	-0.8461590081739879	0.07644854321415964	0.9592163787685566
-38.39999999999999	0.0	-38.39999999999999	0.0	-2.139803294507338	-10.564406957477331	-0.8461839480447838	0.07640153949897696	0.9590921194036939
-39.46666666666667	0.0	-39.46666666666667	0.0	-2.1982650472992535	-10.564406957477331	-0.8461668957837276	0.07640722716314291	0.9593619293139952
-40.53333333333333	0.0	-40.53333333333333	0.0	-2.256736402191068	-10.564406957477331	-0.8461826602717645	0.07635757278183014	0.9593151724219752
-41.599999999999994	0.0	-41.599999999999994	0.0	-2.315217501530861	-10.564406957477331	-0.8461689884148826	0.07631989468959122	0.9591911598802736
-42.66666666666667	0.0	-42.66666666666667	0.0	-2.37370851221747	-10.564406957477331	-0.8461832612325071	0.07631093393566937	0.9593905178750108
-43.733333333333334	0.0	-43.733333333333334	0.0	-2.432209631659771	-10.564406957477331	-0.8461733346488214	0.07629694013553287	0.9596571083527656
-44.8	0.0	-44.8	0.0	-2.4907210941669966	-10.564406957477331	-0.8461572911432965	0.0762593586262704	0.9594597034804403
-45.86666666666666	0.0	-45.86666666666666	0.0	-2.549243177781886	-10.564406957477331	-0.8461780564832232	0.07624217758791248	0.9594677091360403
-46.93333333333334	0.0	-46.93333333333334	0.0	-2.6077762115685053	-10.564406957477331	-0.8461676577160969	0.07625049445532495	0.9593559089751327
-48.0	0.0	-48.0	0.0	-2.666320583366545	-10.564406957477331	-0.8461732273344025	0.07621210808792579	0.9593655136155641
-49.06666666666666	0.0	-49.06666666666666	0.0	-2.724876748023921	-10.564406957477331	-0.8461665523775889	0.07617190810685863	0.9592689306391614
-50.133333333333326	0.0	-50.133333333333326	0.0	-2.7834452361194826	-10.564406957477331	-0.8461810720183749	0.07619598946230839	0.9594202332374171
-51.19999999999999	0.0	-51.19999999999999	0.0	-2.842026663187659	-10.564406957477331	-0.846179022312987	0.07619990643857358	0.9594818961021295
-52.26666666666665	0.0	-52.26666666666665	0.0	-2.9006217394568647	-10.564406957477331	-0.8461675933274461	0.07617925914450702	0.9591477511981019
-53.33333333333334	0.0	-53.33333333333334	0.0	-2.9592312801134577	-10.564406957477331	-0.8461801169200527	0.07617194030118409	0.9591596630985247
-54.400000000000006	0.0	-54.400000000000006	0.0	-3.0178562161030937	-10.564406957477331	-0.8461719288299422	0.0761879623438251	0.9593919236938896
-55.46666666666667	0.0	-55.46666666666667	0.0	-3.076497605481298	-10.564406957477331	-0.8461822417455341	0.07613418708885245	0.9591620347471675
-56.53333333333333	0.0	-56.53333333333333	0.0	-3.135156645325031	-10.564406957477331	-0.8461656509364759	0.07612526926069793	0.9591413552587753
-57.599999999999994	0.0	-57.599999999999994	0.0	-3.193834684217122	-10.564406957477331	-0.8461724761334755	0.07617992449390006	0.9593758157997138
-58.66666666666666	0.0	-58.66666666666666	0.0	-3.25253323531534	-10.564406957477331	-0.8461803637432148	0.07617010522463243	0.9593977937925664
-59.73333333333332	0.0	-59.73333333333332	0.0	-3.311253990017958	-10.564406957477331	-0.8461740429239815	0.07616711115236396	0.959601412169707
-60.80000000000001	0.0	-60.80000000000001	0.0	-3.3699988322376004	-10.564406957477331	-0.8461644275521087	0.07616428878316463	0.9594934967907394
-61.866666666666674	0.0	-61.866666666666674	0.0	-3.4287698532951953	-10.564406957477331	-0.8461742038956088	0.07613163300569871	0.9593186923348926
-62.93333333333334	0.0	-62.93333333333334	0.0	-3.4875693674458788	-10.564406957477331	-0.8461569155428326	0.07615904110811343	0.9593169860356433
-64.0	0.0	-64.0	0.0	-3.546399928048623	-10.564406957477331	-0.846176317989648	0.07615821478709303	0.9593583879381943
-65.06666666666666	0.0	-65.06666666666666	0.0	-3.605264344391439	-10.564406957477331	-0.8461611437309107	0.07614023962204033	0.9592132559189865
-66.13333333333333	0.0	-66.13333333333333	0.0	-3.6641656991839646	-10.564406957477331	-0.846172894659706	0.0761360758226132	0.9593052673011726
-67.19999999999999	0.0	-67.19999999999999	0.0	-3.723107366729244	-10.564406957477331	-0.8461663377487528	0.0761246361056304	0.9592875604221655
-68.26666666666665	0.0	-68.26666666666665	0.0	-3.782093031786535	-10.564406957477331	-0.8461696108385084	0.07614019669627309	0.9591941324896591
-69.33333333333334	0.0	-69.33333333333334	0.0	-3.8411267091369456	-10.564406957477331	-0.8461752019196982	0.07612327321251894	0.9592205854937516
-70.4	0.0	-70.4	0.0	-3.9002127638637214	-10.564406957477331	-0.8461696215699505	0.0760996533090676	0.9590056561769296
-71.46666666666667	0.0	-71.46666666666667	0.0	-3.959355932359017	-10.564406957477331	-0.8461678938078172	0.0761235414985645	0.959197266070671
-72.53333333333333	0.0	-72.53333333333333	0.0	-4.018561344068946	-10.564406957477331	-0.8461830466036705	0.07613489536401272	0.9593824907565272
-73.6	0.0	-73.6	0.0	-4.077834543988736	-10.564406957477331	-0.846172240041755	0.07613565729638216	0.9592700789034369
-74.66666666666666	0.0	-74.66666666666666	0.0	-4.137181515919814	-10.564406957477331	-0.8461928336786122	0.07610067279604069	0.9591377494943232
-75.73333333333332	0.0	-75.73333333333332	0.0	-4.19660870650064	-10.564406957477331	-0.8461574628463656	0.07612328394396077	0.9592160353624186
-76.80000000000001	0.0	-76.80000000000001	0.0	-4.256123050023082	-10.564406957477331	-0.8461621954122092	0.07614705408759762	0.9593731544021421
-77.86666666666667	0.0	-77.86666666666667	0.0	-4.315731994046186	-10.564406957477331	-0.8461694927926486	0.07612766237222432	0.9593267838420266
-78.93333333333334	0.0	-78.93333333333334	0.0	-4.375443525819141	-10.564406957477331	-0.8461666274976823	0.07613016279816898	0.959233184206451
-80.0	0.0	-80.0	0.0	-4.435266199525242	-10.564406957477331	-0.8461773482080623	0.07613145057118763	0.959377640144824
-80.0	0.0	-80.0	0.0	-4.380060909566294	-10.564406957477331	-0.8454774757667228	0.07612432489381753	0.959254582701445
-78.93333333333334	0.0	-78.93333333333334	0.0	-4.318197730509417	-10.564406957477331	-0.8461692459694864	0.07613420855173607	0.9593431707536898
-77.86666666666666	0.0	-77.86666666666666	0.0	-4.256627645195748	-10.564406957477331	-0.8461806320292604	0.076158461610255	0.9595129421633224
-76.8	0.0	-76.8	0.0	-4.195328882143961	-10.564406957477331	-0.8461837548788311	0.07613101058207304	0.9593184133174052
-75.73333333333333	0.0	-75.73333333333333	0.0	-4.1342809326230165	-10.564406957477331	-0.8461667348121001	0.07614235371607941	0.9592767431288084
-74.66666666666667	0.0	-74.66666666666667	0.0	-4.073464498932334	-10.564406957477331	-0.8461724117448243	0.07614226786454478	0.9594240321678227
-73.6	0.0	-73.6	0.0	-4.012861444010001	-10.564406957477331	-0.8461596305976138	0.07614066887971321	0.959209478451465
-72.53333333333333	0.0	-72.53333333333333	0.0	-3.9524547423527756	-10.564406957477331	-0.8461681084366532	0.07613429440327074	0.9593958406701552
-71.46666666666667	0.0	-71.46666666666667	0.0	-3.8922284322315646	-10.564406957477331	-0.8461699005874387	0.07613879087739425	0.9594289900939446
-70.4	0.0	-70.4	0.0	-3.832167569186148	-10.564406957477331	-0.8461692137751615	0.07614430683849105	0.959243754676646
-69.33333333333333	0.0	-69.33333333333333	0.0	-3.7722581807828357	-10.564406957477331	-0.8461733453802629	0.07614752627103782	0.9593381699018004
-68.26666666666667	0.0	-68.26666666666667	0.0	-3.712487222618799	-10.564406957477331	-0.8461668206636349	0.07612078351801603	0.9591476224207994
-67.2	0.0	-67.2	0.0	-3.652842535556789	-10.564406957477331	-0.8461724975963592	0.07613541047322021	0.9591167158683508
-66.13333333333333	0.0	-66.13333333333333	0.0	-3.5933128041739804	-10.564406957477331	-0.8461686235458608	0.07612753359492246	0.9592045956454355
-65.06666666666666	0.0	-65.06666666666666	0.0	-3.533887516408651	-10.564406957477331	-0.8461709308058525	0.07612299419503155	0.9592448170893865
-64.0	0.0	-64.0	0.0	-3.474556924388418	-10.564406957477331	-0.8461776594198757	0.07611495634510641	0.9591002001793864
-62.93333333333334	0.0	-62.93333333333334	0.0	-3.4153120064237723	-10.564406957477331	-0.8461790008501034	0.07614663556136655	0.9592409966960969
-61.86666666666667	0.0	-61.86666666666667	0.0	-3.356144430150613	-10.564406957477331	-0.8461693318210215	0.07611986061401942	0.9592696925715312
-60.8	0.0	-60.8	0.0	-3.2970465168055205	-10.564406957477331	-0.8461875752721195	0.07613964939274015	0.9591664131754309
-59.733333333333334	0.0	-59.733333333333334	0.0	-3.2380112066174873	-10.564406957477331	-0.846160746667563	0.07613867283153425	0.9592639083243888
-58.66666666666667	0.0	-58.66666666666667	0.0	-3.179032025299821	-10.564406957477331	-0.8461920824776848	0.07614020742771484	0.9593568104162461
-57.6	0.0	-57.6	0.0	-3.1201030516259602	-10.564406957477331	-0.8461670352924716	0.07609042426910026	0.9591400996800822
-56.53333333333333	0.0	-56.53333333333333	0.0	-3.061218886072913	-10.564406957477331	-0.846157623817993	0.07612362735009903	0.9593135949000267
-55.46666666666667	0.0	-55.46666666666667	0.0	-3.002374620516045	-10.564406957477331	-0.8461678294191657	0.07613809333367585	0.9594700700532414
-54.4	0.0	-54.4	0.0	-2.943565808958942	-10.564406957477331	-0.8461671318754475	0.07614114106315345	0.9593754616621343
-53.33333333333333	0.0	-53.33333333333333	0.0	-2.884788439282071	-10.564406957477331	-0.8461829178263683	0.07615175445911593	0.959394563628578
-52.266666666666666	0.0	-52.266666666666666	0.0	-2.826038905993961	-10.564406957477331	-0.8461935634166565	0.07611709190202912	0.9591536642225462
-51.2	0.0	-51.2	0.0	-2.7673139839686236	-10.564406957477331	-0.8461683874541408	0.07614734383652683	0.9593162777604824
-50.13333333333333	0.0	-50.13333333333333	0.0	-2.7086108031529483	-10.564406957477331	-0.8461881333070942	0.07613659093182072	0.9593407239849541
-49.06666666666666	0.0	-49.06666666666666	0.0	-2.649926824227785	-10.564406957477331	-0.8461755238629527	0.07614705408759766	0.959328876473182
-48.0	0.0	-48.0	0.0	-2.591259815206436	-10.564406957477331	-0.8461908054361079	0.07614103374873521	0.9594202976260681
-46.93333333333334	0.0	-46.93333333333334	0.0	-2.532607828954294	-10.564406957477331	-0.8461644275521084	0.07611004134475176	0.9591057483348085
-45.86666666666667	0.0	-45.86666666666667	0.0	-2.473969181613334	-10.564406957477331	-0.8461704908167378	0.07612734042896965	0.95908885704538
-44.8	0.0	-44.8	0.0	-2.415342431915193	-10.564406957477331	-0.8461720039500351	0.07612816674999001	0.9592097682003934
-43.733333333333334	0.0	-43.733333333333334	0.0	-2.356726361366558	-10.564406957477331	-0.8461699971704144	0.07614871746108014	0.959216915340648
-42.666666666666664	0.0	-42.666666666666664	0.0	-2.29811995529058	-10.564406957477331	-0.8461714888408274	0.07614918964452033	0.9593918056480297
-41.6	0.0	-41.6	0.0	-2.2395223847080508	-10.564406957477331	-0.8461891420626257	0.07612665361669307	0.9592339246759367
-40.53333333333333	0.0	-40.53333333333333	0.0	-2.180932989042046	-10.564406957477331	-0.8461702761879016	0.07613816845376858	0.9591262883144567
-39.46666666666667	0.0	-39.46666666666667	0.0	-2.122351259629783	-10.564406957477331	-0.8461605964273774	0.07611575047180137	0.9592225278847208
-38.4	0.0	-38.4	0.0	-2.0637768240253935	-10.564406957477331	-0.8461650929015009	0.07611843333225704	0.9591357534461443
-37.333333333333336	0.0	-37.333333333333336	0.0	-2.0052094310773465	-10.564406957477331	-0.8461730770942175	0.07613337149927388	0.9591914818235289
-36.266666666666666	0.0	-36.266666666666666	0.0	-1.946648936764245	-10.564406957477331	-0.84616590849108	0.07614087277710785	0.9590861097962728
-35.2	0.0	-35.2	0.0	-1.8880952907727155	-10.564406957477331	-0.8461694176725562	0.07613654800605338	0.9591485131304706
-34.13333333333333	0.0	-34.13333333333333	0.0	-1.8295485238011158	-10.564406957477331	-0.8461787325640573	0.07614022889059852	0.959143844953278
-33.06666666666667	0.0	-33.06666666666667	0.0	-1.771008735572786	-10.564406957477331	-0.8461650177814083	0.07612155618182735	0.959174569071216
-32.0	0.0	-32.0	0.0	-1.7124760835425616	-10.564406957477331	-0.8461762857953217	0.07611550364863943	0.9591076478000109
-30.933333333333337	0.0	-30.933333333333337	0.0	-1.6539507722802793	-10.564406957477331	-0.8461739141466793	0.07615815039844219	0.9592640800274578
-29.866666666666667	0.0	-29.866666666666667	0.0	-1.5954330435149888	-10.564406957477331	-0.8461701474105997	0.0761540080618986	0.9592671921455862
-28.799999999999997	0.0	-28.799999999999997	0.0	-1.536923166823607	-10.564406957477331	-0.8461863518877522	0.07615619727603044	0.9591963217037903
-27.733333333333334	0.0	-27.733333333333334	0.0	-1.478421430947724	-10.564406957477331	-0.8461783569635943	0.0761515612931631	0.9592956733921838
-26.666666666666664	0.0	-26.666666666666664	0.0	-1.4199281357222944	-10.564406957477331	-0.8461727444195205	0.07614287955672872	0.95922234545021
-25.6	0.0	-25.6	0.0	-1.3614435845999364	-10.564406957477331	-0.8461722400417555	0.0761509603324211	0.9590071800416681
-24.53333333333333	0.0	-24.53333333333333	0.0	-1.302968077754553	-10.564406957477331	-0.8461825636887887	0.07616519022427772	0.9592589396668249
-23.46666666666667	0.0	-23.46666666666667	0.0	-1.2445019057480127	-10.564406957477331	-0.8461625066240224	0.07617869037809044	0.9592985064928247
-22.4	0.0	-22.4	0.0	-1.1860453437435996	-10.564406957477331	-0.8461752663083493	0.07619315636166726	0.9593626912463651
-21.333333333333336	0.0	-21.333333333333336	0.0	-1.1275986462499692	-10.564406957477331	-0.846166659692007	0.07615069204637549	0.959220199161846
-20.266666666666666	0.0	-20.266666666666666	0.0	-1.0691620423793182	-10.564406957477331	-0.8461828963634845	0.07616634921999454	0.9592221308213738
-19.200000000000003	0.0	-19.200000000000003	0.0	-1.010735731603509	-10.564406957477331	-0.8461731951400773	0.07618899256224004	0.9592699072003671
-18.133333333333333	0.0	-18.133333333333333	0.0	-0.9523198799918556	-10.564406957477331	-0.8461740214610977	0.07620737552208205	0.9592587035751046
-17.06666666666667	0.0	-17.06666666666667	0.0	-0.8939146169143085	-10.564406957477331	-0.8461719073670586	0.07623958057899145	0.9596451535265755
-16.0	0.0	-16.0	0.0	-0.8355200321937496	-10.564406957477331	-0.8461628929559276	0.0762407288432664	0.9595934494398748
-14.933333333333337	0.0	-14.933333333333337	0.0	-0.7771361736911329	-10.564406957477331	-0.8461726263736602	0.07623646846086293	0.9595284276338719
-13.866666666666674	0.0	-13.866666666666674	0.0	-0.7187630453071814	-10.564406957477331	-0.8461769618761569	0.07628441654292595	0.9596280798026358
-12.799999999999997	0.0	-12.799999999999997	0.0	-0.6604006053843748	-10.564406957477331	-0.8461621417550004	0.0762773015969976	0.9594976713216086
-11.733333333333334	0.0	-11.733333333333334	0.0	-0.6020487654929477	-10.564406957477331	-0.8461640841459703	0.07630355070369553	0.9597056037383622
-10.666666666666671	0.0	-10.666666666666671	0.0	-0.5437073895846136	-10.564406957477331	-0.8461830680665543	0.07629827083431884	0.9593728217274459
-9.599999999999994	0.0	-9.599999999999994	0.0	-0.4853762934977529	-10.564406957477331	-0.8461628500301601	0.07632235218976857	0.9594286896135737
-8.533333333333331	0.0	-8.533333333333331	0.0	-0.4270552447977797	-10.564406957477331	-0.8461713600635257	0.07635789472508474	0.959586645705759
-7.466666666666669	0.0	-7.466666666666669	0.0	-0.36874396293640566	-10.564406957477331	-0.8461640841459704	0.0764161449912974	0.9597276675827489
-6.400000000000006	0.0	-6.400000000000006	0.0	-0.31044211971353775	-10.564406957477331	-0.8461581281957584	0.07647200214598365	0.9597859929690542
-5.333333333333329	0.0	-5.333333333333329	0.0	-0.2521493400255208	-10.564406957477331	-0.8461718751727331	0.07648877538955227	0.9597890406985321
-4.266666666666666	0.0	-4.266666666666666	0.0	-0.1938652028834597	-10.564406957477331	-0.8461637192769481	0.07652174237883104	0.9597473919728189
-3.200000000000003	0.0	-3.200000000000003	0.0	-0.1355892426853284	-10.564406957477331	-0.846166863589402	0.07655336793788205	0.9597438613284593
-2.13333333333334	0.0	-2.13333333333334	0.0	-0.07732095072560852	-10.564406957477331	-0.8461571945603197	0.07660215307240721	0.9598254846749614
-1.0666666666666629	0.0	-1.0666666666666629	0.0	-0.01905977692616606	-10.564406957477331	-0.8461799237541001	0.07663723415572504	0.9599257270730258
0.0	0.0	0.0	0.0	0.0391948682279	-10.564406957477331	-0.8461726907623123	0.07664293255133282	0.9596176488411845
1.0666666666666629	0.0	1.0666666666666629	0.0	0.0974436115637267	-10.564406957477331	-0.8461788184155918	0.07669004358093369	0.9596911914119941
2.1333333333333258	0.0	2.1333333333333258	0.0	0.1556871149237345	-10.564406957477331	-0.8461659621482889	0.07671938334287652	0.9595160006242416
3.200000000000003	0.0	3.200000000000003	0.0	0.2139260727125422	-10.564406957477331	-0.8461600276609612	0.07674112524400893	0.9594195786194664
4.266666666666666	0.0	4.266666666666666	0.0	0.27216120930401666	-10.564406957477331	-0.8461758458062075	0.07679953648184892	0.9595156035608945
5.333333333333329	0.0	5.333333333333329	0.0	0.33039327632474647	-10.564406957477331	-0.8461859762872873	0.07682606460603424	0.9595579283674425
6.400000000000006	0.0	6.400000000000006	0.0	0.38862304983020113	-10.564406957477331	-0.8461650714386179	0.07683569070934897	0.9593240151300371
7.466666666666669	0.0	7.466666666666669	0.0	0.44685132738985966	-10.564406957477331	-0.8461808573895389	0.07685067180213324	0.9594310934565418
8.533333333333331	0.0	8.533333333333331	0.0	0.5050789250975919	-10.564406957477331	-0.8461767365158792	0.07687097569006145	0.9593068448231209
9.599999999999994	0.0	9.599999999999994	0.0	0.5633066745235548	-10.564406957477331	-0.8461771979678775	0.0768919341959409	0.9590856268813905
10.666666666666671	0.0	10.666666666666671	0.0	0.621535419623892	-10.564406957477331	-0.8461715103037112	0.0769429729332488	0.9594022473409227
11.733333333333334	0.0	11.733333333333334	0.0	0.6797660136245051	-10.564406957477331	-0.846164760226805	0.07695327511739841	0.9593468838325601
12.799999999999997	0.0	12.799999999999997	0.0	0.7379993158951843	-10.564406957477331	-0.846166316285869	0.07694734063007055	0.9591828215499778
13.86666666666666	0.0	13.86666666666666	0.0	0.7962361888303604	-10.564406957477331	-0.8461707161770166	0.07697242000960978	0.9591710706211819
14.933333333333337	0.0	14.933333333333337	0.0	0.8544774947527677	-10.564406957477331	-0.8461761892123455	0.07699359314432558	0.959054323265595
16.0	0.0	16.0	0.0	0.9127240928562825	-10.564406957477331	-0.8461696966900435	0.07702613087593149	0.9592168831463226
17.066666666666663	0.0	17.066666666666663	0.0	0.9709768362042303	-10.564406957477331	-0.8461538034247039	0.07705471943694672	0.9592323578854305
18.133333333333326	0.0	18.133333333333326	0.0	1.0292365687994187	-10.564406957477331	-0.8461734634261237	0.07706430261449419	0.9591812011022626
19.200000000000003	0.0	19.200000000000003	0.0	1.0875041227421884	-10.564406957477331	-0.8461594481631025	0.07709415748564441	0.9590157544636847
20.266666666666666	0.0	20.266666666666666	0.0	1.1457803154927464	-10.564406957477331	-0.8461647387639215	0.07712031000936599	0.9591487706850743
21.33333333333333	0.0	21.33333333333333	0.0	1.2040659472540736	-10.564406957477331	-0.84616408414597	0.07711756276025938	0.959052831595182
22.400000000000006	0.0	22.400000000000006	0.0	1.2623617984916657	-10.564406957477331	-0.8461810612869338	0.07714707422527131	0.9591135178986882
23.46666666666667	0.0	23.46666666666667	0.0	1.3206686276063948	-10.564406957477331	-0.8461603066784481	0.07717788419474379	0.95908980141226
24.53333333333333	0.0	24.53333333333333	0.0	1.3789871687767694	-10.564406957477331	-0.8461783784264779	0.07720059192564029	0.9591572055983475
25.599999999999994	0.0	25.599999999999994	0.0	1.4373181299868607	-10.564406957477331	-0.8461610256850505	0.07722903024647	0.9590917867289975
26.66666666666667	0.0	26.66666666666667	0.0	1.4956621912561816	-10.564406957477331	-0.8461794408392183	0.07727129066436703	0.9591801386895223
27.733333333333334	0.0	27.733333333333334	0.0	1.5540200030877847	-10.564406957477331	-0.8461559389816269	0.07727948948591948	0.9590769880707242
28.799999999999997	0.0	28.799999999999997	0.0	1.6123921851508696	-10.564406957477331	-0.8461544687740971	0.0773131754818004	0.9592125583752679
29.86666666666666	0.0	29.86666666666666	0.0	1.670779325214162	-10.564406957477331	-0.8461513673874103	0.07733503542879289	0.959242509829395
30.933333333333337	0.0	30.933333333333337	0.0	1.7291819783463485	-10.564406957477331	-0.8461622705323021	0.0773850546791276	0.959368615002251
32.0	0.0	32.0	0.0	1.7876006663998416	-10.564406957477331	-0.8461612295824454	0.07737587929636941	0.9592141895544246
33.06666666666666	0.0	33.06666666666666	0.0	1.8460358777941588	-10.564406957477331	-0.8461639446372261	0.07740577709328694	0.9592573514134354
34.133333333333326	0.0	34.133333333333326	0.0	1.9044880676151767	-10.564406957477331	-0.8461627212528587	0.07743412956258204	0.9590021040696862
35.2	0.0	35.2	0.0	1.9629576580465535	-10.564406957477331	-0.8461613476283051	0.0774419205893452	0.9589800509567413
36.266666666666666	0.0	36.266666666666666	0.0	2.021445039149582	-10.564406957477331	-0.8461530522237771	0.077420586483002	0.958920899249415
37.33333333333333	0.0	37.33333333333333	0.0	2.079950570007767	-10.564406957477331	-0.846173688786401	0.07750386247154478	0.9590339549890158
38.39999999999999	0.0	38.39999999999999	0.0	2.1384745802523812	-10.564406957477331	-0.8461630861218802	0.07748076840874273	0.9591434156956056
39.46666666666667	0.0	39.46666666666667	0.0	2.1970173719853	-10.564406957477331	-0.8461687415917207	0.0774578675118935	0.959084489348558
40.53333333333333	0.0	40.53333333333333	0.0	2.2555792221153697	-10.564406957477331	-0.8461560248331611	0.07748573706630654	0.9589733438056023
41.599999999999994	0.0	41.599999999999994	0.0	2.3141603851246044	-10.564406957477331	-0.8461713922578514	0.07750737165302078	0.9589868332279733
42.66666666666667	0.0	42.66666666666667	0.0	2.3727610962804784	-10.564406957477331	-0.8461609076391907	0.07745444418195208	0.958928142972645
43.733333333333334	0.0	43.733333333333334	0.0	2.4313815753105863	-10.564406957477331	-0.8461607466675628	0.07746691411734986	0.9588878464086019
44.8	0.0	44.8	0.0	2.490022030555963	-10.564406957477331	-0.8461603174098902	0.0774962646107345	0.9589061649797928
45.86666666666666	0.0	45.86666666666666	0.0	2.548682663619322	-10.564406957477331	-0.8461510883699229	0.0775244990341695	0.9590383763430461
46.93333333333334	0.0	46.93333333333334	0.0	2.607363674524507	-10.564406957477331	-0.846151077638481	0.0775024351897824	0.9590206050753884
48.0	0.0	48.0	0.0	2.6660652674034075	-10.564406957477331	-0.8461673357728423	0.07750140497136748	0.9591559392882121
49.06666666666666	0.0	49.06666666666666	0.0	2.724787656726653	-10.564406957477331	-0.8461582784359439	0.07747628266606094	0.9590329033077171
50.133333333333326	0.0	50.133333333333326	0.0	2.783531074094322	-10.564406957477331	-0.8461728731968228	0.0775037014999175	0.9590114296926303
51.19999999999999	0.0	51.19999999999999	0.0	2.8422957756029708	-10.564406957477331	-0.8461681191680955	0.0774638127306631	0.9588863010809793
52.26666666666665	0.0	52.26666666666665	0.0	2.901082049805243	-10.564406957477331	-0.8461488776929075	0.0774884843154131	0.958750526879041
53.33333333333334	0.0	53.33333333333334	0.0	2.9598902262783517	-10.564406957477331	-0.8461573018747381	0.07748571560342289	0.9588837255349424
54.400000000000006	0.0	54.400000000000006	0.0	3.0187206848176857	-10.564406957477331	-0.8461608539819808	0.0775143900159727	0.9589506146118218
55.46666666666667	0.0	55.46666666666667	0.0	3.0775738652718507	-10.564406957477331	-0.8461657689823359	0.07747271982737583	0.9589621294488977
56.53333333333333	0.0	56.53333333333333	0.0	3.13645027803539	-10.564406957477331	-0.8461670460239128	0.07751605338945523	0.9589620972545718
57.599999999999994	0.0	57.599999999999994	0.0	3.195350515215478	-10.564406957477331	-0.8461725941793352	0.07747129254561344	0.9589981227047701
58.66666666666666	0.0	58.66666666666666	0.0	3.2542752624888656	-10.564406957477331	-0.8461763931097406	0.07749064133521945	0.9590102706969137
59.73333333333332	0.0	59.73333333333332	0.0	3.3132253116653385	-10.564406957477331	-0.8461672606527492	0.07751103107468228	0.9590179651407003
60.80000000000001	0.0	60.80000000000001	0.0	3.372201573973985	-10.564406957477331	-0.8461776272255501	0.07749811041872798	0.9589532330836263
61.866666666666674	0.0	61.866666666666674	0.0	3.431205094088528	-10.564406957477331	-0.8461784964723376	0.07749548121548142	0.95897927829293
62.93333333333334	0.0	62.93333333333334	0.0	3.490237064908026	-10.564406957477331	-0.8461596198661716	0.07749066279810307	0.9589878097891793
64.0	0.0	64.0	0.0	3.549298843109189	-10.564406957477331	-0.8461839480447837	0.07750765067050815	0.9590564588225182
65.06666666666666	0.0	65.06666666666666	0.0	3.6083919654866037	-10.564406957477331	-0.8461686235458611	0.07752314687249988	0.959129411164027
66.13333333333333	0.0	66.13333333333333	0.0	3.667518166097146	-10.564406957477331	-0.8461624529668131	0.07750735019013717	0.959075829075007
67.19999999999999	0.0	67.19999999999999	0.0	3.7266793942248477	-10.564406957477331	-0.8461827890490666	0.07751692263624287	0.9590890394798908
68.26666666666665	0.0	68.26666666666665	0.0	3.7858778331825	-10.564406957477331	-0.8461870279685862	0.07751416465569445	0.9591196133576426
69.33333333333334	0.0	69.33333333333334	0.0	3.845115919966272	-10.564406957477331	-0.8461623349209529	0.0774962538792926	0.9590883848619397
70.4	0.0	70.4	0.0	3.9043963657796077	-10.564406957477331	-0.8461779706316882	0.07748986867140824	0.9589965022570557
71.46666666666667	0.0	71.46666666666667	0.0	3.9637221774427083	-10.564406957477331	-0.8461649104669903	0.07750702824688244	0.9590243932743521
72.53333333333333	0.0	72.53333333333333	0.0	4.023096679703835	-10.564406957477331	-0.8461643524320163	0.07750951794138529	0.959108130714893
73.6	0.0	73.6	0.0	4.082523538468745	-10.564406957477331	-0.846160821787656	0.07751339199188317	0.959108377538055
74.66666666666666	0.0	74.66666666666666	0.0	4.142006784964515	-10.564406957477331	-0.846169460598323	0.07748262494817808	0.9589151579280404
75.73333333333332	0.0	75.73333333333332	0.0	4.201550840854042	-10.564406957477331	-0.846166208971451	0.0775298110978717	0.9590056347140464
76.80000000000001	0.0	76.80000000000001	0.0	4.261160544317486	-10.564406957477331	-0.8461530629552182	0.0775040449060558	0.9591315574523916
77.86666666666667	0.0	77.86666666666667	0.0	4.320841177116942	-10.564406957477331	-0.8461771013849004	0.07752922086857147	0.9592716778882684
78.93333333333334	0.0	78.93333333333334	0.0	4.380598492660622	-10.564406957477331	-0.8461669172466111	0.07749988110662863	0.9591469463399653
80.0	0.0	80.0	0.0	4.440438745082791	-10.564406957477331	-0.8461737961008192	0.07752131179594823	0.95919649340686
