Hysterese	V-MOKE
Charge	2020_0446
Sample	1
Sample State	bFC
User	Meike Reginka
Sample Angle	40.0
Magnetic Field Angle	90.0
Detektor Averages	300
Hysteresus Points	150
Magnetic Field [kA/m]	80
Hysteresis Averages	100
Polarization	p-polarization
Measurement Method	Scan Both Angles
Max Voltage Correction	No
Training Effect Elimination	No
Magnetic field [kA/m]	Magnetic field transversal [kA/m]	Magnetic field longitudinal [kA/m]	Magnetic field transversal [V]	Magnetic field longitudinal [V]	Detector diff transversal [V]	Detector diff longitudinal [V]	Detector raw transversal [V]	Detector raw longitudinal [V]
80.0	80.0	0.0	-4.342489581062203	0.0	-10.564405669704316	-0.8455481101167986	0.08110994886716752	1.019155816849849
78.93333333333334	78.93333333333334	0.0	-4.283945631442396	0.0	-10.56440664626552	-0.8462662796664456	0.08108413974958432	1.0190972982975912
77.86666666666666	77.86666666666666	0.0	-4.225481927972428	0.0	-10.564406957477331	-0.8462489376564605	0.08109035325439957	1.0192510047388144
76.8	76.8	0.0	-4.167093947216811	0.0	-10.564403222935574	-0.8462543999603481	0.08113027421797937	1.0193803078813333
75.73333333333333	75.73333333333333	0.0	-4.108777426500553	0.0	-10.564406506756775	-0.8462554194473215	0.08109836964144103	1.0191665053659045
74.66666666666667	74.66666666666667	0.0	-4.050528351430542	0.0	-10.564406957477331	-0.8462478967066036	0.08112864303882232	1.0192194006426476
73.6	73.6	0.0	-3.992342943813344	0.0	-10.564399424005169	-0.8462550867726251	0.08107822672514012	1.0189589914753823
72.53333333333333	72.53333333333333	0.0	-3.934217649963252	0.0	-10.564404328274083	-0.8462555374931814	0.08110060178134003	1.0189705921639918
71.46666666666667	71.46666666666667	0.0	-3.876149129394453	0.0	-10.564406957477331	-0.8462621802556697	0.08110828549368503	1.0191283121644577
70.4	70.4	0.0	-3.818134243891202	0.0	-10.564404575097242	-0.8462638007033851	0.08109813354972091	1.0189963583558086
69.33333333333333	69.33333333333333	0.0	-3.760170046949834	0.0	-10.564405369223943	-0.8462511590649178	0.08108884012110255	1.0188296561385368
68.26666666666667	68.26666666666667	0.0	-3.7022537735865026	0.0	-10.564406324322263	-0.8462646914130562	0.08107705699798147	1.0189620606677425
67.2	67.2	0.0	-3.6443828305044987	0.0	-10.564406442368124	-0.8462597764127014	0.08109132981560534	1.0189972490654784
66.13333333333333	66.13333333333333	0.0	-3.586554786615013	0.0	-10.564406957477331	-0.8462507190758035	0.08109633066749476	1.0189658274038234
65.06666666666666	65.06666666666666	0.0	-3.5287673639052177	0.0	-10.564404961429153	-0.8462545072747666	0.08108691919301637	1.018942368471999
64.0	64.0	0.0	-3.4710184286475108	0.0	-10.564406957477331	-0.8462519746544968	0.08108218662717263	1.0187911839196033
62.93333333333334	62.93333333333334	0.0	-3.4133059829438133	0.0	-10.564406957477331	-0.8462578447531736	0.0810845475443736	1.0189749383979305
61.86666666666667	61.86666666666667	0.0	-3.3556281565987605	0.0	-10.564403040501062	-0.846256074065273	0.08108480509897731	1.018785464061112
60.8	60.8	0.0	-3.2979831993156687	0.0	-10.56440271855781	-0.8462513307679871	0.08109051422602695	1.0190109638481293
59.733333333333334	59.733333333333334	0.0	-3.2403694732091295	0.0	-10.56440589506459	-0.8462715595358223	0.08109872377902111	1.018914337945957
58.66666666666667	58.66666666666667	0.0	-3.1827854456281033	0.0	-10.564406957477331	-0.8462517170998929	0.0810833885486567	1.0186940321767841
57.6	57.6	0.0	-3.1252296822833725	0.0	-10.564402675632044	-0.8462554194473215	0.08107937498941516	1.018795648199401
56.53333333333333	56.53333333333333	0.0	-3.0677008406732234	0.0	-10.564406957477331	-0.8462519531916131	0.08109823013269728	1.018821768528798
55.46666666666667	55.46666666666667	0.0	-3.0101976638012173	0.0	-10.564400518612238	-0.8462712912497768	0.08109665261074936	1.0188666796128254
54.4	54.4	0.0	-2.9527189741799083	0.0	-10.564406785774265	-0.8462676103652319	0.08105255711630066	1.0187702898023745
53.33333333333333	53.33333333333333	0.0	-2.895263668114395	0.0	-10.56440685016291	-0.8462609568713017	0.08110172858273146	1.0188256747736222
52.266666666666666	52.266666666666666	0.0	-2.837830710259539	0.0	-10.564404274616876	-0.8462569325806186	0.08112050860592086	1.0188182700787625
51.2	51.2	0.0	-2.7804191284447413	0.0	-10.564406957477331	-0.8462622875700879	0.08109963595157604	1.0189241250209005
50.13333333333333	50.13333333333333	0.0	-2.7230280087601257	0.0	-10.564405766287289	-0.8462569218491767	0.0811240392502805	1.0189834913570628
49.06666666666666	49.06666666666666	0.0	-2.665656490897999	0.0	-10.564406152619194	-0.8462601842074906	0.08108788502278041	1.0188394646763632
48.0	48.0	0.0	-2.6083037637434527	0.0	-10.564406957477331	-0.8462605168821876	0.08109364780703908	1.0187260869935069
46.93333333333334	46.93333333333334	0.0	-2.5509690612079656	0.0	-10.564406957477331	-0.8462610105285114	0.0810823261359163	1.0187414866125224
45.86666666666667	45.86666666666667	0.0	-2.4936516582998802	0.0	-10.564406957477331	-0.8462538526568153	0.08113137955648712	1.0188938945492867
44.8	44.8	0.0	-2.4363508674256087	0.0	-10.564402611243393	-0.8462563638142018	0.08110025837520167	1.0187695493328892
43.733333333333334	43.733333333333334	0.0	-2.3790660349154367	0.0	-10.564406957477331	-0.8462750901801822	0.08108435437842075	1.0186235802612185
42.666666666666664	42.666666666666664	0.0	-2.3217965377677903	0.0	-10.564406957477331	-0.8462490664337626	0.08110771672726845	1.018685404097559
41.6	41.6	0.0	-2.264541780605829	0.0	-10.564406957477331	-0.8462497317831554	0.08110551678169477	1.0185423110522969
40.53333333333333	40.53333333333333	0.0	-2.207301192840227	0.0	-10.564406957477331	-0.8462598300699107	0.08107494290394239	1.0183716596644348
39.46666666666667	39.46666666666667	0.0	-2.1500742260320136	0.0	-10.56440542288115	-0.846252403912169	0.08108124226029226	1.0184588204349174
38.4	38.4	0.0	-2.092860351449327	0.0	-10.56440664626552	-0.8462530263357954	0.08111072153097869	1.0183920494038967
37.333333333333336	37.333333333333336	0.0	-2.0356590578119564	0.0	-10.564402954649529	-0.846263178279759	0.08110426120300153	1.0185146561267202
36.266666666666666	36.266666666666666	0.0	-1.978469849217529	0.0	-10.564406957477331	-0.8462622875700879	0.08109920669390315	1.0184524137641504
35.2	35.2	0.0	-1.9212922432432114	0.0	-10.564406957477331	-0.8462415007672774	0.08110258709807723	1.018579667201281
34.13333333333333	34.13333333333333	0.0	-1.8641257692167834	0.0	-10.564403577073158	-0.8462660650376098	0.0810885611036152	1.018370264576998
33.06666666666667	33.06666666666667	0.0	-1.8069699666509589	0.0	-10.564404263885432	-0.846265195790822	0.08109684577670219	1.0184998681998894
32.0	32.0	0.0	-1.7498243838348049	0.0	-10.564406324322263	-0.8462566106373631	0.08112322366070199	1.0185700625608505
30.933333333333337	30.933333333333337	0.0	-1.6926885765761346	0.0	-10.564401881505345	-0.8462586818056356	0.08111386584343272	1.0184047232366906
29.866666666666667	29.866666666666667	0.0	-1.6355621070887316	0.0	-10.564402557586181	-0.8462645197099872	0.08113890229720468	1.0186557423923608
28.799999999999997	28.799999999999997	0.0	-1.5784445430182759	0.0	-10.56440428534832	-0.8462602485961418	0.08110122420496578	1.0183160815272359
27.733333333333334	27.733333333333334	0.0	-1.5213354566008253	0.0	-10.564396784070489	-0.846250622492827	0.0810906644662124	1.0181491432182452
26.666666666666664	26.666666666666664	0.0	-1.4642344239477312	0.0	-10.564404188765343	-0.8462459543156337	0.08113701356344395	1.018271277757628
25.6	25.6	0.0	-1.4071410244508409	0.0	-10.564406957477331	-0.8462426812258786	0.08112809573528944	1.0182392122094615
24.53333333333333	24.53333333333333	0.0	-1.3500548403018546	0.0	-10.564405025817802	-0.8462598837271195	0.08112570262376297	1.01826410915449
23.46666666666667	23.46666666666667	0.0	-1.292975456119707	0.0	-10.564405100937897	-0.8462503542067816	0.08113627309395813	1.0182224282344519
22.4	22.4	0.0	-1.2359024586798253	0.0	-10.564406957477331	-0.8462479610952548	0.08115296048599217	1.0182769332274682
21.333333333333336	21.333333333333336	0.0	-1.1788354367391438	0.0	-10.564406957477331	-0.8462680181600206	0.08114736940480266	1.0183257612877599
20.266666666666666	20.266666666666666	0.0	-1.121773980950723	0.0	-10.564406485293889	-0.8462545394690925	0.08112864303882236	1.0179209605707733
19.200000000000003	19.200000000000003	0.0	-1.0647176838618537	0.0	-10.564406957477331	-0.8462505473727346	0.08114924740712157	1.0181543372360877
18.133333333333333	18.133333333333333	0.0	-1.0076661399894944	0.0	-10.564406957477331	-0.8462559774822965	0.08116202855433224	1.0180579152313123
17.06666666666667	17.06666666666667	0.0	-0.9506189459669213	0.0	-10.564406957477331	-0.8462684259548102	0.08114837816033398	1.0180471408637224
16.0	16.0	0.0	-0.8935757007554419	0.0	-10.56440588433315	-0.846256127722482	0.08114541628239094	1.0180507144338486
14.933333333333337	14.933333333333337	0.0	-0.8365360059150497	0.0	-10.564406957477331	-0.8462454392064264	0.08119683062016265	1.0181382508047954
13.866666666666674	13.866666666666674	0.0	-0.77949946592787	0.0	-10.564406860894358	-0.8462514595452891	0.08117895203808631	1.0180411097934179
12.799999999999997	12.799999999999997	0.0	-0.7224656885682738	0.0	-10.564406195544963	-0.846267739142534	0.08121611502111775	1.0181613234047133
11.733333333333334	11.733333333333334	0.0	-0.6654342853135198	0.0	-10.56440436046841	-0.8462729224289341	0.08124300801432499	1.0181776673906093
10.666666666666671	10.666666666666671	0.0	-0.6084048717887804	0.0	-10.564400250326191	-0.8462663118607715	0.08123924127824533	1.0182405643711314
9.599999999999994	9.599999999999994	0.0	-0.551377068240432	0.0	-10.564400422029255	-0.8462526507353313	0.08119125027041495	1.0178103086741412
8.533333333333331	8.533333333333331	0.0	-0.49435050003146297	0.0	-10.564406957477331	-0.8462523073291932	0.08121412970438058	1.0177197138422762
7.466666666666669	7.466666666666669	0.0	-0.4373247981528619	0.0	-10.564403856090646	-0.8462533160847242	0.08124580892064066	1.0176660351702786
6.400000000000006	6.400000000000006	0.0	-0.3802995997448602	0.0	-10.564404038525156	-0.8462745965338585	0.08124909274183834	1.0177063424657637
5.333333333333329	5.333333333333329	0.0	-0.3232745486218845	0.0	-10.564404403394184	-0.8462585637597755	0.08123677304662612	1.017739051900439
4.266666666666666	4.266666666666666	0.0	-0.2662492957950903	0.0	-10.564406957477331	-0.8462483688900445	0.081239498832849	1.0172202188826456
3.200000000000003	3.200000000000003	0.0	-0.20922349998633066	0.0	-10.56440280440935	-0.8462660972319354	0.08123008735837066	1.0171698562261722
2.13333333333334	2.13333333333334	0.0	-0.15219682812743746	0.0	-10.564405090206451	-0.8462602056703749	0.08122899275130477	1.017117100458172
1.0666666666666629	1.0666666666666629	0.0	-0.09516895583866962	0.0	-10.564406957477331	-0.846256835997642	0.08125072392099536	1.016820161462944
0.0	0.0	0.0	-0.0381395678802	0.0	-10.564406957477331	-0.8462482508441842	0.08121013760802258	1.0166618190388517
-1.0666666666666629	-1.0666666666666629	0.0	0.01889164142950607	0.0	-10.564404864846175	-0.8462602700590256	0.08123659061211512	1.0168817921333306
-2.1333333333333258	-2.1333333333333258	0.0	0.07592496783454125	0.0	-10.564401978088327	-0.8462680074285797	0.08119972810945467	1.016562048824229
-3.200000000000003	-3.200000000000003	0.0	0.13296069680778344	0.0	-10.564406957477331	-0.8462646592187306	0.08118924349079412	1.0164364694920216
-4.266666666666666	-4.266666666666666	0.0	0.1899991032686266	0.0	-10.564406957477331	-0.8462626309762262	0.08118279389425881	1.0163265687963168
-5.333333333333329	-5.333333333333329	0.0	0.2470404513583625	0.0	-10.564406957477331	-0.8462542175258371	0.08114967666479447	1.0161483195476442
-6.400000000000006	-6.400000000000006	0.0	0.3040849942793354	0.0	-10.564404961429148	-0.8462647236073818	0.0811526921999466	1.0159443684958078
-7.466666666666669	-7.466666666666669	0.0	0.36113297420401097	0.0	-10.564406957477331	-0.8462557735849017	0.08114570603132014	1.0158408422765455
-8.533333333333331	-8.533333333333331	0.0	0.4181846222601038	0.0	-10.564405444344034	-0.8462521248946825	0.0811188023066711	1.0157773121409566
-9.599999999999994	-9.599999999999994	0.0	0.4752401585978824	0.0	-10.564406957477331	-0.846254303377372	0.0811044651003962	1.0155924308612385
-10.666666666666671	-10.666666666666671	0.0	0.5322997925458017	0.0	-10.564406957477331	-0.8462601305502813	0.08107823745658196	1.0155074700363296
-11.733333333333334	-11.733333333333334	0.0	0.5893637228605886	0.0	-10.564406839431472	-0.8462544643489993	0.08107698187788866	1.015450260719974
-12.799999999999997	-12.799999999999997	0.0	0.6464321380779278	0.0	-10.564406957477331	-0.8462647343388231	0.08100201202531654	1.0150225698375779
-13.86666666666666	-13.86666666666666	0.0	0.7035052169698697	0.0	-10.564406957477331	-0.846264401664127	0.08101908574925623	1.0149908262326672
-14.933333333333337	-14.933333333333337	0.0	0.7605831291151076	0.0	-10.564405444344034	-0.8462699176252236	0.08100463049712125	1.015122833698526
-16.0	-16.0	0.0	0.8176660355882505	0.0	-10.5644031263526	-0.8462559130936452	0.08096864797269034	1.0148683375557044
-17.066666666666663	-17.066666666666663	0.0	0.8747540897742391	0.0	-10.564395635806209	-0.846256900386293	0.08094519977230819	1.0147529423617876
-18.133333333333326	-18.133333333333326	0.0	0.9318474383140274	0.0	-10.564406764311379	-0.8462708834549875	0.08094772166113641	1.0147112614417495
-19.200000000000003	-19.200000000000003	0.0	0.9889462221876749	0.0	-10.564404939966272	-0.8462641548409653	0.08093412492434726	1.0145058616452658
-20.266666666666666	-20.266666666666666	0.0	1.0460505779409777	0.0	-10.564406957477331	-0.8462596261725159	0.08086298619650574	1.0142749961373372
-21.33333333333333	-21.33333333333333	0.0	1.1031606390617854	0.0	-10.564403480490185	-0.8462541531371862	0.08087687268222413	1.01421135868733
-22.400000000000006	-22.400000000000006	0.0	1.1602765375121282	0.0	-10.564406635534077	-0.8462572974496411	0.0808580068075001	1.0141516918707976
-23.46666666666667	-23.46666666666667	0.0	1.2173984054222904	0.0	-10.564406957477331	-0.8462663225922136	0.080805412011128	1.0141024130899472
-24.53333333333333	-24.53333333333333	0.0	1.2745263769529795	0.0	-10.564404210228222	-0.8462503327438976	0.08083181135801128	1.0140032223731827
-25.599999999999994	-25.599999999999994	0.0	1.3316605903317076	0.0	-10.56440465021734	-0.8462584671767988	0.08080603443475365	1.0138270872185502
-26.66666666666667	-26.66666666666667	0.0	1.3888011900695343	0.0	-10.564406474562453	-0.8462587354628447	0.08077377572063513	1.013659000645283
-27.733333333333334	-27.733333333333334	0.0	1.4459483293643003	0.0	-10.564406957477331	-0.8462671489132337	0.08074954412499992	1.0136403601308381
-28.799999999999997	-28.799999999999997	0.0	1.5031021726964937	0.0	-10.564406957477331	-0.8462534985192351	0.08072634274777955	1.0134433737847421
-29.86666666666666	-29.86666666666666	0.0	1.5602628986238758	0.0	-10.564406957477331	-0.8462546145891845	0.0807238101275094	1.0134473122238916
-30.933333333333337	-30.933333333333337	0.0	1.6174307027810082	0.0	-10.564406957477331	-0.8462538419253741	0.08067410208898755	1.0132435221436815
-32.0	-32.0	0.0	1.6746058010898164	0.0	-10.564401495173446	-0.8462511161391503	0.08068936219925918	1.0131409939485103
-33.06666666666666	-33.06666666666666	0.0	1.731788433187324	0.0	-10.564406957477331	-0.8462561062595979	0.08067463866107863	1.0131580354781244
-34.133333333333326	-34.133333333333326	0.0	1.788978866076694	0.0	-10.564406957477331	-0.8462767642851063	0.08066631106222437	1.0132792041877416
-35.2	-35.2	0.0	1.8461773980077143	0.0	-10.564406860894358	-0.8462488196106008	0.08064226190110008	1.012850075292142
-36.266666666666666	-36.266666666666666	0.0	1.903384362592853	0.0	-10.564405948721797	-0.8462603559105604	0.08061302945357558	1.0129635173636486
-37.33333333333333	-37.33333333333333	0.0	1.9606001331650438	0.0	-10.564405980916124	-0.8462709156493133	0.08060913394019396	1.0127755883544527
-38.39999999999999	-38.39999999999999	0.0	2.0178251273833046	0.0	-10.564405766287289	-0.8462541531371863	0.08058483795590772	1.0125750820954407
-39.46666666666667	-39.46666666666667	0.0	2.0750598120923507	0.0	-10.564406957477331	-0.8462580915763351	0.0805631819063099	1.0125048018829452
-40.53333333333333	-40.53333333333333	0.0	2.1323047084423257	0.0	-10.564406957477331	-0.8462503971325487	0.0805603488056688	1.0122544051509008
-41.599999999999994	-41.599999999999994	0.0	2.18956039727479	0.0	-10.564406957477331	-0.8462613539346491	0.08053002175107832	1.0122066395033487
-42.66666666666667	-42.66666666666667	0.0	2.246827524781106	0.0	-10.564406957477331	-0.846249785440365	0.08052013809315982	1.0122378679990514
-43.733333333333334	-43.733333333333334	0.0	2.304106808439335	0.0	-10.56440526190952	-0.8462574691527098	0.08052014882460153	1.0121695409089657
-44.8	-44.8	0.0	2.3613990432358243	0.0	-10.564406957477331	-0.846239440330448	0.08048882374592158	1.0119527443212697
-45.86666666666666	-45.86666666666666	0.0	2.4187051081775675	0.0	-10.564405862870265	-0.8462655070026348	0.08048455263207627	1.012007410285913
-46.93333333333334	-46.93333333333334	0.0	2.4760259731015175	0.0	-10.564406957477331	-0.8462792647110513	0.08047231878839861	1.0117935433818315
-48.0	-48.0	0.0	2.53336270578696	0.0	-10.564406957477331	-0.8462581023077769	0.08044956813173493	1.011709816672732
-49.06666666666666	-49.06666666666666	0.0	2.5907164793770994	0.0	-10.564406957477331	-0.8462605490765124	0.08044032836032569	1.0115727117720075
-50.133333333333326	-50.133333333333326	0.0	2.6480885801159855	0.0	-10.564406957477331	-0.8462563852770859	0.08043212953877334	1.011590601085526
-51.19999999999999	-51.19999999999999	0.0	2.705480415406914	0.0	-10.564406957477331	-0.8462527687811914	0.0804387508383777	1.0115154273355598
-52.26666666666665	-52.26666666666665	0.0	2.762893522198445	0.0	-10.564406957477331	-0.8462560526023889	0.08044340828412869	1.0115998945141436
-53.33333333333334	-53.33333333333334	0.0	2.820329575704172	0.0	-10.564406453099568	-0.846271945867728	0.08041880108802965	1.0115292816269519
-54.400000000000006	-54.400000000000006	0.0	2.877790398462363	0.0	-10.564406957477331	-0.8462779662065908	0.08043862206107595	1.0116582842891007
-55.46666666666667	-55.46666666666667	0.0	2.935277969741645	0.0	-10.564406957477331	-0.8462650455506362	0.08045287341581622	1.0117489220467335
-56.53333333333333	-56.53333333333333	0.0	2.9927944352988205	0.0	-10.564405433612592	-0.8462469738026076	0.08042087225630144	1.011660248142954
-57.599999999999994	-57.599999999999994	0.0	3.050342117494992	0.0	-10.564406957477331	-0.846270593706059	0.08045101687638083	1.0118931740877115
-58.66666666666666	-58.66666666666666	0.0	3.1079235257761075	0.0	-10.564406957477331	-0.8462502039665956	0.08044070396078938	1.0116789959718173
-59.73333333333332	-59.73333333333332	0.0	3.1655413675240673	0.0	-10.564406957477331	-0.8462520497745891	0.08043192564137863	1.0118198246828563
-60.80000000000001	-60.80000000000001	0.0	3.223198559284539	0.0	-10.564406957477331	-0.8462484010843696	0.08041988496365375	1.0117158584744785
-61.866666666666674	-61.866666666666674	0.0	3.28089823837759	0.0	-10.564406957477331	-0.8462596154410735	0.08042196686336732	1.0117798929878332
-62.93333333333334	-62.93333333333334	0.0	3.338643774897311	0.0	-10.56440617408208	-0.846258553028334	0.08043748452824266	1.011995058396375
-64.0	-64.0	0.0	3.39643878410653	0.0	-10.564405787750172	-0.8462573725697335	0.08041657967957239	1.0116421012748322
-65.06666666666666	-65.06666666666666	0.0	3.454287139232773	0.0	-10.564406957477331	-0.8462464050361911	0.08043576749755106	1.0117146350901107
-66.13333333333333	-66.13333333333333	0.0	3.5121929846716027	0.0	-10.564406957477331	-0.8462607744367915	0.08041230856572705	1.0118974666644407
-67.19999999999999	-67.19999999999999	0.0	3.570160749603466	0.0	-10.564406957477331	-0.8462559882137383	0.08042222441797105	1.011739210091885
-68.26666666666665	-68.26666666666665	0.0	3.628195162030197	0.0	-10.56440610969343	-0.8462505366412924	0.08044004934283829	1.0118441528614668
-69.33333333333334	-69.33333333333334	0.0	3.6863012632373016	0.0	-10.564406957477331	-0.8462560418709475	0.08039242320402991	1.0116457714279352
-70.4	-70.4	0.0	3.7444844226881497	0.0	-10.564406957477331	-0.8462668806271881	0.08042501459284486	1.011779571044579
-71.46666666666667	-71.46666666666667	0.0	3.802750353356249	0.0	-10.564406957477331	-0.8462441085076412	0.0804452433606804	1.0119183393187858
-72.53333333333333	-72.53333333333333	0.0	3.861105127501684	0.0	-10.564406957477331	-0.846261869043857	0.08044127272720601	1.0119907014309952
-73.6	-73.6	0.0	3.9195551928979	0.0	-10.564401913699678	-0.8462521248946825	0.08041582847864484	1.0119494605000714
-74.66666666666666	-74.66666666666666	0.0	3.9781073895149364	0.0	-10.564406957477331	-0.8462615363691603	0.0804143153453478	1.011773024865068
-75.73333333333332	-75.73333333333332	0.0	4.036768966665268	0.0	-10.564406957477331	-0.8462779125493818	0.08039683382661897	1.0117961296593116
-76.80000000000001	-76.80000000000001	0.0	4.09554760061838	0.0	-10.564406957477331	-0.8462610963800453	0.08040708235355948	1.011829847849517
-77.86666666666667	-77.86666666666667	0.0	4.1544514126901975	0.0	-10.564406957477331	-0.8462623841530638	0.08042383413424448	1.0117911073445378
-78.93333333333334	-78.93333333333334	0.0	4.213488987813546	0.0	-10.564406957477331	-0.8462657216314712	0.08042445655787019	1.0119052362283205
-80.0	-80.0	0.0	4.272669393595734	0.0	-10.564406882357241	-0.8462662045463533	0.08038106933858166	1.0117561979642893
-80.0	-80.0	0.0	4.334632001425141	0.0	-10.564406957477331	-0.8455691759370967	0.08044493214886755	1.0120570110100158
-78.93333333333334	-78.93333333333334	0.0	4.2765525217646445	0.0	-10.564406957477331	-0.8462629743823648	0.08043080957142906	1.011984069399949
-77.86666666666666	-77.86666666666666	0.0	4.2185409905834925	0.0	-10.564405691167199	-0.8462549794582066	0.08041857572775149	1.0119169656942328
-76.8	-76.8	0.0	4.160591136621887	0.0	-10.564406957477331	-0.8462629314565973	0.08040007472204938	1.0119758061897448
-75.73333333333333	-75.73333333333333	0.0	4.1026972267289015	0.0	-10.564406957477331	-0.8462583062051717	0.08042206344634366	1.011886831805594
-74.66666666666667	-74.66666666666667	0.0	4.044854034561523	0.0	-10.564404499977151	-0.846248444010137	0.08043012275915241	1.0119415728903314
-73.6	-73.6	0.0	3.9870568103551984	0.0	-10.564406957477331	-0.8462634143714794	0.0804472179459757	1.0121342559282556
-72.53333333333333	-72.53333333333333	0.0	3.9293012517491834	0.0	-10.564406957477331	-0.8462488196106007	0.08044019958302381	1.0120013040955156
-71.46666666666667	-71.46666666666667	0.0	3.8715834756500076	0.0	-10.564406957477331	-0.8462616222206956	0.08042531507321593	1.0119094322220743
-70.4	-70.4	0.0	3.813899991116364	0.0	-10.564406292127938	-0.8462528760956096	0.08041715917743081	1.0120366320019947
-69.33333333333333	-69.33333333333333	0.0	3.7562476732487218	0.0	-10.564406957477331	-0.846270507854524	0.08045002958373317	1.012033992067307
-68.26666666666667	-68.26666666666667	0.0	3.6986237380669853	0.0	-10.564406667728404	-0.846261987089717	0.0804201854440248	1.0120260078745913
-67.2	-67.2	0.0	3.641025718359479	0.0	-10.564406957477331	-0.8462526507353314	0.08042122639388158	1.0117994242119506
-66.13333333333333	-66.13333333333333	0.0	3.583451440486598	0.0	-10.564406957477331	-0.8462538955825825	0.08039990301898016	1.011649398655271
-65.06666666666666	-65.06666666666666	0.0	3.5258990021224057	0.0	-10.564406957477331	-0.8462651528650545	0.0804085310982055	1.0117379974389586
-64.0	-64.0	0.0	3.4683667509174954	0.0	-10.564406957477331	-0.8462534019362583	0.08037731333394381	1.011609220137088
-62.93333333333334	-62.93333333333334	0.0	3.4108532640664255	0.0	-10.564406957477331	-0.8462681898630906	0.08041970252914271	1.0116664509163285
-61.86666666666667	-61.86666666666667	0.0	3.353357328763028	0.0	-10.564406957477331	-0.8462721283022391	0.08043013349059429	1.0119499326835122
-60.8	-60.8	0.0	3.2958779235269047	0.0	-10.564406957477331	-0.8462558272421107	0.08042388779145355	1.01175732476568
-59.733333333333334	-59.733333333333334	0.0	3.238414200384411	0.0	-10.564406957477331	-0.8462561491853654	0.08039270222151729	1.0117062001768382
-58.66666666666667	-58.66666666666667	0.0	3.1809654678874364	0.0	-10.564406957477331	-0.8462415007672779	0.0804249716670776	1.0117228339116628
-57.6	-57.6	0.0	3.1235311749532944	0.0	-10.564406957477331	-0.8462620407469259	0.08041953082607364	1.0117908390584924
-56.53333333333333	-56.53333333333333	0.0	3.066110895509022	0.0	-10.564406957477331	-0.8462536916851878	0.08042643114316554	1.011836994989772
-55.46666666666667	-55.46666666666667	0.0	3.0087043139233947	0.0	-10.564406957477331	-0.8462616651464623	0.08041578555287753	1.0117176184309375
-54.4	-54.4	0.0	2.9513112112099673	0.0	-10.564406957477331	-0.8462489483879029	0.08041595725594669	1.0116850055792392
-53.33333333333333	-53.33333333333333	0.0	2.8939314519844546	0.0	-10.564406957477331	-0.84626094613986	0.08042779403627692	1.0117393710635119
-52.266666666666666	-52.266666666666666	0.0	2.836564972159741	0.0	-10.564406957477331	-0.8462438402215947	0.08039893718921622	1.0114975594849238
-51.2	-51.2	0.0	2.7792117673618404	0.0	-10.564406957477331	-0.8462563316198768	0.0804164509022705	1.0116107010760593
-50.13333333333333	-50.13333333333333	0.0	2.7218718820501118	0.0	-10.564405369223943	-0.8462651850593796	0.08042871694027369	1.0118272615720385
-49.06666666666666	-49.06666666666666	0.0	2.6645453993250308	0.0	-10.564406957477331	-0.8462443124050355	0.08043129248631113	1.0118385403173937
-48.0	-48.0	0.0	2.60723243140683	0.0	-10.564406957477331	-0.8462591432576337	0.08042144102271796	1.0116886650009018
-46.93333333333334	-46.93333333333334	0.0	2.549933110768312	0.0	-10.564406957477331	-0.8462491200909718	0.08041054860926815	1.0115339390727032
-45.86666666666667	-45.86666666666667	0.0	2.492647581905143	0.0	-10.564406839431472	-0.8462653996882166	0.08039884060623984	1.0115650387911055
-44.8	-44.8	0.0	2.435375993726936	0.0	-10.564406957477331	-0.8462696600706202	0.0804014590780445	1.0114902728359276
-43.733333333333334	-43.733333333333334	0.0	2.378118492552427	0.0	-10.564404414125615	-0.8462678893827192	0.08040753307411602	1.0115619803301859
-42.666666666666664	-42.666666666666664	0.0	2.32087521569205	0.0	-10.564406957477331	-0.8462393544789137	0.0804375918426609	1.0116593467018413
-41.6	-41.6	0.0	2.2636462856012263	0.0	-10.564406957477331	-0.8462569218491771	0.08040765111997604	1.0112774039559358
-40.53333333333333	-40.53333333333333	0.0	2.2064318045876616	0.0	-10.564406710654168	-0.8462473708659547	0.08041354268153666	1.011432473290272
-39.46666666666667	-39.46666666666667	0.0	2.1492318500559726	0.0	-10.564406957477331	-0.8462731477892125	0.0804244887521956	1.0115596194129837
-38.4	-38.4	0.0	2.092046470272937	0.0	-10.564406957477331	-0.8462377554940818	0.08044367657017433	1.011489027988676
-37.333333333333336	-37.333333333333336	0.0	2.0348756806366817	0.0	-10.564406957477331	-0.8462508478531052	0.08044383754180157	1.0116279786973932
-36.266666666666666	-36.266666666666666	0.0	1.977719460433113	0.0	-10.564406957477331	-0.846268823018158	0.08043423290137042	1.011799756886647
-35.2	-35.2	0.0	1.920577750062899	0.0	-10.564406957477331	-0.8462518780715201	0.08046152295792516	1.0118035558170517
-34.13333333333333	-34.13333333333333	0.0	1.8634504487223043	0.0	-10.564406957477331	-0.84625864961131	0.08043750599112644	1.0115289811465806
-33.06666666666667	-33.06666666666667	0.0	1.8063374125211922	0.0	-10.564406957477331	-0.8462774296344991	0.0804158606729703	1.0115561316943913
-32.0	-32.0	0.0	1.7492384530214933	0.0	-10.564405626778548	-0.8462532409646315	0.08046627698665254	1.0116991281566772
-30.933333333333337	-30.933333333333337	0.0	1.692153336179458	0.0	-10.564406957477331	-0.8462653031052397	0.08045552408194637	1.0116900922826635
-29.866666666666667	-29.866666666666667	0.0	1.635081781674985	0.0	-10.564406957477331	-0.8462544428861155	0.08047285536048969	1.0116911117696357
-28.799999999999997	-28.799999999999997	0.0	1.5780234626113472	0.0	-10.564406957477331	-0.846271784896101	0.0804566830776632	1.0116462006856093
-27.733333333333334	-27.733333333333334	0.0	1.5209780055686137	0.0	-10.564406957477331	-0.8462617295351127	0.08047593528429277	1.0117580223093992
-26.666666666666664	-26.666666666666664	0.0	1.4639449909940745	0.0	-10.564406957477331	-0.8462624485417153	0.0804619307527144	1.0115600915964247
-25.6	-25.6	0.0	1.4069239539129832	0.0	-10.564406957477331	-0.8462499464119922	0.08047228659407313	1.011669756200409
-24.53333333333333	-24.53333333333333	0.0	1.3499143849429092	0.0	-10.564406957477331	-0.8462594544694467	0.08046995787119761	1.0114858944076628
-23.46666666666667	-23.46666666666667	0.0	1.2929157315950264	0.0	-10.564406957477331	-0.8462628456050628	0.08049189293828292	1.011578367241848
-22.4	-22.4	0.0	1.235927399845624	0.0	-10.564405090206451	-0.8462687371666235	0.08046315413708212	1.0114511352675997
-21.333333333333336	-21.333333333333336	0.0	1.1789487559611669	0.0	-10.564406957477331	-0.8462517170998926	0.08048491750109818	1.0115657148719401
-20.266666666666666	-20.266666666666666	0.0	1.1219791285601926	0.0	-10.564405980916124	-0.8462513736937548	0.08049284803660502	1.0114461558785945
-19.200000000000003	-19.200000000000003	0.0	1.0650178108953703	0.0	-10.564406775042821	-0.8462571257465714	0.08052973200214908	1.0115178526414104
-18.133333333333333	-18.133333333333333	0.0	1.0080640633390137	0.0	-10.564406957477331	-0.8462638650920361	0.08051046906407765	1.0117569169708918
-17.06666666666667	-17.06666666666667	0.0	0.9511171160553648	0.0	-10.564406957477331	-0.8462541746000701	0.08053921859672027	1.011746088946093
-16.0	-16.0	0.0	0.8941761718429497	0.0	-10.564406195544956	-0.8462474459860474	0.08054032393522799	1.0116771716267081
-14.933333333333337	-14.933333333333337	0.0	0.8372404091303182	0.0	-10.564406957477331	-0.8462742960534875	0.08055902883832461	1.0115506586590626
-13.866666666666674	-13.866666666666674	0.0	0.780308985108466	0.0	-10.564405927258912	-0.8462557950477853	0.08054711693790165	1.0114947156528415
-12.799999999999997	-12.799999999999997	0.0	0.7233810389832572	0.0	-10.564406957477331	-0.8462563101569925	0.08058494527032599	1.011705255809957
-11.733333333333334	-11.733333333333334	0.0	0.6664556953311475	0.0	-10.564406957477331	-0.8462665586839334	0.0806325177519252	1.011876014512238
-10.666666666666671	-10.666666666666671	0.0	0.6095320675415111	0.0	-10.564406957477331	-0.8462582740108465	0.0806162918118896	1.0117509073634712
-9.599999999999994	-9.599999999999994	0.0	0.5526092613288888	0.0	-10.564406957477331	-0.8462516527112419	0.08064983829902678	1.0117740658149241
-8.533333333333331	-8.533333333333331	0.0	0.49568637829845885	0.0	-10.564406957477331	-0.846249656663063	0.08069046753776686	1.0119765359277901
-7.466666666666669	-7.466666666666669	0.0	0.4387625195480302	0.0	-10.564406957477331	-0.8462582203536371	0.0807158152033517	1.0120510443283632
-6.400000000000006	-6.400000000000006	0.0	0.3818367892898798	0.0	-10.564406957477331	-0.8462563316198765	0.08072939047725719	1.012160129434489
-5.333333333333329	-5.333333333333329	0.0	0.3249082984757282	0.0	-10.564406957477331	-0.8462598086070269	0.08076260428969789	1.0122508637750984
-4.266666666666666	-4.266666666666666	0.0	0.26797616840817	0.0	-10.564406957477331	-0.8462544858118832	0.08082741146686409	1.0126273978743252
-3.200000000000003	-3.200000000000003	0.0	0.21103953432185357	0.0	-10.56440512240078	-0.8462521248946819	0.08083433324683958	1.012881625731102
-2.13333333333334	-2.13333333333334	0.0	0.15409754891773225	0.0	-10.564406957477331	-0.846256675026015	0.08086581929714687	1.0132863620594381
-1.0666666666666629	-1.0666666666666629	0.0	0.09714938583368175	0.0	-10.564406957477331	-0.846269177155738	0.08088997577268942	1.0133371217792586
0.0	0.0	0.0	0.0401942430348	0.0	-10.564402900992322	-0.8462609676027438	0.08092100037099836	1.013754542671829
1.0666666666666629	1.0666666666666629	0.0	-0.01676865389331629	0.0	-10.564406957477331	-0.8462578662160573	0.08092483149572896	1.0138270120984572
2.1333333333333258	2.1333333333333258	0.0	-0.07374004856499573	0.0	-10.564406581876865	-0.8462566213688055	0.08094404077659129	1.0140416087405808
3.200000000000003	3.200000000000003	0.0	-0.13072065074532263	0.0	-10.564406957477331	-0.8462530692615623	0.08094810799304193	1.0142552717472675
4.266666666666666	4.266666666666666	0.0	-0.1877111334480573	0.0	-10.564406957477331	-0.8462508049273377	0.08092954259868908	1.0143428295810977
5.333333333333329	5.333333333333329	0.0	-0.244712130197352	0.0	-10.56440617408208	-0.8462624807360406	0.08095850676016811	1.0144543507245174
6.400000000000006	6.400000000000006	0.0	-0.30172423246994073	0.0	-10.56440319074125	-0.8462543141088136	0.080957122404173	1.0146339628663021
7.466666666666669	7.466666666666669	0.0	-0.35874798733450286	0.0	-10.564406957477331	-0.8462777408463127	0.0809537098056734	1.0148272468649664
8.533333333333331	8.533333333333331	0.0	-0.4157838953049008	0.0	-10.564401784922373	-0.8462580808448935	0.08099645313845247	1.015166220917815
9.599999999999994	9.599999999999994	0.0	-0.47283240842397	0.0	-10.564406957477331	-0.8462552584756936	0.08099351272339306	1.0153260550123198
10.666666666666671	10.666666666666671	0.0	-0.5298939285945675	0.0	-10.564406957477331	-0.8462563101569929	0.08098064572464797	1.01531115977107
11.733333333333334	11.733333333333334	0.0	-0.5869688061745607	0.0	-10.564406957477331	-0.8462648201903583	0.08099269713381459	1.0154441116038075
12.799999999999997	12.799999999999997	0.0	-0.6440573388524645	0.0	-10.564406753579936	-0.8462519853859385	0.08095509416166843	1.0153721787492724
13.86666666666666	13.86666666666666	0.0	-0.7011597708204031	0.0	-10.564402181985724	-0.8462487015647404	0.08098027012418406	1.0154377049330414
14.933333333333337	14.933333333333337	0.0	-0.7582762922611015	0.0	-10.564405830675938	-0.8462588749715886	0.08097170643360972	1.0155630374420854
16.0	16.0	0.0	-0.815407039165591	0.0	-10.564406496025331	-0.8462636826575249	0.08096596511223478	1.0156309138116124
17.066666666666663	17.066666666666663	0.0	-0.8725520934983348	0.0	-10.564406302859382	-0.8462694990989926	0.0809843480720766	1.0158949931319827
18.133333333333326	18.133333333333326	0.0	-0.9297114837264504	0.0	-10.564406957477331	-0.8462599266528867	0.08099250396786183	1.0158378911300436
19.200000000000003	19.200000000000003	0.0	-0.9868851857297346	0.0	-10.564406957477331	-0.8462636611946411	0.08100387929619368	1.0160345877272092
20.266666666666666	20.266666666666666	0.0	-1.0440731241081747	0.0	-10.564405562389897	-0.8462700785968513	0.08100752798641336	1.0160745516165568
21.33333333333333	21.33333333333333	0.0	-1.1012751739036517	0.0	-10.564406957477331	-0.8462687586295071	0.08098645143467392	1.0160554603815541
22.400000000000006	22.400000000000006	0.0	-1.1584911627525145	0.0	-10.564406957477331	-0.8462798978661189	0.08099960818234835	1.0164406547543319
23.46666666666667	23.46666666666667	0.0	-1.2157208734857228	0.0	-10.56440664626552	-0.8462599910415384	0.0809994364792791	1.0164509140127154
24.53333333333333	24.53333333333333	0.0	-1.272964047193262	0.0	-10.564406957477331	-0.8462527795126336	0.08099973695965015	1.016529865230203
25.599999999999994	25.599999999999994	0.0	-1.3302203867695057	0.0	-10.564406957477331	-0.8462621587927858	0.08101734725568094	1.016669889083102
26.66666666666667	26.66666666666667	0.0	-1.3874895609562332	0.0	-10.564406163350636	-0.8462676747538828	0.0809975799398439	1.0167214965868265
27.733333333333334	27.733333333333334	0.0	-1.4447712088999851	0.0	-10.564406957477331	-0.8462623304958556	0.08102947378494042	1.0168474193251738
28.799999999999997	28.799999999999997	0.0	-1.5020649452404609	0.0	-10.564406957477331	-0.8462788783791456	0.0810424588295457	1.0171540810066941
29.86666666666666	29.86666666666666	0.0	-1.5593703657466396	0.0	-10.564406957477331	-0.8462588105829378	0.08106217248817364	1.0173427612168175
30.933333333333337	30.933333333333337	0.0	-1.616687053517327	0.0	-10.564403856090639	-0.8462592827663781	0.08103974377476449	1.0173667137949642
32.0	32.0	0.0	-1.6740145857628108	0.0	-10.564406957477331	-0.8462622231814368	0.0810631383179376	1.0174798124603333
33.06666666666666	33.06666666666666	0.0	-1.731352541184335	0.0	-10.564406485293889	-0.8462605276136288	0.081067108951412	1.0175496848780388
34.133333333333326	34.133333333333326	0.0	-1.788700507968065	0.0	-10.564406957477331	-0.8462572330609894	0.0811003978839454	1.017675403718989
35.2	35.2	0.0	-1.8460580924102532	0.0	-10.564405412149712	-0.8462383027976145	0.08108552410557944	1.0178113281611127
36.266666666666666	36.266666666666666	0.0	-1.9034249281902877	0.0	-10.56440077616684	-0.846271902941961	0.08108676895283082	1.0178731841917794
37.33333333333333	37.33333333333333	0.0	-1.9608006863083274	0.0	-10.564406624802634	-0.8462551940870432	0.0810928858746697	1.0179559558025566
38.39999999999999	38.39999999999999	0.0	-2.018185085704204	0.0	-10.564397985991967	-0.8462616651464622	0.0810792998693223	1.0178787645415277
39.46666666666667	39.46666666666667	0.0	-2.0755779045742972	0.0	-10.564400615195213	-0.8462651099392873	0.08107681017481953	1.0181206297773244
40.53333333333333	40.53333333333333	0.0	-2.132978992403061	0.0	-10.564406957477331	-0.8462569218491767	0.08110082714161836	1.0181908348697255
41.599999999999994	41.599999999999994	0.0	-2.1903882827259142	0.0	-10.564405755555844	-0.8462483045013931	0.0811012778621749	1.018310286548652
42.66666666666667	42.66666666666667	0.0	-2.247805806640169	0.0	-10.564406002379009	-0.8462574262269419	0.08110180370282427	1.0184206272334715
43.733333333333334	43.733333333333334	0.0	-2.3052317070806954	0.0	-10.564406785774265	-0.846236596498365	0.08110728746959545	1.0183945390984013
44.8	44.8	0.0	-2.3626662538770318	0.0	-10.564405498001243	-0.846272246348099	0.08109020301421403	1.0182972156525134
45.86666666666666	45.86666666666666	0.0	-2.420109859608605	0.0	-10.564406141887753	-0.8462522858663096	0.08109604091856552	1.0184760658619263
46.93333333333334	46.93333333333334	0.0	-2.4775630962747797	0.0	-10.564405079475012	-0.8462659791860748	0.08111485313608034	1.0184993208963553
48.0	48.0	0.0	-2.5350267127964097	0.0	-10.564406957477331	-0.8462598193384694	0.08106744162610846	1.0185732390676296
49.06666666666666	49.06666666666666	0.0	-2.5925016533656065	0.0	-10.564406957477331	-0.8462481649926494	0.08110721234950276	1.0185856446143762
50.133333333333326	50.133333333333326	0.0	-2.6499890766603915	0.0	-10.564405927258912	-0.8462444626452202	0.08109668480507487	1.0185223398390642
51.19999999999999	51.19999999999999	0.0	-2.707490375940949	0.0	-10.564401098110098	-0.8462669557472808	0.08109237076546223	1.0187959486797717
52.26666666666665	52.26666666666665	0.0	-2.765007200044159	0.0	-10.56440453217148	-0.8462782452240782	0.08109806916106992	1.0186134712430224
53.33333333333334	53.33333333333334	0.0	-2.822541475293108	0.0	-10.564406324322263	-0.846259701292609	0.08109313269783158	1.0187066523523673
54.400000000000006	54.400000000000006	0.0	-2.8800954283382634	0.0	-10.564406957477331	-0.8462609568713019	0.08108885085254439	1.0186827105056613
55.46666666666667	55.46666666666667	0.0	-2.9376716099470257	0.0	-10.564403201472693	-0.8462580915763358	0.08107990083006443	1.0185348097744633
56.53333333333333	56.53333333333333	0.0	-2.9952729197583214	0.0	-10.564406356516583	-0.8462516419797997	0.08109195223923119	1.018825696236504
57.599999999999994	57.599999999999994	0.0	-3.052902632018954	0.0	-10.564406925283008	-0.8462588213143789	0.08108648993534348	1.0186856831150466
58.66666666666666	58.66666666666666	0.0	-3.110564422318395	0.0	-10.564406699922724	-0.8462393222845879	0.08105064691965619	1.0184711186672455
59.73333333333332	59.73333333333332	0.0	-3.1682623953387075	0.0	-10.564406957477331	-0.8462553550586707	0.08109580482684545	1.0187363569833314
60.80000000000001	60.80000000000001	0.0	-3.2260011136363067	0.0	-10.564406388710914	-0.8462679323084863	0.08105477852475791	1.0185819208040647
61.866666666666674	61.866666666666674	0.0	-3.2837856274722257	0.0	-10.564403823896319	-0.8462613432032071	0.08109745746888612	1.018750071765981
62.93333333333334	62.93333333333334	0.0	-3.341621505707621	0.0	-10.564404296079763	-0.8462621695242276	0.08108525581953385	1.01876160806594
64.0	64.0	0.0	-3.3995148677811597	0.0	-10.564406957477331	-0.8462531658445391	0.08109719991428233	1.018824440657811
65.06666666666666	65.06666666666666	0.0	-3.4574724167850257	0.0	-10.564406957477331	-0.8462410715096047	0.08109360488127182	1.0188686112723535
66.13333333333333	66.13333333333333	0.0	-3.51550147365621	0.0	-10.564404435588507	-0.8462533160847242	0.08110477631220898	1.0187871059717106
67.19999999999999	67.19999999999999	0.0	-3.5736100124997923	0.0	-10.564406957477331	-0.8462615041748351	0.08110088079882745	1.0189359510697888
68.26666666666665	68.26666666666665	0.0	-3.6318066970609046	0.0	-10.564406957477331	-0.8462458684640991	0.08110064470710736	1.0189117516684796
69.33333333333334	69.33333333333334	0.0	-3.6901009183620634	0.0	-10.56440531556673	-0.8462644553213359	0.08109506435735966	1.0190335320702817
70.4	70.4	0.0	-3.748502833522565	0.0	-10.564406957477331	-0.8462497317831559	0.08108959132203022	1.0189119662973152
71.46666666666667	71.46666666666667	0.0	-3.8070234057766568	0.0	-10.564403555610266	-0.846242370014065	0.08109668480507486	1.0191197055481158
72.53333333333333	72.53333333333333	0.0	-3.865674445707142	0.0	-10.564404306811205	-0.8462602593275831	0.08110124566784942	1.0191510413582376
73.6	73.6	0.0	-3.9244686537111386	0.0	-10.564405948721797	-0.8462546897092775	0.08111618383486638	1.018981548966093
74.66666666666666	74.66666666666666	0.0	-3.9834196637146766	0.0	-10.564406957477331	-0.8462588857030306	0.0810917376103947	1.0190843883730785
75.73333333333332	75.73333333333332	0.0	-4.042542088152829	0.0	-10.564406957477331	-0.8462654640768676	0.08108820696603507	1.0190513784580315
76.80000000000001	76.80000000000001	0.0	-4.1018515642320645	0.0	-10.564406045304777	-0.8462693488588074	0.08108807818873316	1.0192116203473267
77.86666666666667	77.86666666666667	0.0	-4.161364801491512	0.0	-10.564406839431472	-0.8462580057248006	0.08109143713002365	1.0189470688435167
78.93333333333334	78.93333333333334	0.0	-4.221099630679855	0.0	-10.564406957477331	-0.8462566857574566	0.08109393755596826	1.019078421691425
80.0	80.0	0.0	-4.28107505396451	0.0	-10.564406163350636	-0.8462603451791181	0.08110969131256375	1.0192313125430703
