Hysterese	V-MOKE
Charge	2020_0446
Sample	1
Sample State	bFC
User	Meike Reginka
Sample Angle	115.0
Magnetic Field Angle	0.0
Detektor Averages	300
Hysteresus Points	150
Magnetic Field [kA/m]	80
Hysteresis Averages	100
Polarization	p-polarization
Measurement Method	Scan Both Angles
Max Voltage Correction	No
Training Effect Elimination	No
Magnetic field [kA/m]	Magnetic field transversal [kA/m]	Magnetic field longitudinal [kA/m]	Magnetic field transversal [V]	Magnetic field longitudinal [V]	Detector diff transversal [V]	Detector diff longitudinal [V]	Detector raw transversal [V]	Detector raw longitudinal [V]
80.0	0.0	80.0	0.0	4.381030188287403	-0.4873737908175505	-0.47007230275667383	0.19046057232669555	2.40849668472785
78.93333333333334	0.0	78.93333333333334	0.0	4.319818714176459	-0.47483711658308364	-0.4849020500168942	0.19055521291212846	2.4089214459266297
77.86666666666666	0.0	77.86666666666666	0.0	4.258793669369702	-0.47608854220833363	-0.4851267449457741	0.1905402318193442	2.4087885370196567
76.8	0.0	76.8	0.0	4.197942654193435	-0.4815501485522797	-0.4911162738387375	0.19051185788716538	2.408662399652473
75.73333333333333	0.0	75.73333333333333	0.0	4.137253993604595	-0.46739859622091756	-0.4793777827841463	0.19061755185767543	2.409238270283553
74.66666666666667	0.0	74.66666666666667	0.0	4.0767167056162315	-0.4720450637069086	-0.4813365284713605	0.19057534509698754	2.4094181185170584
73.6	0.0	73.6	0.0	4.0163204706037074	-0.4845295294769088	-0.4906140960186524	0.19047960990448862	2.408813058364219
72.53333333333333	0.0	72.53333333333333	0.0	3.9560556014798554	-0.4888036910517509	-0.49429199722295164	0.1904624717918982	2.4081061031712783
71.46666666666667	0.0	71.46666666666667	0.0	3.89591301472721	-0.4797575148530363	-0.48970007765574464	0.19051407929562267	2.4086703731137487
70.4	0.0	70.4	0.0	3.8358842022755653	-0.4776785126287587	-0.48696761647600967	0.1905367226378681	2.4092142211224306
69.33333333333333	0.0	69.33333333333333	0.0	3.775961204212982	-0.4877803192966714	-0.4952796547396458	0.1904556144005736	2.408229707918189
68.26666666666667	0.0	68.26666666666667	0.0	3.716136582318465	-0.47747477620575807	-0.4872867373614863	0.1905446317104913	2.4084722063090553
67.2	0.0	67.2	0.0	3.6564033944044745	-0.46959241414125436	-0.478571035913696	0.19059015448670255	2.409671938579044
66.13333333333333	0.0	66.13333333333333	0.0	3.596755169457454	-0.47493720874096235	-0.48243356084310995	0.19055068424367935	2.4096343248754564
65.06666666666666	0.0	65.06666666666666	0.0	3.5371858835645753	-0.4808685839506896	-0.4893522287005092	0.19051182569284003	2.4089859204290978
64.0	0.0	64.0	0.0	3.4776899366148504	-0.4799473325959932	-0.4889823802895378	0.1905123729963727	2.408442952398645
62.93333333333334	0.0	62.93333333333334	0.0	3.4182621297628257	-0.470354926008512	-0.4803576707369608	0.1905916032313486	2.4093100421664646
61.86666666666667	0.0	61.86666666666667	0.0	3.3588976436430196	-0.4757649248487336	-0.4841700047129707	0.19055863624206978	2.4095381496938435
60.8	0.0	60.8	0.0	3.2995920173232944	-0.4847895630437105	-0.4941166669264552	0.19047483441287774	2.408143749069191
59.733333333333334	0.0	59.733333333333334	0.0	3.2403411279853396	-0.46900383748305613	-0.4795977022214153	0.1905964216487268	2.409249066114028
58.66666666666667	0.0	58.66666666666667	0.0	3.181141171320454	-0.4832514791444973	-0.49081487056371015	0.19049503098638776	2.408359204226663
57.6	0.0	57.6	0.0	3.121988642628807	-0.47341708927535997	-0.48305043631339406	0.19056621263999649	2.409492304974378
56.53333333333333	0.0	56.53333333333333	0.0	3.062880318610361	-0.4850808573005413	-0.49089340325496733	0.19047276324460602	2.4085158510829463
55.46666666666667	0.0	55.46666666666667	0.0	3.003813239835633	-0.4807138580224922	-0.48857716104631943	0.19050626680597585	2.408598354407677
54.4	0.0	54.4	0.0	2.9447846938844906	-0.48336744310483143	-0.49129278459383463	0.19048544780884014	2.408840241106357
53.33333333333333	0.0	53.33333333333333	0.0	2.885792199141142	-0.4811991123588232	-0.48985776546188503	0.19049771384684322	2.4087749402828664
52.266666666666666	0.0	52.266666666666666	0.0	2.8268334892335334	-0.47548274158601017	-0.4840593206220132	0.190559891820763	2.409061459048085
51.2	0.0	51.2	0.0	2.7679064981053	-0.48322834215592814	-0.4905890917592061	0.19048134839806397	2.4090690569088964
50.13333333333333	0.0	50.13333333333333	0.0	2.7090093457084867	-0.47656643477557414	-0.4876746897148127	0.1905355958364768	2.409044245815404
49.06666666666666	0.0	49.06666666666666	0.0	2.6501403243051973	-0.47233748476513054	-0.4827645507032421	0.19058059277203854	2.409447308038816
48.0	0.0	48.0	0.0	2.591297885366365	-0.48250186647031046	-0.48863354404165477	0.19049020183756768	2.408944293166266
46.93333333333334	0.0	46.93333333333334	0.0	2.532480627055822	-0.4853900086765642	-0.4945426837039257	0.19047944893286128	2.408741071852476
45.86666666666667	0.0	45.86666666666667	0.0	2.4736872822878553	-0.4803612335756459	-0.4898608453856879	0.19051590364073254	2.4084896449020152
44.8	0.0	44.8	0.0	2.4149167073464275	-0.4737914556233389	-0.48188213643650135	0.1905605893644814	2.4089663892049806
43.733333333333334	0.0	43.733333333333334	0.0	2.356167871054244	-0.47885950780132724	-0.4875422422598389	0.1905213230188529	2.409227442258755
42.666666666666664	0.0	42.666666666666664	0.0	2.2974398444798476	-0.4748532244772592	-0.48457057724188	0.1905485379553148	2.4093389848650575
41.6	0.0	41.6	0.0	2.2387317911709355	-0.483468458166707	-0.48949336862335907	0.19048404198996147	2.4084108439247105
40.53333333333333	0.0	40.53333333333333	0.0	2.1800429579020566	-0.48047681120407476	-0.4889743102452874	0.19049257348621032	2.409003359022062
39.46666666666667	0.0	39.46666666666667	0.0	2.1213726659248966	-0.481702320397323	-0.48931475450566514	0.19049635095373188	2.4090862057529296
38.4	0.0	38.4	0.0	2.0627203027093186	-0.4681978847393008	-0.479240237894307	0.19060326830860969	2.409341270662168
37.333333333333336	0.0	37.333333333333336	0.0	2.0040853141633432	-0.4761874861019371	-0.48310496276929427	0.19054691750759958	2.4098083244731665
36.266666666666666	0.0	36.266666666666666	0.0	1.9454671973202513	-0.4737486049761416	-0.4836999353668186	0.19057019400491274	2.409459187744911
35.2	0.0	35.2	0.0	1.8868654934810003	-0.47723813718212954	-0.48761342391344775	0.19052888868533774	2.408807778494845
34.13333333333333	0.0	34.13333333333333	0.0	1.8282797818001153	-0.4726820284362844	-0.4816447354805035	0.19057667579577345	2.409466452931026
33.06666666666667	0.0	33.06666666666667	0.0	1.7697096733032631	-0.48716780079176725	-0.4915430096228101	0.19044873554636532	2.409218438579067
32.0	0.0	32.0	0.0	1.7111548053246695	-0.48146514480160363	-0.4914286553787493	0.19050385223156585	2.4087969826643705
30.933333333333337	0.0	30.933333333333337	0.0	1.652614836352576	-0.4764449763170269	-0.48674777215883375	0.19054654190713585	2.409573091268417
29.866666666666667	0.0	29.866666666666667	0.0	1.5940894412709112	-0.47924596848424	-0.4862052655803796	0.19053605728847522	2.409198242005556
28.799999999999997	0.0	28.799999999999997	0.0	1.5355783069853621	-0.47723440264037564	-0.48630252463761714	0.1905312174082133	2.4098288107956054
27.733333333333334	0.0	27.733333333333334	0.0	1.4770811284220267	-0.48531280668409293	-0.49202764153551526	0.19047260227297863	2.408843439076021
26.666666666666664	0.0	26.666666666666664	0.0	1.4185976048868278	-0.486758986515538	-0.49505338228881796	0.1904632981129185	2.4087929798365706
25.6	0.0	25.6	0.0	1.360127436773878	-0.48796466400429855	-0.495227585783923	0.19045686997926686	2.4086480087889903
24.53333333333333	0.0	24.53333333333333	0.0	1.3016703226109647	-0.48795023021504763	-0.49587729946618386	0.19045624755564106	2.408458867126868
23.46666666666667	0.0	23.46666666666667	0.0	1.243225956430354	-0.49491041802085833	-0.499797967347392	0.19039235255102974	2.4085289005162007
22.4	0.0	22.4	0.0	1.1847940254530787	-0.4853940973558986	-0.4925290788861148	0.19047914845249037	2.409149875397263
21.333333333333336	0.0	21.333333333333336	0.0	1.1263742080749082	-0.49429371425364343	-0.5004864215346325	0.19039274961437724	2.408599899735299
20.266666666666666	0.0	20.266666666666666	0.0	1.0679661721421683	-0.4886530859972137	-0.49652534977496265	0.1904428869105719	2.4087260800282486
19.200000000000003	0.0	19.200000000000003	0.0	1.0095695735056076	-0.49095053745123046	-0.4974665294171232	0.1904417064519716	2.408313284387103
18.133333333333333	0.0	18.133333333333333	0.0	0.9511840548404781	-0.4911406771374419	-0.49936397710864744	0.19042954772838663	2.409389733853437
17.06666666666667	0.0	17.06666666666667	0.0	0.8928092447210244	-0.47852680091050376	-0.4873690045944976	0.1905305305959366	2.4103021103057465
16.0	0.0	16.0	0.0	0.8344447569375557	-0.4939372479506245	-0.4987293625650308	0.19040704389488475	2.4095359926740376
14.933333333333337	0.0	14.933333333333337	0.0	0.7760901900442883	-0.48343838866671995	-0.49246758772447147	0.19049162911932996	2.410027417589416
13.866666666666674	0.0	13.866666666666674	0.0	0.7177451271261349	-0.4858972410057478	-0.49364343180496556	0.1904784831030972	2.410394153882258
12.799999999999997	0.0	12.799999999999997	0.0	0.6594091357726295	-0.48957274909852033	-0.49708462959698513	0.19043408712827747	2.410309965721161
11.733333333333334	0.0	11.733333333333334	0.0	0.6010817682471681	-0.4917191018516761	-0.49690001660331234	0.1904020645058792	2.410715624953496
10.666666666666671	0.0	10.666666666666671	0.0	0.5427625618397398	-0.4941061930392365	-0.500471268738779	0.19040388885098897	2.4110389740270493
9.599999999999994	0.0	9.599999999999994	0.0	0.4844510393913435	-0.49340242508451515	-0.5004586056374284	0.19039898458207613	2.4117658360445735
8.533333333333331	0.0	8.533333333333331	0.0	0.4261467099782665	-0.5126679601648667	-0.5155573901441397	0.19027031459462398	2.4110673479592255
7.466666666666669	0.0	7.466666666666669	0.0	0.36784906974439924	-0.517514590503731	-0.5192316426582191	0.19020714932805668	2.411701726411124
6.400000000000006	0.0	6.400000000000006	0.0	0.30955760286978407	-0.5289565718207664	-0.5292827754578456	0.1901186363959045	2.4110671977190417
5.333333333333329	0.0	5.333333333333329	0.0	0.25127178266356687	-0.5228263966512767	-0.5255171554480892	0.1901605212133379	2.4117923963630834
4.266666666666666	0.0	4.266666666666666	0.0	0.19299107276954444	-0.5378293815768378	-0.5389768731880368	0.19003909494911586	2.412117601976073
3.200000000000003	0.0	3.200000000000003	0.0	0.13471492847247593	-0.5444641491408225	-0.5424659868677941	0.1899815636895054	2.412231838174273
2.13333333333334	0.0	2.13333333333334	0.0	0.07644279809335723	-0.5456114797803943	-0.5427284028146806	0.18998519091684138	2.4127006304788483
1.0666666666666629	0.0	1.0666666666666629	0.0	0.018174124461827576	-0.5568760059754522	-0.5520291073505418	0.18987629897666825	2.4126062689109014
0.0	0.0	0.0	0.0	-0.0400916535461	-0.5659730277455217	-0.560130884474549	0.18981537658144176	2.412336469732043
-1.0666666666666629	0.0	-1.0666666666666629	0.0	-0.09835509941681445	-0.5715606534107901	-0.5627115708725876	0.18976224521297844	2.41227728583039
-2.1333333333333258	0.0	-2.1333333333333258	0.0	-0.156616777366191	-0.5867068601589146	-0.5751963371229593	0.18962441057421	2.411771266154133
-3.200000000000003	0.0	-3.200000000000003	0.0	-0.21487725067681432	-0.5908185047787965	-0.5799060664584937	0.18960744416468842	2.4120803316786232
-4.266666666666666	0.0	-4.266666666666666	0.0	-0.27313708001714876	-0.6002076793210422	-0.5865543234448489	0.1895303065608683	2.411706126302271
-5.333333333333329	0.0	-5.333333333333329	0.0	-0.331396821754486	-0.6145144619583678	-0.5922319644441244	0.18941096219635997	2.4112784139569925
-6.400000000000006	0.0	-6.400000000000006	0.0	-0.3896570262734731	-0.6313166052998008	-0.607223702818656	0.18927901911915213	2.410449023744297
-7.466666666666669	0.0	-7.466666666666669	0.0	-0.4479182363120456	-0.6269875524000362	-0.6053995186804542	0.18932032443872682	2.4107257983603416
-8.533333333333331	0.0	-8.533333333333331	0.0	-0.506180985326591	-0.6378777551728821	-0.6131971345488858	0.18921584312114273	2.410013005263049
-9.599999999999994	0.0	-9.599999999999994	0.0	-0.564445795898144	-0.6444337646853313	-0.615854658070373	0.18915709920860632	2.41017260326583
-10.666666666666671	0.0	-10.666666666666671	0.0	-0.6227131781914472	-0.6507552063424233	-0.6205485692606615	0.1891073697072008	2.4100315599259616
-11.733333333333334	0.0	-11.733333333333334	0.0	-0.6809836284786798	-0.6441501219465201	-0.6175994080762053	0.18915918110831978	2.410914886365254
-12.799999999999997	0.0	-12.799999999999997	0.0	-0.7392576277396917	-0.649358691623733	-0.6230746218883825	0.18911762896558312	2.4107431940275355
-13.86666666666666	0.0	-13.86666666666666	0.0	-0.7975356403505398	-0.656128321217102	-0.6246329023611051	0.18905445296757392	2.410374429492188
-14.933333333333337	0.0	-14.933333333333337	0.0	-0.8558181128721578	-0.6634568443005868	-0.630493063722898	0.1890150256503179	2.410058656816561
-16.0	0.0	-16.0	0.0	-0.9141054729509707	-0.6666987162921949	-0.629339176172373	0.18897289400972275	2.410351110069107
-17.066666666666663	0.0	-17.066666666666663	0.0	-0.9723981283432802	-0.6762816470165463	-0.6380976102215002	0.18890599420140117	2.4098697727090443
-18.133333333333326	0.0	-18.133333333333326	0.0	-1.0306964660752267	-0.6775642904060584	-0.6363251301699999	0.18888811561932467	2.4102198752670616
-19.200000000000003	0.0	-19.200000000000003	0.0	-1.0890008517501555	-0.6778543505470792	-0.6403760133662822	0.1889034830440146	2.4105481393409707
-20.266666666666666	0.0	-20.266666666666666	0.0	-1.147311629015197	-0.6809848945612202	-0.6400123784601266	0.18885644713450642	2.4100844444712592
-21.33333333333333	0.0	-21.33333333333333	0.0	-1.2056291191988913	-0.6839131508970074	-0.641638546033819	0.18883620763522924	2.410158630928579
-22.400000000000006	0.0	-22.400000000000006	0.0	-1.263953621131659	-0.6954817203017808	-0.648209343473099	0.18875078535832188	2.409832523874477
-23.46666666666667	0.0	-23.46666666666667	0.0	-1.322285411160945	-0.7014105199654707	-0.6489262037868435	0.18868892932765685	2.4092823872408875
-24.53333333333333	0.0	-24.53333333333333	0.0	-1.3806247433728562	-0.7001641703122027	-0.6504124548220536	0.1886901527120247	2.40969816622286
-25.599999999999994	0.0	-25.599999999999994	0.0	-1.438971850032102	-0.7096806519487893	-0.6556497203747	0.18863256779520515	2.4092444193997187
-26.66666666666667	0.0	-26.66666666666667	0.0	-1.497326942252062	-0.7003344568310425	-0.6513723608301953	0.1886940160310808	2.409898897842148
-27.733333333333334	0.0	-27.733333333333334	0.0	-1.555690210906793	-0.717684719295002	-0.6599155865450134	0.18855591310626668	2.4096415042100356
-28.799999999999997	0.0	-28.799999999999997	0.0	-1.614061827796803	-0.7123594559194113	-0.6573802190257914	0.1885997403146699	2.409933656982212
-29.86666666666666	0.0	-29.86666666666666	0.0	-1.6724419470803977	-0.7240518446999326	-0.6643009795143461	0.18851779502491325	2.4092849949812503
-30.933333333333337	0.0	-30.933333333333337	0.0	-1.7308307069824265	-0.726550768242726	-0.6684198678574582	0.18848011693267425	2.4094786867747033
-32.0	0.0	-32.0	0.0	-1.7892282317922377	-0.7340179308231162	-0.6686329942920536	0.18841877601121673	2.4090504485887774
-33.06666666666666	0.0	-33.06666666666666	0.0	-1.8476346341626735	-0.7230351908274347	-0.6643186327361446	0.18850552898691006	2.4099499473108974
-34.133333333333326	0.0	-34.133333333333326	0.0	-1.9060500177219062	-0.7309248395409359	-0.6699248774529749	0.1884526337101667	2.4097843933579037
-35.2	0.0	-35.2	0.0	-1.9644744800099465	-0.7458610212411513	-0.6755673193230721	0.18831885555640718	2.4090624678036203
-36.266666666666666	0.0	-36.266666666666666	0.0	-2.0229081157516333	-0.744193269330397	-0.6747699517327745	0.1883520264430806	2.4088588601579186
-37.33333333333333	0.0	-37.33333333333333	0.0	-2.0813510204779293	-0.7464975889071804	-0.6778367295196064	0.18834220717381295	2.4089673979605113
-38.39999999999999	0.0	-38.39999999999999	0.0	-2.139803294507338	-0.7489471156232639	-0.6779304364696003	0.18829537516169947	2.4095457046288864
-39.46666666666667	0.0	-39.46666666666667	0.0	-2.1982650472992535	-0.7518426517929337	-0.6792670160857128	0.18828127404714462	2.4084928857974437
-40.53333333333333	0.0	-40.53333333333333	0.0	-2.256736402191068	-0.7472135155854867	-0.6761469781531154	0.18831020601429826	2.4093849047046167
-41.599999999999994	0.0	-41.599999999999994	0.0	-2.315217501530861	-0.7434354900289835	-0.6772707962036538	0.18833932041596274	2.4099246962282916
-42.66666666666667	0.0	-42.66666666666667	0.0	-2.37370851221747	-0.7574916183796597	-0.6809435785102038	0.18822654369384992	2.4086184329353277
-43.733333333333334	0.0	-43.733333333333334	0.0	-2.432209631659771	-0.7632469120919626	-0.6860090873364804	0.1881754942251	2.4081092796780585
-44.8	0.0	-44.8	0.0	-2.4907210941669966	-0.7655422279890567	-0.6835648404897732	0.18816183309965992	2.4083207749334967
-45.86666666666666	0.0	-45.86666666666666	0.0	-2.549243177781886	-0.7664120972003071	-0.687527500502833	0.18816005168031733	2.408180557914642
-46.93333333333334	0.0	-46.93333333333334	0.0	-2.6077762115685053	-0.7585866761661131	-0.6810869613043943	0.18821691759053508	2.40830537531448
-48.0	0.0	-48.0	0.0	-2.666320583366545	-0.756090081346196	-0.6835833307640332	0.18824599979787404	2.40919944392704
-49.06666666666666	0.0	-49.06666666666666	0.0	-2.724876748023921	-0.7608114221017825	-0.6844909209932901	0.18820764562480047	2.4084472235124905
-50.133333333333326	0.0	-50.133333333333326	0.0	-2.7834452361194826	-0.7698634254734066	-0.6889492663041323	0.1881203882713414	2.408213439052386
-51.19999999999999	0.0	-51.19999999999999	0.0	-2.842026663187659	-0.765344028990037	-0.683595800699431	0.18816645835108545	2.4080646583429566
-52.26666666666665	0.0	-52.26666666666665	0.0	-2.9006217394568647	-0.7645834273194232	-0.6853233911297885	0.18817766197634817	2.408345049454899
-53.33333333333334	0.0	-53.33333333333334	0.0	-2.9592312801134577	-0.756624721777794	-0.6833665985649859	0.1882439822868114	2.4090648716465854
-54.400000000000006	0.0	-54.400000000000006	0.0	-3.0178562161030937	-0.7577564381695138	-0.6828323873910604	0.18822545981822572	2.408995911401433
-55.46666666666667	0.0	-55.46666666666667	0.0	-3.076497605481298	-0.7590486861994564	-0.6837424887777036	0.18822737001487017	2.4092127401834595
-56.53333333333333	0.0	-56.53333333333333	0.0	-3.135156645325031	-0.771291673065567	-0.6918411430521405	0.18812910220210122	2.40807861994877
-57.599999999999994	0.0	-57.599999999999994	0.0	-3.193834684217122	-0.7560670409406026	-0.6842809388711484	0.18824183599844685	2.408925298514242
-58.66666666666666	0.0	-58.66666666666666	0.0	-3.25253323531534	-0.7497242007885165	-0.6789699697760654	0.18830648220398583	2.409513810783792
-59.73333333333332	0.0	-59.73333333333332	0.0	-3.311253990017958	-0.7560114198776372	-0.683085606492305	0.18824988457981381	2.409052208545238
-60.80000000000001	0.0	-60.80000000000001	0.0	-3.3699988322376004	-0.7533877325922153	-0.6824746869722322	0.18826449007213428	2.4097724921889223
-61.866666666666674	0.0	-61.866666666666674	0.0	-3.4287698532951953	-0.7655877829595937	-0.6852453842791806	0.18816216577435652	2.408177499453723
-62.93333333333334	0.0	-62.93333333333334	0.0	-3.4875693674458788	-0.7658319876497071	-0.68761174232114	0.188163281844306	2.4085259601011444
-64.0	0.0	-64.0	0.0	-3.546399928048623	-0.7629808152605311	-0.6865873081533198	0.18818409010999992	2.408350908822134
-65.06666666666666	0.0	-65.06666666666666	0.0	-3.605264344391439	-0.7657218186679566	-0.6890385089743286	0.18815373086108395	2.4085489897752934
-66.13333333333333	0.0	-66.13333333333333	0.0	-3.6641656991839646	-0.7651636656473251	-0.689841220822653	0.18816207992282188	2.408457869102778
-67.19999999999999	0.0	-67.19999999999999	0.0	-3.723107366729244	-0.7598727321541245	-0.6866428540961935	0.18820185064621622	2.4092011609577333
-68.26666666666665	0.0	-68.26666666666665	0.0	-3.782093031786535	-0.7610004886438116	-0.6872353369992149	0.18820276281877102	2.4088353046431195
-69.33333333333334	0.0	-69.33333333333334	0.0	-3.8411267091369456	-0.7509373580922278	-0.681084149666637	0.1882739444723799	2.410165552708555
-70.4	0.0	-70.4	0.0	-3.9002127638637214	-0.7643250356632209	-0.6886713756181375	0.18817338013106102	2.4081833695524004
-71.46666666666667	0.0	-71.46666666666667	0.0	-3.959355932359017	-0.7600900653139145	-0.6860220294553181	0.18820097066798686	2.40873915092439
-72.53333333333333	0.0	-72.53333333333333	0.0	-4.018561344068946	-0.7577245121300917	-0.6845847781834703	0.18823422740619464	2.409059387879814
-73.6	0.0	-73.6	0.0	-4.077834543988736	-0.7603312973946433	-0.6865872544961111	0.18821532933714522	2.408684163016491
-74.66666666666666	0.0	-74.66666666666666	0.0	-4.137181515919814	-0.7536414989969924	-0.6841177243724695	0.1882548317744939	2.4092285154029387
-75.73333333333332	0.0	-75.73333333333332	0.0	-4.19660870650064	-0.7605444345606799	-0.6859085229951616	0.18819210649704124	2.4090243926480315
-76.80000000000001	0.0	-76.80000000000001	0.0	-4.256123050023082	-0.7593461188410094	-0.6835199401371878	0.18821723953378972	2.408764713218811
-77.86666666666667	0.0	-77.86666666666667	0.0	-4.315731994046186	-0.758083951042495	-0.6848420001125138	0.18823096504788087	2.408606649812206
-78.93333333333334	0.0	-78.93333333333334	0.0	-4.375443525819141	-0.760334463169981	-0.6843475381990985	0.18821588737212014	2.4087642088410455
-80.0	0.0	-80.0	0.0	-4.435266199525242	-0.7632791600746394	-0.6831146243109935	0.1881756015395183	2.4088405093924004
-80.0	0.0	-80.0	0.0	-4.380060909566294	-0.757082106559712	-0.6575737069218514	0.18823140503699545	2.4089480062451396
-78.93333333333334	0.0	-78.93333333333334	0.0	-4.318197730509417	-0.7452243999179139	-0.6763448981346487	0.18832782704177087	2.4097082645096144
-77.86666666666666	0.0	-77.86666666666666	0.0	-4.256627645195748	-0.7594382482690563	-0.686074355965645	0.18822712319170826	2.409419631650355
-76.8	0.0	-76.8	0.0	-4.195328882143961	-0.7588924793322882	-0.6835185343183092	0.1882059607884344	2.4090192093616296
-75.73333333333333	0.0	-75.73333333333333	0.0	-4.1342809326230165	-0.764458524068051	-0.685482355977506	0.18816742418084956	2.408647515142668
-74.66666666666667	0.0	-74.66666666666667	0.0	-4.073464498932334	-0.7518686433450276	-0.68312544160435	0.18828114526984277	2.4094820135216692
-73.6	0.0	-73.6	0.0	-4.012861444010001	-0.7538425632909791	-0.6821402952450422	0.18826850363137587	2.4097249089758814
-72.53333333333333	0.0	-72.53333333333333	0.0	-3.9524547423527756	-0.76262680645769	-0.6822154368006842	0.18819296501238722	2.408781561582473
-71.46666666666667	0.0	-71.46666666666667	0.0	-3.8922284322315646	-0.7545158324880405	-0.681228294393197	0.18825060358641582	2.408993850964604
-70.4	0.0	-70.4	0.0	-3.832167569186148	-0.7484462577705235	-0.6798242783966729	0.18830391738939015	2.4096278967418048
-69.33333333333333	0.0	-69.33333333333333	0.0	-3.7722581807828357	-0.7473911424105327	-0.6760011807845153	0.18831756778338854	2.410118291438768
-68.26666666666667	0.0	-68.26666666666667	0.0	-3.712487222618799	-0.7544760081074373	-0.6807840985532794	0.18824121357482124	2.4095053222133074
-67.2	0.0	-67.2	0.0	-3.652842535556789	-0.7567462553564347	-0.6810719694801688	0.18823304694759416	2.40925061144165
-66.13333333333333	0.0	-66.13333333333333	0.0	-3.5933128041739804	-0.7608794487114957	-0.6829120576151512	0.18819555128986637	2.408652795012043
-65.06666666666666	0.0	-65.06666666666666	0.0	-3.533887516408651	-0.76273791980632	-0.6858803851547033	0.18819229966299422	2.4088170933863453
-64.0	0.0	-64.0	0.0	-3.474556924388418	-0.7654167237769424	-0.6895552171666414	0.18814947047868052	2.4087470921913385
-62.93333333333334	0.0	-62.93333333333334	0.0	-3.4153120064237723	-0.7563637653069959	-0.6837655506461803	0.18824588175201395	2.4088263975464055
-61.86666666666667	0.0	-61.86666666666667	0.0	-3.356144430150613	-0.7512281157769672	-0.6820098223753643	0.18827823704910898	2.409401076987444
-60.8	0.0	-60.8	0.0	-3.2970465168055205	-0.743510481344439	-0.6777549988586864	0.18834191742488368	2.409982066516273
-59.733333333333334	0.0	-59.733333333333334	0.0	-3.2380112066174873	-0.7549135182590999	-0.6790861161709101	0.1882557010212816	2.409286089588313
-58.66666666666667	0.0	-58.66666666666667	0.0	-3.179032025299821	-0.7592917748196204	-0.6815125595556337	0.18819954338622438	2.4092346323247766
-57.6	0.0	-57.6	0.0	-3.1201030516259602	-0.7674764308688234	-0.686726870554222	0.18814394378614188	2.408315452138352
-56.53333333333333	0.0	-56.53333333333333	0.0	-3.061218886072913	-0.7690881109960546	-0.6902586953724326	0.1881372902922119	2.4075578016142396
-55.46666666666667	0.0	-55.46666666666667	0.0	-3.002374620516045	-0.7668374593598268	-0.6882868680576366	0.1881449954674406	2.4077094905444025
-54.4	0.0	-54.4	0.0	-2.943565808958942	-0.7531606338203674	-0.6810729353099323	0.18825707464583494	2.4092760342273287
-53.33333333333333	0.0	-53.33333333333333	0.0	-2.884788439282071	-0.7610320605456536	-0.6859333877458644	0.1881998545980373	2.4086951305500337
-52.266666666666666	0.0	-52.266666666666666	0.0	-2.826038905993961	-0.7656584387725529	-0.6861964261163763	0.1881564781101906	2.408153911744598
-51.2	0.0	-51.2	0.0	-2.7673139839686236	-0.7578338762537052	-0.6826849803061863	0.18821889217583032	2.4091706729315137
-50.13333333333333	0.0	-50.13333333333333	0.0	-2.7086108031529483	-0.754503759615991	-0.6836510032361665	0.18826158185140038	2.409276205930397
-49.06666666666666	0.0	-49.06666666666666	0.0	-2.649926824227785	-0.7574020108404415	-0.685213071907853	0.188235482984888	2.408809162850841
-48.0	0.0	-48.0	0.0	-2.591259815206436	-0.7643685838541365	-0.6877147534311944	0.18817135188855658	2.4080951356377365
-46.93333333333334	0.0	-46.93333333333334	0.0	-2.532607828954294	-0.766045607730626	-0.6877110296208819	0.18816655493406195	2.408407356206119
-45.86666666666667	0.0	-45.86666666666667	0.0	-2.473969181613334	-0.7668133350786096	-0.6848427727763253	0.1881578517347438	2.40830059982287
-44.8	0.0	-44.8	0.0	-2.415342431915193	-0.7619679603184377	-0.6854414369898361	0.18821012458786135	2.408692007700461
-43.733333333333334	0.0	-43.733333333333334	0.0	-2.356726361366558	-0.7534138529216113	-0.6803826675090242	0.18825089333534503	2.4092118065480195
-42.666666666666664	0.0	-42.666666666666664	0.0	-2.29811995529058	-0.7629620459687833	-0.6847167212606778	0.18818477692227656	2.4084327897232383
-41.6	0.0	-41.6	0.0	-2.2395223847080508	-0.7494458164561982	-0.6809663398983092	0.18829006309799745	2.4095749370764095
-40.53333333333333	0.0	-40.53333333333333	0.0	-2.180932989042046	-0.7625531243781362	-0.6864480462327889	0.1882003375129193	2.408777955818019
-39.46666666666667	0.0	-39.46666666666667	0.0	-2.122351259629783	-0.7596227861426363	-0.6829944214311391	0.18820599298275972	2.409016161632153
-38.4	0.0	-38.4	0.0	-2.0637768240253935	-0.754198696919302	-0.6812224994146127	0.1882717445268063	2.4094295904283665
-37.333333333333336	0.0	-37.333333333333336	0.0	-2.0052094310773465	-0.76580409663241	-0.6860862034774169	0.18816840074205538	2.408484032357942
-36.266666666666666	0.0	-36.266666666666666	0.0	-1.946648936764245	-0.7561506496038422	-0.684424826043105	0.18823341181661618	2.408786283416876
-35.2	0.0	-35.2	0.0	-1.8880952907727155	-0.7557607226652214	-0.6834412142799775	0.1882433062059766	2.4086744510616396
-34.13333333333333	0.0	-34.13333333333333	0.0	-1.8295485238011158	-0.7484370394619977	-0.6796556552513152	0.18830141696344543	2.4095948760953174
-33.06666666666667	0.0	-33.06666666666667	0.0	-1.771008735572786	-0.7443889249777054	-0.6770688090056706	0.18834378469576094	2.4097276991507557
-32.0	0.0	-32.0	0.0	-1.7124760835425616	-0.7509127723590115	-0.6793213386442184	0.18827154062941154	2.4089756933650417
-30.933333333333337	0.0	-30.933333333333337	0.0	-1.6539507722802793	-0.7544583012284304	-0.6778299901741418	0.18826007944954518	2.4091507553754936
-29.866666666666667	0.0	-29.866666666666667	0.0	-1.5954330435149888	-0.7489648546965971	-0.6789281386158409	0.18828683293400877	2.4097833953338137
-28.799999999999997	0.0	-28.799999999999997	0.0	-1.536923166823607	-0.7536113221825873	-0.6806722983923724	0.18826020822684708	2.4090187049838674
-27.733333333333334	0.0	-27.733333333333334	0.0	-1.478421430947724	-0.7510959258765968	-0.6829772618556647	0.1882923488951055	2.4091172088883552
-26.666666666666664	0.0	-26.666666666666664	0.0	-1.4199281357222944	-0.752333250387292	-0.6811260774098378	0.18828397837048397	2.4092202521927333
-25.6	0.0	-25.6	0.0	-1.3614435845999364	-0.752993223327936	-0.6789260567161268	0.18824714806214915	2.40883572316935
-24.53333333333333	0.0	-24.53333333333333	0.0	-1.302968077754553	-0.7391947783583019	-0.6723787611344383	0.18837947747126266	2.4097753467524465
-23.46666666666667	0.0	-23.46666666666667	0.0	-1.2445019057480127	-0.7508811253370776	-0.6777588621777422	0.18827796876306324	2.40928100288489
-22.4	0.0	-22.4	0.0	-1.1860453437435996	-0.7333250123560778	-0.6713798570667144	0.18843503414557763	2.410599650261718
-21.333333333333336	0.0	-21.333333333333336	0.0	-1.1275986462499692	-0.7354418107184543	-0.6728774726988149	0.18839140010312747	2.410288148699934
-20.266666666666666	0.0	-20.266666666666666	0.0	-1.0691620423793182	-0.7330128132505771	-0.668777246333032	0.18842863820625153	2.4101699525997025
-19.200000000000003	0.0	-19.200000000000003	0.0	-1.010735731603509	-0.7341444223278784	-0.6721124174798448	0.18840857041004339	2.4101304072365863
-18.133333333333333	0.0	-18.133333333333333	0.0	-0.9523198799918556	-0.7442202267122551	-0.6756275763689052	0.18834269008869509	2.40934770952726
-17.06666666666667	0.0	-17.06666666666667	0.0	-0.8939146169143085	-0.7340075320559903	-0.6726135436186317	0.18841074889273357	2.409863527009901
-16.0	0.0	-16.0	0.0	-0.8355200321937496	-0.7367923197460514	-0.6759483820907483	0.18840018915398002	2.4097774715779257
-14.933333333333337	0.0	-14.933333333333337	0.0	-0.7771361736911329	-0.7409241502080017	-0.673182685635689	0.1883650436820114	2.409777825715508
-13.866666666666674	0.0	-13.866666666666674	0.0	-0.7187630453071814	-0.7281580914045782	-0.6692054845189591	0.18846698164788342	2.4095798950025347
-12.799999999999997	0.0	-12.799999999999997	0.0	-0.6604006053843748	-0.725321878645303	-0.6657454959723088	0.18849660042731364	2.410160262107737
-11.733333333333334	0.0	-11.733333333333334	0.0	-0.6020487654929477	-0.7172707431952565	-0.6627198518019827	0.188550450802379	2.4106597892616914
-10.666666666666671	0.0	-10.666666666666671	0.0	-0.5437073895846136	-0.7081397349489349	-0.657655222953936	0.18863490724952228	2.410913920535491
-9.599999999999994	0.0	-9.599999999999994	0.0	-0.4853762934977529	-0.7123996559004787	-0.6598879960080885	0.18859056493191168	2.4104387537544736
-8.533333333333331	0.0	-8.533333333333331	0.0	-0.4270552447977797	-0.7141528944767912	-0.6600404468706187	0.18856719185162213	2.4103429219789985
-7.466666666666669	0.0	-7.466666666666669	0.0	-0.36874396293640566	-0.6950016814461756	-0.6501538378055735	0.18874844590400466	2.411257423256788
-6.400000000000006	0.0	-6.400000000000006	0.0	-0.31044211971353775	-0.6891421532394502	-0.6460259350513301	0.1887806509609141	2.4114782655980536
-5.333333333333329	0.0	-5.333333333333329	0.0	-0.2521493400255208	-0.6866605073179912	-0.644261535775522	0.18879420477193584	2.411548406301805
-4.266666666666666	0.0	-4.266666666666666	0.0	-0.1938652028834597	-0.6745360814211364	-0.6384787695721532	0.1889129911014695	2.4117170938358132
-3.200000000000003	0.0	-3.200000000000003	0.0	-0.1355892426853284	-0.6665036723370705	-0.6302095604928307	0.18895670026401257	2.411918834210636
-2.13333333333334	0.0	-2.13333333333334	0.0	-0.07732095072560852	-0.6609380139332127	-0.6296292685077196	0.18901947919867418	2.411823292184089
-1.0666666666666629	0.0	-1.0666666666666629	0.0	-0.01905977692616606	-0.6621758106273481	-0.6291204586565882	0.1890104003988924	2.4110479562438534
0.0	0.0	0.0	0.0	0.0391948682279	-0.6553424362695545	-0.6265838677529987	0.18906323128698468	2.4115082814408324
1.0666666666666629	0.0	1.0666666666666629	0.0	0.0974436115637267	-0.6507276265369402	-0.6225102231686099	0.18910256202126433	2.411283382614556
2.1333333333333258	0.0	2.1333333333333258	0.0	0.1556871149237345	-0.6430304676954088	-0.6172702640240664	0.1891712003231611	2.4115199572495327
3.200000000000003	0.0	3.200000000000003	0.0	0.2139260727125422	-0.6286479854674676	-0.6062570896593755	0.18929432215519093	2.4122435998345106
4.266666666666666	0.0	4.266666666666666	0.0	0.27216120930401666	-0.618576269762426	-0.603580496365769	0.18937652499955152	2.412543575827778
5.333333333333329	0.0	5.333333333333329	0.0	0.33039327632474647	-0.6215546419315234	-0.6052500940845174	0.18935243291265993	2.4115779284982595
6.400000000000006	0.0	6.400000000000006	0.0	0.38862304983020113	-0.6189999685484625	-0.6004060178288069	0.1893569079238998	2.4112775876359724
7.466666666666669	0.0	7.466666666666669	0.0	0.44685132738985966	-0.6045721352473792	-0.589713992592097	0.1894839252693113	2.4115277160819715
8.533333333333331	0.0	8.533333333333331	0.0	0.5050789250975919	-0.5946203004789365	-0.5831346421936837	0.18957075336509746	2.4120186902767933
9.599999999999994	0.0	9.599999999999994	0.0	0.5633066745235548	-0.5900924261565262	-0.5815389304518833	0.18960422473214172	2.41154118404146
10.666666666666671	0.0	10.666666666666671	0.0	0.621535419623892	-0.5800845839932115	-0.5716594685270916	0.18968179159363507	2.4114189314562164
11.733333333333334	0.0	11.733333333333334	0.0	0.6797660136245051	-0.5802496764942091	-0.5718727022761059	0.18969040894141842	2.410942841771202
12.799999999999997	0.0	12.799999999999997	0.0	0.7379993158951843	-0.5756563725710069	-0.5694647277027578	0.18971676536253454	2.410623946246004
13.86666666666666	0.0	13.86666666666666	0.0	0.7962361888303604	-0.5716484580677818	-0.568029772959459	0.18977062646904178	2.4102225795904015
14.933333333333337	0.0	14.933333333333337	0.0	0.8544774947527677	-0.562019800669824	-0.5575795700327786	0.1898312591153391	2.4105125109541197
16.0	0.0	16.0	0.0	0.9127240928562825	-0.5639753591188174	-0.5616407232188851	0.18983088351487531	2.4102179114132074
17.066666666666663	0.0	17.066666666666663	0.0	0.9709768362042303	-0.5501932903294046	-0.5498560762330154	0.18993536483245937	2.410567391547599
18.133333333333326	0.0	18.133333333333326	0.0	1.0292365687994187	-0.5625994380369845	-0.5587171457917338	0.1898307332746898	2.4091326728960185
19.200000000000003	0.0	19.200000000000003	0.0	1.0875041227421884	-0.5537035234866684	-0.5520330887154578	0.18990071300681444	2.4099032011503194
20.266666666666666	0.0	20.266666666666666	0.0	1.1457803154927464	-0.5537024396110446	-0.5523326247196081	0.18990646505963146	2.409464746631777
21.33333333333333	0.0	21.33333333333333	0.0	1.2040659472540736	-0.5507747842360001	-0.5497625195232064	0.18992964497396814	2.409249355862956
22.400000000000006	0.0	22.400000000000006	0.0	1.2623617984916657	-0.537385271588455	-0.5391276177513182	0.1900321731691405	2.41000082507658
23.46666666666667	0.0	23.46666666666667	0.0	1.3206686276063948	-0.5320699562594333	-0.5356738212465985	0.1900792520044158	2.4099575344402666
24.53333333333333	0.0	24.53333333333333	0.0	1.3789871687767694	-0.5292215955080154	-0.5306277685243462	0.1901156101293105	2.4103742899834457
25.599999999999994	0.0	25.599999999999994	0.0	1.4373181299868607	-0.5314795767190089	-0.5334296084754636	0.19009366433078342	2.4101577616817913
26.66666666666667	0.0	26.66666666666667	0.0	1.4956621912561816	-0.5359854837800087	-0.5356303589072177	0.19006552649032474	2.4095437407750344
27.733333333333334	0.0	27.733333333333334	0.0	1.5540200030877847	-0.5298478287955687	-0.5315182313724532	0.1901029362965181	2.4095728873710236
28.799999999999997	0.0	28.799999999999997	0.0	1.6123921851508696	-0.5284312462806704	-0.5302538314340404	0.19012242459486767	2.409748067427333
29.86666666666666	0.0	29.86666666666666	0.0	1.670779325214162	-0.5211847650699183	-0.5261978508028913	0.19016760396494056	2.4095029398332217
30.933333333333337	0.0	30.933333333333337	0.0	1.7291819783463485	-0.5164567386260762	-0.5217956738585489	0.19021943682894343	2.4097870547554736
32.0	0.0	32.0	0.0	1.7876006663998416	-0.512932919463465	-0.5183371233251023	0.19024351818439325	2.4095519288651444
33.06666666666666	0.0	33.06666666666666	0.0	1.8460358777941588	-0.5195991945406403	-0.5231556050920666	0.19019284431610717	2.409177197648141
34.133333333333326	0.0	34.133333333333326	0.0	1.9044880676151767	-0.512456132234732	-0.5183139541422076	0.19024554642689762	2.409093588984904
35.2	0.0	35.2	0.0	1.9629576580465535	-0.5156391529993852	-0.5210340956267299	0.19020448793048467	2.408689518005961
36.266666666666666	0.0	36.266666666666666	0.0	2.021445039149582	-0.5181008920962629	-0.5215310150403218	0.19020511035411033	2.4080317664737723
37.33333333333333	0.0	37.33333333333333	0.0	2.079950570007767	-0.502301902473516	-0.5087878356708644	0.19033625930462347	2.408895754854903
38.39999999999999	0.0	38.39999999999999	0.0	2.1384745802523812	-0.5041115777023737	-0.510239896332428	0.1903334905926333	2.408903771241946
39.46666666666667	0.0	39.46666666666667	0.0	2.1970173719853	-0.49513482320080904	-0.5008088906299577	0.19040372787936172	2.4095248856317526
40.53333333333333	0.0	40.53333333333333	0.0	2.2555792221153697	-0.49821047589002776	-0.5042468153322213	0.19037161940542865	2.4087974333849265
41.599999999999994	0.0	41.599999999999994	0.0	2.3141603851246044	-0.49910353574705674	-0.505555514662478	0.19035369789758505	2.4081491577158696
42.66666666666667	0.0	42.66666666666667	0.0	2.3727610962804784	-0.4917158180304782	-0.49793533245314014	0.1904012596477424	2.4085526384655127
43.733333333333334	0.0	43.733333333333334	0.0	2.4313815753105863	-0.5000322347223779	-0.5031425607001255	0.1903559622318096	2.408265239722064
44.8	0.0	44.8	0.0	2.490022030555963	-0.5019924398856801	-0.5077638092978334	0.19033830901001153	2.407708739343475
45.86666666666666	0.0	45.86666666666666	0.0	2.548682663619322	-0.47219408050805584	-0.4830242301324636	0.19057413244406138	2.4093904850543657
46.93333333333334	0.0	46.93333333333334	0.0	2.607363674524507	-0.49057560233683517	-0.4960371657550139	0.19042069428888303	2.408958093800451
48.0	0.0	48.0	0.0	2.6660652674034075	-0.4931112703364283	-0.49899366724567756	0.19040482248642765	2.407974986415091
49.06666666666666	0.0	49.06666666666666	0.0	2.724787656726653	-0.4876475391670013	-0.4954147421293078	0.19045043111417317	2.4085868073762744
50.133333333333326	0.0	50.133333333333326	0.0	2.783531074094322	-0.48667897288530954	-0.4933915755968327	0.19046177424817967	2.408691610637115
51.19999999999999	0.0	51.19999999999999	0.0	2.8422957756029708	-0.4863421987780351	-0.49465404387571804	0.19045159010989013	2.408332826342661
52.26666666666665	0.0	52.26666666666665	0.0	2.901082049805243	-0.47863839717401596	-0.48640197290898646	0.19052605558469657	2.409468534830742
53.33333333333334	0.0	53.33333333333334	0.0	2.9598902262783517	-0.48304512424969187	-0.4917585077060484	0.19048675704474255	2.4085363803311526
54.400000000000006	0.0	54.400000000000006	0.0	3.0187206848176857	-0.49059536965267236	-0.497924504428341	0.19043579342752742	2.4079220911383485
55.46666666666667	0.0	55.46666666666667	0.0	3.0775738652718507	-0.4912329460742322	-0.49810605896109483	0.19043757484686982	2.408088782624176
56.53333333333333	0.0	56.53333333333333	0.0	3.13645027803539	-0.48877547809119937	-0.49678723988119927	0.19045967088558236	2.4082118507989962
57.599999999999994	0.0	57.599999999999994	0.0	3.195350515215478	-0.4939386215751779	-0.5004217753290936	0.1904030303356432	2.407853796242589
58.66666666666666	0.0	58.66666666666666	0.0	3.2542752624888656	-0.4842350479818571	-0.4923502179452586	0.19047544610506176	2.4087272497554078
59.73333333333332	0.0	59.73333333333332	0.0	3.3132253116653385	-0.47193912291323636	-0.4826851594966387	0.19057697627614445	2.4092200482953388
60.80000000000001	0.0	60.80000000000001	0.0	3.372201573973985	-0.4883990191120657	-0.49468736500257726	0.19045766410596163	2.407994839582462
61.866666666666674	0.0	61.866666666666674	0.0	3.431205094088528	-0.47970582149777713	-0.4876264733467039	0.19050683557239242	2.408796832424185
62.93333333333334	0.0	62.93333333333334	0.0	3.490237064908026	-0.49108655847633065	-0.4983741840350306	0.1904306530668944	2.408092216685562
64.0	0.0	64.0	0.0	3.549298843109189	-0.49732641971268854	-0.5023459979679651	0.1903744203117444	2.407617479162215
65.06666666666666	0.0	65.06666666666666	0.0	3.6083919654866037	-0.49419331088395174	-0.49956573894635264	0.19041544661383178	2.407658923990533
66.13333333333333	0.0	66.13333333333333	0.0	3.667518166097146	-0.4973816329808654	-0.5026548274007334	0.19038962676480703	2.4077193312765544
67.19999999999999	0.0	67.19999999999999	0.0	3.7266793942248477	-0.47454614426950775	-0.4842281369333232	0.19056989352454162	2.4085057957219584
68.26666666666665	0.0	68.26666666666665	0.0	3.7858778331825	-0.4829724509256696	-0.49103187104880347	0.19050470001546974	2.4090171596562446
69.33333333333334	0.0	69.33333333333334	0.0	3.845115919966272	-0.4827800039794664	-0.49137249774369207	0.19051435831311003	2.408591636525097
70.4	0.0	70.4	0.0	3.9043963657796077	-0.47450903494368535	-0.4848480494016431	0.1905590762311844	2.4096119498192565
71.46666666666667	0.0	71.46666666666667	0.0	3.9637221774427083	-0.49154836461227963	-0.4994980986685455	0.19044413175782338	2.4083249065385974
72.53333333333333	0.0	72.53333333333333	0.0	4.023096679703835	-0.4869682174367518	-0.4936528647423277	0.19046249325478187	2.4085980968530736
73.6	0.0	73.6	0.0	4.082523538468745	-0.4788981731862143	-0.48898401146869497	0.19053126033398055	2.4089450336357543
74.66666666666666	0.0	74.66666666666666	0.0	4.142006784964515	-0.4787780454264529	-0.48681533731654836	0.1905345441551782	2.4092624267590947
75.73333333333332	0.0	75.73333333333332	0.0	4.201550840854042	-0.4826279931060501	-0.49042710064489503	0.19049612559345364	2.4088630132259037
76.80000000000001	0.0	76.80000000000001	0.0	4.261160544317486	-0.4880258010283617	-0.4970534976842581	0.19045435882188044	2.4085212919239494
77.86666666666667	0.0	77.86666666666667	0.0	4.320841177116942	-0.48592750367168736	-0.49449260006494017	0.19048337664056844	2.4085089829601785
78.93333333333334	0.0	78.93333333333334	0.0	4.380598492660622	-0.47979905626433106	-0.48919317800125756	0.190520410846298	2.408940107903957
80.0	0.0	80.0	0.0	4.440438745082791	-0.4785506461742334	-0.48667294181500514	0.1905248000060033	2.408907162377562
