Hysterese	V-MOKE
Charge	2020_0446
Sample	1
Sample State	bFC
User	Meike Reginka
Sample Angle	55.0
Magnetic Field Angle	90.0
Detektor Averages	300
Hysteresus Points	150
Magnetic Field [kA/m]	80
Hysteresis Averages	100
Polarization	p-polarization
Measurement Method	Scan Both Angles
Max Voltage Correction	No
Training Effect Elimination	No
Magnetic field [kA/m]	Magnetic field transversal [kA/m]	Magnetic field longitudinal [kA/m]	Magnetic field transversal [V]	Magnetic field longitudinal [V]	Detector diff transversal [V]	Detector diff longitudinal [V]	Detector raw transversal [V]	Detector raw longitudinal [V]
80.0	80.0	0.0	-4.342489581062203	0.0	-10.564406957477331	-0.8456988976058468	0.09407062236804244	1.1277444435513273
78.93333333333334	78.93333333333334	0.0	-4.283945631442396	0.0	-10.564406957477331	-0.8464036099274489	0.09412104941316646	1.1280510301127542
77.86666666666666	77.86666666666666	0.0	-4.225481927972428	0.0	-10.564406957477331	-0.8464157793824755	0.09409698952060039	1.127957730957549
76.8	76.8	0.0	-4.167093947216811	0.0	-10.564406957477331	-0.8464202651251574	0.09407764073099437	1.1279712740371302
75.73333333333333	75.73333333333333	0.0	-4.108777426500553	0.0	-10.564406957477331	-0.8464129892076013	0.09410524199936184	1.1278888351010488
74.66666666666667	74.66666666666667	0.0	-4.050528351430542	0.0	-10.564406957477331	-0.8464070654517157	0.09409392032823911	1.1279819196274166
73.6	73.6	0.0	-3.992342943813344	0.0	-10.564406957477331	-0.8464211451033873	0.09410853655200144	1.1280186962785441
72.53333333333333	72.53333333333333	0.0	-3.934217649963252	0.0	-10.564406957477331	-0.8464036206588904	0.09408431568780797	1.127807254680314
71.46666666666667	71.46666666666667	0.0	-3.876149129394453	0.0	-10.564406957477331	-0.8463938765097158	0.09408904825365168	1.1276276210756475
70.4	70.4	0.0	-3.818134243891202	0.0	-10.564406957477331	-0.8463966988789149	0.0941082146087467	1.1279386933797566
69.33333333333333	69.33333333333333	0.0	-3.760170046949834	0.0	-10.564406957477331	-0.8463914619353057	0.094077962674249	1.1276952506220121
68.26666666666667	68.26666666666667	0.0	-3.7022537735865026	0.0	-10.564406957477331	-0.846406357176555	0.09408052748884461	1.1277709287497448
67.2	67.2	0.0	-3.6443828305044987	0.0	-10.564406957477331	-0.8464003046433676	0.09406885168014169	1.1276039045892192
66.13333333333333	66.13333333333333	0.0	-3.586554786615013	0.0	-10.564406957477331	-0.8464129570132762	0.0941024732873717	1.1278718043028773
65.06666666666666	65.06666666666666	0.0	-3.5287673639052177	0.0	-10.564406957477331	-0.8464108107249119	0.09408557126650124	1.127843044038793
64.0	64.0	0.0	-3.4710184286475108	0.0	-10.564406957477331	-0.8464140945461093	0.09412201524293051	1.1279793762757044
62.93333333333334	62.93333333333334	0.0	-3.4133059829438133	0.0	-10.564406957477331	-0.8464146955068511	0.0940818689190725	1.1276803446493204
61.86666666666667	61.86666666666667	0.0	-3.3556281565987605	0.0	-10.564406957477331	-0.8464085785850122	0.09410410446652871	1.1278754637245374
60.8	60.8	0.0	-3.2979831993156687	0.0	-10.564406957477331	-0.8464084068819433	0.09408404740176238	1.127599214949142
59.733333333333334	59.733333333333334	0.0	-3.2403694732091295	0.0	-10.564406957477331	-0.8464129033560668	0.09407119113445903	1.1274354638783728
58.66666666666667	58.66666666666667	0.0	-3.1827854456281033	0.0	-10.564406957477331	-0.8464181188367926	0.09408877996760616	1.127629005431642
57.6	57.6	0.0	-3.1252296822833725	0.0	-10.564406957477331	-0.8463981154292357	0.09409458567763211	1.127683639201961
56.53333333333333	56.53333333333333	0.0	-3.0677008406732234	0.0	-10.564406957477331	-0.846414405757922	0.09408810388677137	1.1277309648603977
55.46666666666667	55.46666666666667	0.0	-3.0101976638012173	0.0	-10.564406957477331	-0.8464222289790113	0.09403337353347649	1.1274278230917938
54.4	54.4	0.0	-2.9527189741799083	0.0	-10.564406957477331	-0.8463991241847668	0.09408827558984058	1.1275462123579807
53.33333333333333	53.33333333333333	0.0	-2.895263668114395	0.0	-10.564406957477331	-0.8464056274385113	0.09411682122508842	1.1278303594745573
52.266666666666666	52.266666666666666	0.0	-2.837830710259539	0.0	-10.564406957477331	-0.8464083854190605	0.09409317985875332	1.127708707850058
51.2	51.2	0.0	-2.7804191284447413	0.0	-10.564406957477331	-0.8463986627327686	0.09410824680307223	1.1278219567556096
50.13333333333333	50.13333333333333	0.0	-2.7230280087601257	0.0	-10.564406957477331	-0.8463955398831984	0.09408630100454518	1.1275594442257477
49.06666666666666	49.06666666666666	0.0	-2.665656490897999	0.0	-10.564406957477331	-0.8464121736180236	0.09407840266336373	1.127493907310539
48.0	48.0	0.0	-2.6083037637434527	0.0	-10.564406957477331	-0.8464168203323321	0.09411369837551803	1.1278434196392568
46.93333333333334	46.93333333333334	0.0	-2.5509690612079656	0.0	-10.564406957477331	-0.846408449807711	0.09408723463998372	1.1275566003936657
45.86666666666667	45.86666666666667	0.0	-2.4936516582998802	0.0	-10.564406957477331	-0.8463968491191004	0.09405949386287242	1.1273647544082046
44.8	44.8	0.0	-2.4363508674256087	0.0	-10.564406957477331	-0.8464140301574584	0.09407433544691299	1.1273841031978105
43.733333333333334	43.733333333333334	0.0	-2.3790660349154367	0.0	-10.564406957477331	-0.8464038245562852	0.09408036651721727	1.1275163038296214
42.666666666666664	42.666666666666664	0.0	-2.3217965377677903	0.0	-10.564406957477331	-0.8464078488469685	0.0940733374228235	1.1273174716755348
41.6	41.6	0.0	-2.264541780605829	0.0	-10.564406957477331	-0.8464038567506108	0.09409874947705925	1.127564015819965
40.53333333333333	40.53333333333333	0.0	-2.207301192840227	0.0	-10.564406957477331	-0.846411229251143	0.09408137527274862	1.127537766713267
39.46666666666667	39.46666666666667	0.0	-2.1500742260320136	0.0	-10.564406957477331	-0.8464118516747685	0.09406511713838743	1.12738163496619
38.4	38.4	0.0	-2.092860351449327	0.0	-10.564406957477331	-0.8464144486836892	0.09411129453254972	1.1273931390718246
37.333333333333336	37.333333333333336	0.0	-2.0356590578119564	0.0	-10.564406957477331	-0.8464231411515659	0.09411418129040008	1.1275784066834478
36.266666666666666	36.266666666666666	0.0	-1.978469849217529	0.0	-10.564406957477331	-0.8464088468710584	0.09407554809983897	1.127399814028638
35.2	35.2	0.0	-1.9212922432432114	0.0	-10.564406957477331	-0.8464169276467506	0.0941255995444992	1.1274968155312721
34.13333333333333	34.13333333333333	0.0	-1.8641257692167834	0.0	-10.564406957477331	-0.8464086966308727	0.09413332618261146	1.1276126292514201
33.06666666666667	33.06666666666667	0.0	-1.8069699666509589	0.0	-10.564406957477331	-0.8464269293505289	0.09412792826737469	1.1277731823525274
32.0	32.0	0.0	-1.7498243838348049	0.0	-10.564406957477331	-0.8464158652340101	0.09411956847419498	1.1275299434921784
30.933333333333337	30.933333333333337	0.0	-1.6926885765761346	0.0	-10.564406957477331	-0.846418505168698	0.09412945213211352	1.1275202959259794
29.866666666666667	29.866666666666667	0.0	-1.6355621070887316	0.0	-10.564406957477331	-0.8464062820564622	0.09411876361605832	1.1275163574868303
28.799999999999997	28.799999999999997	0.0	-1.5784445430182759	0.0	-10.564406957477331	-0.8464228514026366	0.09410670147544975	1.1273516513177393
27.733333333333334	27.733333333333334	0.0	-1.5213354566008253	0.0	-10.564406957477331	-0.8464095980719851	0.09410652977238064	1.127421158866424
26.666666666666664	26.666666666666664	0.0	-1.4642344239477312	0.0	-10.564406957477331	-0.8464088254081747	0.0941587811626145	1.127593033638652
25.6	25.6	0.0	-1.4071410244508409	0.0	-10.564406957477331	-0.8464152106160593	0.09409592710786001	1.127395596572002
24.53333333333333	24.53333333333333	0.0	-1.3500548403018546	0.0	-10.564406957477331	-0.846412484829836	0.09411807680378162	1.1272236359482373
23.46666666666667	23.46666666666667	0.0	-1.292975456119707	0.0	-10.564406957477331	-0.8463950462368746	0.09412160744814128	1.1272330044969492
22.4	22.4	0.0	-1.2359024586798253	0.0	-10.564406957477331	-0.8464192671010679	0.0941052419993619	1.1270623209147619
21.333333333333336	21.333333333333336	0.0	-1.1788354367391438	0.0	-10.564406957477331	-0.8464286678441042	0.09413177012354718	1.1272407525979444
20.266666666666666	20.266666666666666	0.0	-1.121773980950723	0.0	-10.564406957477331	-0.846401431444759	0.09419181254054415	1.1274739360973063
19.200000000000003	19.200000000000003	0.0	-1.0647176838618537	0.0	-10.564406957477331	-0.8464243967302586	0.0941603908788878	1.127474816075536
18.133333333333333	18.133333333333333	0.0	-1.0076661399894944	0.0	-10.564406957477331	-0.8464109180393297	0.09415165548524436	1.1273657738951772
17.06666666666667	17.06666666666667	0.0	-0.9506189459669213	0.0	-10.564406957477331	-0.8464114331485374	0.09416100257107171	1.1271856359127448
16.0	16.0	0.0	-0.8935757007554419	0.0	-10.564406957477331	-0.8464154789021046	0.09418518050949791	1.1272167570940288
14.933333333333337	14.933333333333337	0.0	-0.8365360059150497	0.0	-10.564406957477331	-0.8464128389674159	0.09416723753877063	1.1272274885358522
13.866666666666674	13.866666666666674	0.0	-0.77949946592787	0.0	-10.564406957477331	-0.8464099522095658	0.09416013332428413	1.127065980336424
12.799999999999997	12.799999999999997	0.0	-0.7224656885682738	0.0	-10.564406957477331	-0.846418451511489	0.09417951430821557	1.1268969172019503
11.733333333333334	11.733333333333334	0.0	-0.6654342853135198	0.0	-10.564406957477331	-0.8464017104622457	0.09420135279232439	1.1269637418901803
10.666666666666671	10.666666666666671	0.0	-0.6084048717887804	0.0	-10.564406957477331	-0.8464039426021455	0.0941942271149542	1.1270345694062087
9.599999999999994	9.599999999999994	0.0	-0.551377068240432	0.0	-10.564406957477331	-0.8463973213025404	0.09420621413546999	1.1269965908335986
8.533333333333331	8.533333333333331	0.0	-0.49435050003146297	0.0	-10.564406957477331	-0.8463985661497924	0.09417234570507814	1.1265612055074181
7.466666666666669	7.466666666666669	0.0	-0.4373247981528619	0.0	-10.564406957477331	-0.84640762348669	0.09423311786011909	1.126844719468926
6.400000000000006	6.400000000000006	0.0	-0.3802995997448602	0.0	-10.564406957477331	-0.8464079776242706	0.0942218391147636	1.1268659784551758
5.333333333333329	5.333333333333329	0.0	-0.3232745486218845	0.0	-10.564406957477331	-0.8464042645454	0.0942137476076294	1.126784494617418
4.266666666666666	4.266666666666666	0.0	-0.2662492957950903	0.0	-10.564406957477331	-0.8464031055496829	0.09420141718097538	1.1263351154910999
3.200000000000003	3.200000000000003	0.0	-0.20922349998633066	0.0	-10.564406957477331	-0.8464146096553168	0.09421465978018428	1.1265346344574634
2.13333333333334	2.13333333333334	0.0	-0.15219682812743746	0.0	-10.564406957477331	-0.846411690703141	0.09421237398307616	1.126326412291782
1.0666666666666629	1.0666666666666629	0.0	-0.09516895583866962	0.0	-10.564406957477331	-0.8464272298309006	0.09419015989850353	1.1259657607264528
0.0	0.0	0.0	-0.0381395678802	0.0	-10.564406957477331	-0.8464107034104937	0.09417283935140196	1.1257636769454924
-1.0666666666666629	-1.0666666666666629	0.0	0.01889164142950607	0.0	-10.564406957477331	-0.846406260593579	0.09419992551056197	1.1258308665027432
-2.1333333333333258	-2.1333333333333258	0.0	0.07592496783454125	0.0	-10.564406957477331	-0.8464049728205602	0.09418976283515612	1.1256039394339645
-3.200000000000003	-3.200000000000003	0.0	0.13296069680778344	0.0	-10.564406957477331	-0.8464048655061417	0.09417465296506997	1.1255350435774638
-4.266666666666666	-4.266666666666666	0.0	0.1899991032686266	0.0	-10.564406957477331	-0.8464086966308728	0.09418279812941323	1.1256394175806297
-5.333333333333329	-5.333333333333329	0.0	0.2470404513583625	0.0	-10.564406957477331	-0.8464191705180911	0.09415868457963811	1.1254626492709283
-6.400000000000006	-6.400000000000006	0.0	0.3040849942793354	0.0	-10.564406957477331	-0.8464083532247341	0.09417210961335806	1.1253667638382447
-7.466666666666669	-7.466666666666669	0.0	0.36113297420401097	0.0	-10.564406957477331	-0.8464039533335869	0.09414861848720861	1.1254538065628688
-8.533333333333331	-8.533333333333331	0.0	0.4181846222601038	0.0	-10.564406957477331	-0.8464056810957203	0.0940854317577575	1.1250002207113547
-9.599999999999994	-9.599999999999994	0.0	0.4752401585978824	0.0	-10.564406957477331	-0.8464029445780562	0.09411177744743181	1.124837542784767
-10.666666666666671	-10.666666666666671	0.0	0.5322997925458017	0.0	-10.564406957477331	-0.8464081922531069	0.09408213720511796	1.1248640387146265
-11.733333333333334	-11.733333333333334	0.0	0.5893637228605886	0.0	-10.564406957477331	-0.8464046508773053	0.09402753562912505	1.124411322109901
-12.799999999999997	-12.799999999999997	0.0	0.6464321380779278	0.0	-10.564406957477331	-0.8464113902227703	0.09403859974564406	1.1244780287522713
-13.86666666666666	-13.86666666666666	0.0	0.7035052169698697	0.0	-10.564406957477331	-0.8463938979725993	0.09402665565089556	1.1244199716520107
-14.933333333333337	-14.933333333333337	0.0	0.7605831291151076	0.0	-10.564406957477331	-0.8464182261512111	0.09399076970944105	1.1241933987208121
-16.0	-16.0	0.0	0.8176660355882505	0.0	-10.564406957477331	-0.8464073552006447	0.093922625053868	1.123639377305282
-17.066666666666663	-17.066666666666663	0.0	0.8747540897742391	0.0	-10.564406957477331	-0.8464152535418262	0.09396702102868783	1.1239663106804048
-18.133333333333326	-18.133333333333326	0.0	0.9318474383140274	0.0	-10.564406957477331	-0.8464182046883276	0.09391718421286405	1.1239505676552515
-19.200000000000003	-19.200000000000003	0.0	0.9889462221876749	0.0	-10.564406957477331	-0.8464184944372566	0.09390141972482673	1.1237619303708948
-20.266666666666666	-20.266666666666666	0.0	1.0460505779409777	0.0	-10.564406957477331	-0.8464013348617825	0.09384753715543573	1.1233767681924431
-21.33333333333333	-21.33333333333333	0.0	1.1031606390617854	0.0	-10.564406957477331	-0.8464095873405442	0.09384065830122756	1.123245393881652
-22.400000000000006	-22.400000000000006	0.0	1.1602765375121282	0.0	-10.564406957477331	-0.8464057347529297	0.09380856055873642	1.1229848022798756
-23.46666666666667	-23.46666666666667	0.0	1.2173984054222904	0.0	-10.564406957477331	-0.8464101131811933	0.09374832497578656	1.1228118865577892
-24.53333333333333	-24.53333333333333	0.0	1.2745263769529795	0.0	-10.564406957477331	-0.8464096839235203	0.09376777034836897	1.1225339529460279
-25.599999999999994	-25.599999999999994	0.0	1.3316605903317076	0.0	-10.564406957477331	-0.846416916915309	0.09379403018650867	1.1229296426689073
-26.66666666666667	-26.66666666666667	0.0	1.3888011900695343	0.0	-10.564406957477331	-0.846389970264892	0.09374361387282651	1.1228962356905143
-27.733333333333334	-27.733333333333334	0.0	1.4459483293643003	0.0	-10.564406957477331	-0.846412184349465	0.09374362460426833	1.1226321563701456
-28.799999999999997	-28.799999999999997	0.0	1.5031021726964937	0.0	-10.564406957477331	-0.846405670364279	0.09374272316315527	1.1225812249472555
-29.86666666666666	-29.86666666666666	0.0	1.5602628986238758	0.0	-10.564406957477331	-0.8464049513576763	0.09367036105094588	1.1224538641957067
-30.933333333333337	-30.933333333333337	0.0	1.6174307027810082	0.0	-10.564406957477331	-0.8464076449495738	0.09368507385768464	1.1222726852634162
-32.0	-32.0	0.0	1.6746058010898164	0.0	-10.564406957477331	-0.8464149637928965	0.09366988886750573	1.1221978012623786
-33.06666666666666	-33.06666666666666	0.0	1.731788433187324	0.0	-10.564406957477331	-0.8464268220361109	0.09364579678061412	1.1219584042582016
-34.133333333333326	-34.133333333333326	0.0	1.788978866076694	0.0	-10.564406957477331	-0.8464022577657789	0.09360893427795382	1.1217399121026947
-35.2	-35.2	0.0	1.8461773980077143	0.0	-10.564406957477331	-0.8464090936942198	0.09359345953884574	1.1217695523450095
-36.266666666666666	-36.266666666666666	0.0	1.903384362592853	0.0	-10.564406957477331	-0.8463900775793111	0.09357172836915513	1.1214169278981627
-37.33333333333333	-37.33333333333333	0.0	1.9606001331650438	0.0	-10.564406957477331	-0.8464082995675254	0.09357382100031049	1.121321825860732
-38.39999999999999	-38.39999999999999	0.0	2.0178251273833046	0.0	-10.564406957477331	-0.8464133970023906	0.0935206145117544	1.1210026942438134
-39.46666666666667	-39.46666666666667	0.0	2.0750598120923507	0.0	-10.564406957477331	-0.8464077093382254	0.09351705167306941	1.1211056731595428
-40.53333333333333	-40.53333333333333	0.0	2.1323047084423257	0.0	-10.564406957477331	-0.8464268220361109	0.09345290984529614	1.1206840777361025
-41.599999999999994	-41.599999999999994	0.0	2.18956039727479	0.0	-10.564406957477331	-0.846413461391042	0.09347429760884846	1.1206275552320242
-42.66666666666667	-42.66666666666667	0.0	2.246827524781106	0.0	-10.564406957477331	-0.8464271869051325	0.09349097426944068	1.12065414774486
-43.733333333333334	-43.733333333333334	0.0	2.304106808439335	0.0	-10.564406957477331	-0.8464045542943294	0.09343003041133058	1.1203825993409822
-44.8	-44.8	0.0	2.3613990432358243	0.0	-10.564406957477331	-0.8464187197975344	0.09343045966900342	1.120305794411859
-45.86666666666666	-45.86666666666666	0.0	2.4187051081775675	0.0	-10.564406957477331	-0.8464069796001816	0.09343934530283252	1.1202850612662574
-46.93333333333334	-46.93333333333334	0.0	2.4760259731015175	0.0	-10.564406957477331	-0.8463941769900871	0.09341092844488647	1.1201919660084476
-48.0	-48.0	0.0	2.53336270578696	0.0	-10.564406957477331	-0.8464164554633105	0.09335986824469489	1.119825669704719
-49.06666666666666	-49.06666666666666	0.0	2.5907164793770994	0.0	-10.564406957477331	-0.8464054342725585	0.09342462176465201	1.120048111030816
-50.133333333333326	-50.133333333333326	0.0	2.6480885801159855	0.0	-10.564406957477331	-0.8464014314447593	0.09340491883746582	1.1201303460695025
-51.19999999999999	-51.19999999999999	0.0	2.705480415406914	0.0	-10.564406957477331	-0.8464209626688759	0.09340110917561892	1.1202612374654124
-52.26666666666665	-52.26666666666665	0.0	2.762893522198445	0.0	-10.564406957477331	-0.8464074517836214	0.09340729048610857	1.120288795808011
-53.33333333333334	-53.33333333333334	0.0	2.820329575704172	0.0	-10.564406957477331	-0.8464054557354425	0.09334017604895051	1.1197778503999587
-54.400000000000006	-54.400000000000006	0.0	2.877790398462363	0.0	-10.564406957477331	-0.8464026870234523	0.09335628394312616	1.1197347958553665
-55.46666666666667	-55.46666666666667	0.0	2.935277969741645	0.0	-10.564406957477331	-0.8463975573942608	0.09333579762068694	1.1197070443468118
-56.53333333333333	-56.53333333333333	0.0	2.9927944352988205	0.0	-10.564406957477331	-0.846413504316809	0.09340793437261792	1.1199635043434881
-57.599999999999994	-57.599999999999994	0.0	3.050342117494992	0.0	-10.564406957477331	-0.8464166271663797	0.09336392472970377	1.1198775562259304
-58.66666666666666	-58.66666666666666	0.0	3.1079235257761075	0.0	-10.564406957477331	-0.8464135579740182	0.09337724244900553	1.1200360059644412
-59.73333333333332	-59.73333333333332	0.0	3.1655413675240673	0.0	-10.564406957477331	-0.8463938121210651	0.09339341473183206	1.120094363545071
-60.80000000000001	-60.80000000000001	0.0	3.223198559284539	0.0	-10.564406957477331	-0.8464218533785471	0.09334236526308233	1.1200236970006703
-61.866666666666674	-61.866666666666674	0.0	3.28089823837759	0.0	-10.564406957477331	-0.8464090722313362	0.0933786911936516	1.119916725988583
-62.93333333333334	-62.93333333333334	0.0	3.338643774897311	0.0	-10.564406957477331	-0.8464173569044232	0.0933346064306446	1.1199789361568278
-64.0	-64.0	0.0	3.39643878410653	0.0	-10.564406957477331	-0.8464120555721627	0.0933434276758228	1.119804228283957
-65.06666666666666	-65.06666666666666	0.0	3.454287139232773	0.0	-10.564406957477331	-0.846417324710098	0.09337486006892093	1.1201111153257572
-66.13333333333333	-66.13333333333333	0.0	3.5121929846716027	0.0	-10.564406957477331	-0.846410306347146	0.09338441105214294	1.1201772424702665
-67.19999999999999	-67.19999999999999	0.0	3.570160749603466	0.0	-10.564406957477331	-0.8464102741528214	0.09334672222846226	1.1201408950768141
-68.26666666666665	-68.26666666666665	0.0	3.628195162030197	0.0	-10.564406957477331	-0.8464099414781241	0.09337344351860033	1.1199516353688324
-69.33333333333334	-69.33333333333334	0.0	3.6863012632373016	0.0	-10.564406957477331	-0.8463979759204919	0.09335073578770389	1.119937877660417
-70.4	-70.4	0.0	3.7444844226881497	0.0	-10.564406957477331	-0.8464160476685205	0.09336298036282335	1.120033569927147
-71.46666666666667	-71.46666666666667	0.0	3.802750353356249	0.0	-10.564406957477331	-0.8464161442514976	0.09334036921490331	1.120000656595077
-72.53333333333333	-72.53333333333333	0.0	3.861105127501684	0.0	-10.564406957477331	-0.8463955935404069	0.09336311987156712	1.1199811468338443
-73.6	-73.6	0.0	3.9195551928979	0.0	-10.564406957477331	-0.8464102097641696	0.09340381349895807	1.1203097006566825
-74.66666666666666	-74.66666666666666	0.0	3.9781073895149364	0.0	-10.564406957477331	-0.8463935545664613	0.09337766097523659	1.1202070544156504
-75.73333333333332	-75.73333333333332	0.0	4.036768966665268	0.0	-10.564406957477331	-0.8463960979181725	0.0933622506247795	1.1200410604735394
-76.80000000000001	-76.80000000000001	0.0	4.09554760061838	0.0	-10.564406957477331	-0.8463915370553984	0.09335339718527584	1.1199679042346353
-77.86666666666667	-77.86666666666667	0.0	4.1544514126901975	0.0	-10.564406957477331	-0.8464072264233429	0.0933543952093654	1.11996004881922
-78.93333333333334	-78.93333333333334	0.0	4.213488987813546	0.0	-10.564406957477331	-0.8463985983441181	0.0933504138444491	1.1199685588525856
-80.0	-80.0	0.0	4.272669393595734	0.0	-10.564406957477331	-0.8463986412698848	0.09341959944987904	1.1203527873956
-80.0	-80.0	0.0	4.334632001425141	0.0	-10.564406957477331	-0.8456965581515304	0.09337865899932607	1.1202207477354151
-78.93333333333334	-78.93333333333334	0.0	4.2765525217646445	0.0	-10.564406957477331	-0.8464048118489328	0.09337684538565806	1.120154105481698
-77.86666666666666	-77.86666666666666	0.0	4.2185409905834925	0.0	-10.564406957477331	-0.84640514452363	0.09338619247148544	1.1203420344908945
-76.8	-76.8	0.0	4.160591136621887	0.0	-10.564406957477331	-0.8464011738901547	0.09337858387923333	1.12026953286994
-75.73333333333333	-75.73333333333333	0.0	4.1026972267289015	0.0	-10.564406957477331	-0.8464188807691623	0.09336584565778994	1.1200453423188264
-74.66666666666667	-74.66666666666667	0.0	4.044854034561523	0.0	-10.564406957477331	-0.8464129999390435	0.09337525713226835	1.1202293650831987
-73.6	-73.6	0.0	3.9870568103551984	0.0	-10.564406957477331	-0.8464296336738691	0.09338742658729511	1.1201910860302182
-72.53333333333333	-72.53333333333333	0.0	3.9293012517491834	0.0	-10.564406957477331	-0.8464208446230156	0.09335677758944996	1.120021786804025
-71.46666666666667	-71.46666666666667	0.0	3.8715834756500076	0.0	-10.564406957477331	-0.8464103492729135	0.0933290690066642	1.1198891998403082
-70.4	-70.4	0.0	3.813899991116364	0.0	-10.564406957477331	-0.8464061640106028	0.0933594175241383	1.1200591966102194
-69.33333333333333	-69.33333333333333	0.0	3.7562476732487218	0.0	-10.564406957477331	-0.8464166378978214	0.0933611130919463	1.1201112119087338
-68.26666666666667	-68.26666666666667	0.0	3.6986237380669853	0.0	-10.564406957477331	-0.8463968276562173	0.0933679382889454	1.120096370324692
-67.2	-67.2	0.0	3.641025718359479	0.0	-10.564406957477331	-0.8463964520557529	0.0933654700573262	1.1202911459937714
-66.13333333333333	-66.13333333333333	0.0	3.583451440486598	0.0	-10.564406957477331	-0.8463931360402305	0.09337115772149217	1.1202563117336148
-65.06666666666666	-65.06666666666666	0.0	3.5258990021224057	0.0	-10.564406957477331	-0.8464019250910826	0.09334920119152326	1.1200454603646868
-64.0	-64.0	0.0	3.4683667509174954	0.0	-10.564406957477331	-0.8464074410521792	0.0933578507336322	1.1201048159694065
-62.93333333333334	-62.93333333333334	0.0	3.4108532640664255	0.0	-10.564406957477331	-0.8464218963043146	0.09333168747846887	1.1200287622412097
-61.86666666666667	-61.86666666666667	0.0	3.353357328763028	0.0	-10.564406957477331	-0.846407999087154	0.09338440032070114	1.1200674490889815
-60.8	-60.8	0.0	3.2958779235269047	0.0	-10.564406957477331	-0.8464174642188419	0.09339361862922668	1.1202854797924893
-59.733333333333334	-59.733333333333334	0.0	3.238414200384411	0.0	-10.564406957477331	-0.8464155432907552	0.09333435960748279	1.120030200254415
-58.66666666666667	-58.66666666666667	0.0	3.1809654678874364	0.0	-10.564406957477331	-0.8464145559981078	0.09337253134604541	1.1200625555515094
-57.6	-57.6	0.0	3.1235311749532944	0.0	-10.564406957477331	-0.8464068293599954	0.09338176038601277	1.120132030905868
-56.53333333333333	-56.53333333333333	0.0	3.066110895509022	0.0	-10.564406957477331	-0.8464105853646331	0.09335763610479575	1.1200622765340225
-55.46666666666667	-55.46666666666667	0.0	3.0087043139233947	0.0	-10.564406957477331	-0.8464080742072473	0.09335854827735071	1.120045385244594
-54.4	-54.4	0.0	2.9513112112099673	0.0	-10.564406957477331	-0.8463984802982576	0.0933391458305355	1.1197688359888267
-53.33333333333333	-53.33333333333333	0.0	2.8939314519844546	0.0	-10.564406957477331	-0.8464012919360151	0.09331695320884652	1.1195588431352435
-52.266666666666666	-52.266666666666666	0.0	2.836564972159741	0.0	-10.564406957477331	-0.8464137726028547	0.09334382473917019	1.1198102164284942
-51.2	-51.2	0.0	2.7792117673618404	0.0	-10.564406957477331	-0.846410864382121	0.09336346327770537	1.1200483900483036
-50.13333333333333	-50.13333333333333	0.0	2.7218718820501118	0.0	-10.564406957477331	-0.8464077951897596	0.0933817603860128	1.120027163256379
-49.06666666666666	-49.06666666666666	0.0	2.6645453993250308	0.0	-10.564406957477331	-0.8464054342725589	0.09335265671579016	1.1199775625322745
-48.0	-48.0	0.0	2.60723243140683	0.0	-10.564406957477331	-0.8464072693491107	0.09333839462960801	1.1197395606155345
-46.93333333333334	-46.93333333333334	0.0	2.549933110768312	0.0	-10.564406957477331	-0.8464094585632417	0.09334400717368119	1.1197588772108156
-45.86666666666667	-45.86666666666667	0.0	2.492647581905143	0.0	-10.564406957477331	-0.84640985562659	0.09337856241634976	1.1199774337549726
-44.8	-44.8	0.0	2.435375993726936	0.0	-10.564406957477331	-0.8463934794463686	0.09335391229448337	1.1198084672034776
-43.733333333333334	-43.733333333333334	0.0	2.378118492552427	0.0	-10.564406957477331	-0.846431737036466	0.09338547346488342	1.1201231881978069
-42.666666666666664	-42.666666666666664	0.0	2.32087521569205	0.0	-10.564406957477331	-0.8464023758116394	0.09337563273273215	1.120196827351594
-41.6	-41.6	0.0	2.2636462856012263	0.0	-10.564406957477331	-0.8464194066098115	0.09336946215368419	1.1200482290766771
-40.53333333333333	-40.53333333333333	0.0	2.2064318045876616	0.0	-10.564406957477331	-0.8464054986612094	0.09339460592187439	1.1202072475816025
-39.46666666666667	-39.46666666666667	0.0	2.1492318500559726	0.0	-10.564406957477331	-0.8464199861076698	0.09336510518830425	1.12008376088055
-38.4	-38.4	0.0	2.092046470272937	0.0	-10.564406957477331	-0.8464011631587125	0.09334973776361435	1.1198060204347415
-37.333333333333336	-37.333333333333336	0.0	2.0348756806366817	0.0	-10.564406957477331	-0.8464013133988992	0.09335494251289829	1.119825476538767
-36.266666666666666	-36.266666666666666	0.0	1.977719460433113	0.0	-10.564406957477331	-0.8464284639467097	0.0933646544677477	1.1199282730199849
-35.2	-35.2	0.0	1.920577750062899	0.0	-10.564406957477331	-0.846407720069667	0.09336597443509186	1.119742619076455
-34.13333333333333	-34.13333333333333	0.0	1.8634504487223043	0.0	-10.564406957477331	-0.8464350101262212	0.09335947118134738	1.1197394103753493
-33.06666666666667	-33.06666666666667	0.0	1.8063374125211922	0.0	-10.564406957477331	-0.846405541586977	0.09337010604019352	1.1198358431115674
-32.0	-32.0	0.0	1.7492384530214933	0.0	-10.564406957477331	-0.8463958725578945	0.09334997385533444	1.1196510369519415
-30.933333333333337	-30.933333333333337	0.0	1.692153336179458	0.0	-10.564406957477331	-0.8464113794913283	0.09339532492847641	1.1199954411143513
-29.866666666666667	-29.866666666666667	0.0	1.635081781674985	0.0	-10.564406957477331	-0.8464063035193464	0.0933975999941429	1.1201497270534337
-28.799999999999997	-28.799999999999997	0.0	1.5780234626113472	0.0	-10.564406957477331	-0.8464121199608141	0.09338218964368572	1.1198719758761826
-27.733333333333334	-27.733333333333334	0.0	1.5209780055686137	0.0	-10.564406957477331	-0.8464170456926108	0.0934105850387481	1.1200509977886672
-26.666666666666664	-26.666666666666664	0.0	1.4639449909940745	0.0	-10.564406957477331	-0.8464046508773057	0.09338404618312099	1.1198827609752147
-25.6	-25.6	0.0	1.4069239539129832	0.0	-10.564406957477331	-0.8464038352877271	0.09339709561637724	1.1200754654760232
-24.53333333333333	-24.53333333333333	0.0	1.3499143849429092	0.0	-10.564406957477331	-0.8464130321333689	0.09340950116312405	1.1199271569500346
-23.46666666666667	-23.46666666666667	0.0	1.2929157315950264	0.0	-10.564406957477331	-0.8463959369465458	0.09339562540884751	1.1198752918917068
-22.4	-22.4	0.0	1.235927399845624	0.0	-10.564406957477331	-0.8464154789021046	0.09342017894773746	1.1200064837679864
-21.333333333333336	-21.333333333333336	0.0	1.1789487559611669	0.0	-10.564406957477331	-0.846399929042904	0.09336843193526918	1.1197622898093145
-20.266666666666666	-20.266666666666666	0.0	1.1219791285601926	0.0	-10.564406957477331	-0.8464133218822983	0.0934652939291593	1.1200748430523964
-19.200000000000003	-19.200000000000003	0.0	1.0650178108953703	0.0	-10.564406957477331	-0.8464058313359059	0.09341257035548527	1.1198444604593498
-18.133333333333333	-18.133333333333333	0.0	1.0080640633390137	0.0	-10.564406957477331	-0.8464209197431083	0.09344460370932552	1.1201191424442403
-17.06666666666667	-17.06666666666667	0.0	0.9511171160553648	0.0	-10.564406957477331	-0.8463976861715623	0.09340089454678237	1.1197898481519157
-16.0	-16.0	0.0	0.8941761718429497	0.0	-10.564406957477331	-0.8464189773521386	0.09347360006513	1.120090221208528
-14.933333333333337	-14.933333333333337	0.0	0.8372404091303182	0.0	-10.564406957477331	-0.8464077200696666	0.09348456759867262	1.1202248149518663
-13.866666666666674	-13.866666666666674	0.0	0.780308985108466	0.0	-10.564406957477331	-0.8464012275473642	0.0934923049682266	1.120265079321584
-12.799999999999997	-12.799999999999997	0.0	0.7233810389832572	0.0	-10.564406957477331	-0.8464025904404757	0.09349126401836985	1.1199867271835915
-11.733333333333334	-11.733333333333334	0.0	0.6664556953311475	0.0	-10.564406957477331	-0.8464141267404348	0.0935324190977592	1.1202314899086803
-10.666666666666671	-10.666666666666671	0.0	0.6095320675415111	0.0	-10.564406957477331	-0.8464034704187052	0.09355374247266061	1.12045577704277
-9.599999999999994	-9.599999999999994	0.0	0.5526092613288888	0.0	-10.564406957477331	-0.8464234094376119	0.09358920988788404	1.1204743639000068
-8.533333333333331	-8.533333333333331	0.0	0.49568637829845885	0.0	-10.564406957477331	-0.8463940052870175	0.09357466878421451	1.120580358350888
-7.466666666666669	-7.466666666666669	0.0	0.4387625195480302	0.0	-10.564406957477331	-0.8464068937486463	0.0936302361899715	1.1206674869270454
-6.400000000000006	-6.400000000000006	0.0	0.3818367892898798	0.0	-10.564406957477331	-0.8464097483121712	0.09365528337518522	1.1207923257897665
-5.333333333333329	-5.333333333333329	0.0	0.3249082984757282	0.0	-10.564406957477331	-0.846418065179584	0.09371013177434023	1.1212700895797045
-4.266666666666666	-4.266666666666666	0.0	0.26797616840817	0.0	-10.564406957477331	-0.8464064430280903	0.09372969519278264	1.1213802800243398
-3.200000000000003	-3.200000000000003	0.0	0.21103953432185357	0.0	-10.564406957477331	-0.8464164232689846	0.09375743596989387	1.1216051466562886
-2.13333333333334	-2.13333333333334	0.0	0.15409754891773225	0.0	-10.564406957477331	-0.8464087395566399	0.09379715303607906	1.1218918156616924
-1.0666666666666629	-1.0666666666666629	0.0	0.09714938583368175	0.0	-10.564406957477331	-0.8464156827994991	0.09379631598361694	1.121992777066359
0.0	0.0	0.0	0.0401942430348	0.0	-10.564406957477331	-0.8464112077882591	0.0938140013997404	1.1221270703293271
1.0666666666666629	1.0666666666666629	0.0	-0.01676865389331629	0.0	-10.564406957477331	-0.8464024616631737	0.09383894127053598	1.122395635392377
2.1333333333333258	2.1333333333333258	0.0	-0.07374004856499573	0.0	-10.564406957477331	-0.846412119960814	0.09381872323414234	1.1225767070102484
3.200000000000003	3.200000000000003	0.0	-0.13072065074532263	0.0	-10.564406957477331	-0.846425834743463	0.09383922028802343	1.1228966112909786
4.266666666666666	4.266666666666666	0.0	-0.1877111334480573	0.0	-10.564406957477331	-0.8464163159545665	0.0938473869152503	1.123122958861899
5.333333333333329	5.333333333333329	0.0	-0.244712130197352	0.0	-10.564406957477331	-0.8464080205500383	0.09385279556192887	1.1231861777856742
6.400000000000006	6.400000000000006	0.0	-0.30172423246994073	0.0	-10.564406957477331	-0.8463935223721356	0.09384251484066286	1.1231940868582981
7.466666666666669	7.466666666666669	0.0	-0.35874798733450286	0.0	-10.564406957477331	-0.8464174105616327	0.09387396869664472	1.1235343272212814
8.533333333333331	8.533333333333331	0.0	-0.4157838953049008	0.0	-10.564406957477331	-0.8464032128641011	0.09389972415701875	1.1236142120742083
9.599999999999994	9.599999999999994	0.0	-0.47283240842397	0.0	-10.564406957477331	-0.8464206514570631	0.0938665425389035	1.1237855502743477
10.666666666666671	10.666666666666671	0.0	-0.5298939285945675	0.0	-10.564406957477331	-0.8464112399825849	0.09389847930976733	1.1240344338730937
11.733333333333334	11.733333333333334	0.0	-0.5869688061745607	0.0	-10.564406957477331	-0.8464128389674164	0.09387450526873582	1.1239532183213825
12.799999999999997	12.799999999999997	0.0	-0.6440573388524645	0.0	-10.564406957477331	-0.8464222719047783	0.09390829857903495	1.1241411687934622
13.86666666666666	13.86666666666666	0.0	-0.7011597708204031	0.0	-10.564406957477331	-0.8464083102989673	0.09388508647037282	1.124146470125722
14.933333333333337	14.933333333333337	0.0	-0.7582762922611015	0.0	-10.564406957477331	-0.8464214885095251	0.09389831833813993	1.124244008200447
16.0	16.0	0.0	-0.815407039165591	0.0	-10.564406957477331	-0.84642699373918	0.09389812517218721	1.124360444344221
17.066666666666663	17.066666666666663	0.0	-0.8725520934983348	0.0	-10.564406957477331	-0.8464184300486057	0.09390055047803908	1.1244410482037501
18.133333333333326	18.133333333333326	0.0	-0.9297114837264504	0.0	-10.564406957477331	-0.8464294941651245	0.09389947733385684	1.1243967058861397
19.200000000000003	19.200000000000003	0.0	-0.9868851857297346	0.0	-10.564406957477331	-0.8463945847848764	0.09388974391612374	1.1245174346066427
20.266666666666666	20.266666666666666	0.0	-1.0440731241081747	0.0	-10.564406957477331	-0.8464232699288676	0.09388055780192373	1.1244506957699485
21.33333333333333	21.33333333333333	0.0	-1.1012751739036517	0.0	-10.564406957477331	-0.8464147169697349	0.09392427769590866	1.12491398284487
22.400000000000006	22.400000000000006	0.0	-1.1584911627525145	0.0	-10.564406957477331	-0.8464101131811939	0.09397069118179116	1.124940478774728
23.46666666666667	23.46666666666667	0.0	-1.2157208734857228	0.0	-10.564406957477331	-0.846398931018814	0.09394447426941871	1.1251445156781004
24.53333333333333	24.53333333333333	0.0	-1.272964047193262	0.0	-10.564406957477331	-0.8464025797090338	0.09396734297194252	1.1252521949653478
25.599999999999994	25.599999999999994	0.0	-1.3302203867695057	0.0	-10.564406957477331	-0.8463920843589315	0.09399471888003175	1.1255318026820325
26.66666666666667	26.66666666666667	0.0	-1.3874895609562332	0.0	-10.564406957477331	-0.8464039855279124	0.09398191626993749	1.1257001575413454
27.733333333333334	27.733333333333334	0.0	-1.4447712088999851	0.0	-10.564406957477331	-0.8464009699927608	0.09398171237254281	1.1256268617936975
28.799999999999997	28.799999999999997	0.0	-1.5020649452404609	0.0	-10.564406957477331	-0.8464116907031415	0.09400866975440103	1.1259379019034816
29.86666666666666	29.86666666666666	0.0	-1.5593703657466396	0.0	-10.564406957477331	-0.8464193744154861	0.09402427327081096	1.1260690401225535
30.933333333333337	30.933333333333337	0.0	-1.616687053517327	0.0	-10.564406957477331	-0.8464039640650287	0.09401257599922436	1.126287403500757
32.0	32.0	0.0	-1.6740145857628108	0.0	-10.564406957477331	-0.8464112399825844	0.09405599541283834	1.126489176069905
33.06666666666666	33.06666666666666	0.0	-1.731352541184335	0.0	-10.564406957477331	-0.8464113580284446	0.09407624564355749	1.126847423792266
34.133333333333326	34.133333333333326	0.0	-1.788700507968065	0.0	-10.564406957477331	-0.8464106712161674	0.0940737774119383	1.1268712797874363
35.2	35.2	0.0	-1.8460580924102532	0.0	-10.564406957477331	-0.8464051981808387	0.09406080309877474	1.126815787501773
36.266666666666666	36.266666666666666	0.0	-1.9034249281902877	0.0	-10.564406957477331	-0.8464114116856536	0.09410971701060192	1.1271028643019667
37.33333333333333	37.33333333333333	0.0	-1.9608006863083274	0.0	-10.564406957477331	-0.8464070869145993	0.09411534028611689	1.1271377414878898
38.39999999999999	38.39999999999999	0.0	-2.018185085704204	0.0	-10.564406957477331	-0.8463968813134264	0.09405701489981151	1.1270534889381412
39.46666666666667	39.46666666666667	0.0	-2.0755779045742972	0.0	-10.564406957477331	-0.8464139335744819	0.09409604515371997	1.1272396043336694
40.53333333333333	40.53333333333333	0.0	-2.132978992403061	0.0	-10.564406957477331	-0.8464097268492875	0.09409679635464757	1.1272369107417721
41.599999999999994	41.599999999999994	0.0	-2.1903882827259142	0.0	-10.564406957477331	-0.8464093405173818	0.09408853314444421	1.12726310619126
42.66666666666667	42.66666666666667	0.0	-2.247805806640169	0.0	-10.564406957477331	-0.8464042001567484	0.09411017846260028	1.127540149093352
43.733333333333334	43.733333333333334	0.0	-2.3052317070806954	0.0	-10.564406957477331	-0.8464154145134537	0.09411804460945619	1.1275831714436177
44.8	44.8	0.0	-2.3626662538770318	0.0	-10.564406957477331	-0.8464067005826934	0.09411642416174094	1.127496761874064
45.86666666666666	45.86666666666666	0.0	-2.420109859608605	0.0	-10.564406957477331	-0.8463954003744546	0.09411133745831714	1.1275234938956438
46.93333333333334	46.93333333333334	0.0	-2.4775630962747797	0.0	-10.564406957477331	-0.8464018499709901	0.09410302059090467	1.1276598261325566
48.0	48.0	0.0	-2.5350267127964097	0.0	-10.564406957477331	-0.84639637693566	0.09412168256823403	1.1274603608233997
49.06666666666666	49.06666666666666	0.0	-2.5925016533656065	0.0	-10.564406957477331	-0.8464034382243797	0.09412526686980276	1.1276406490460191
50.133333333333326	50.133333333333326	0.0	-2.6499890766603915	0.0	-10.564406957477331	-0.8464130428648109	0.09412273424953259	1.1278782860937364
51.19999999999999	51.19999999999999	0.0	-2.707490375940949	0.0	-10.564406957477331	-0.8464097375807298	0.09411893531912746	1.1278287819526092
52.26666666666665	52.26666666666665	0.0	-2.765007200044159	0.0	-10.564406957477331	-0.8464141374718764	0.0941219723171632	1.1277835918510946
53.33333333333334	53.33333333333334	0.0	-2.822541475293108	0.0	-10.564406957477331	-0.8464030089667065	0.09411490029700217	1.1277555613250547
54.400000000000006	54.400000000000006	0.0	-2.8800954283382634	0.0	-10.564406957477331	-0.8464134828539251	0.09410817168297944	1.1279227249943247
55.46666666666667	55.46666666666667	0.0	-2.9376716099470257	0.0	-10.564406957477331	-0.8464036313903326	0.09414459419652509	1.1279268351365426
56.53333333333333	56.53333333333333	0.0	-2.9952729197583214	0.0	-10.564406957477331	-0.8464148672099207	0.09410175428076961	1.1278637235271842
57.599999999999994	57.599999999999994	0.0	-3.052902632018954	0.0	-10.564406957477331	-0.84641875199186	0.09410157184625857	1.1278508350655545
58.66666666666666	58.66666666666666	0.0	-3.110564422318395	0.0	-10.564406957477331	-0.8464098341637053	0.09413743632482947	1.1280792323418638
59.73333333333332	59.73333333333332	0.0	-3.1682623953387075	0.0	-10.564406957477331	-0.8464170886183777	0.09413374470884246	1.1279654790585463
60.80000000000001	60.80000000000001	0.0	-3.2260011136363067	0.0	-10.564406957477331	-0.8464140516203422	0.09407740463927426	1.1278551061794004
61.866666666666674	61.866666666666674	0.0	-3.2837856274722257	0.0	-10.564406957477331	-0.8463964949815206	0.09409649587427653	1.1277522775038566
62.93333333333334	62.93333333333334	0.0	-3.341621505707621	0.0	-10.564406957477331	-0.8464149637928969	0.09408748146314562	1.1276239079967771
64.0	64.0	0.0	-3.3995148677811597	0.0	-10.564406957477331	-0.8464172388585637	0.0941051883421528	1.1279919642569627
65.06666666666666	65.06666666666666	0.0	-3.4574724167850257	0.0	-10.564406957477331	-0.846413997963133	0.0941125286483594	1.1279599845603334
66.13333333333333	66.13333333333333	0.0	-3.51550147365621	0.0	-10.564406957477331	-0.846396698878915	0.0941401728424942	1.1280726968937937
67.19999999999999	67.19999999999999	0.0	-3.5736100124997923	0.0	-10.564406957477331	-0.8464096195348695	0.09411757242601604	1.1280453746429142
68.26666666666665	68.26666666666665	0.0	-3.6318066970609046	0.0	-10.564406957477331	-0.8464161979087065	0.09409251450936036	1.1278367983396522
69.33333333333334	69.33333333333334	0.0	-3.6901009183620634	0.0	-10.564406957477331	-0.8464005514665293	0.0941332725254023	1.1279985533622419
70.4	70.4	0.0	-3.748502833522565	0.0	-10.564406957477331	-0.8463997680712758	0.0941224981578125	1.1281236497795684
71.46666666666667	71.46666666666667	0.0	-3.8070234057766568	0.0	-10.564406957477331	-0.8464109502336556	0.09409158087392179	1.1278555783628408
72.53333333333333	72.53333333333333	0.0	-3.865674445707142	0.0	-10.564406957477331	-0.8464175608018184	0.09410941653023083	1.1279805030770964
73.6	73.6	0.0	-3.9244686537111386	0.0	-10.564406957477331	-0.8464130214019276	0.09409211744601295	1.12776212896745
74.66666666666666	74.66666666666666	0.0	-3.9834196637146766	0.0	-10.564406957477331	-0.8464131931049964	0.0941415250041639	1.1281716729817233
75.73333333333332	75.73333333333332	0.0	-4.042542088152829	0.0	-10.564406957477331	-0.846399596368207	0.09411322619207783	1.1280323144782158
76.80000000000001	76.80000000000001	0.0	-4.1018515642320645	0.0	-10.564406957477331	-0.8464071083774826	0.0941160163669517	1.1279450678561986
77.86666666666667	77.86666666666667	0.0	-4.161364801491512	0.0	-10.564406957477331	-0.8464032665213105	0.09410581076577854	1.1279827566798792
78.93333333333334	78.93333333333334	0.0	-4.221099630679855	0.0	-10.564406957477331	-0.8464205012168773	0.09411465347384024	1.1280606991418367
80.0	80.0	0.0	-4.28107505396451	0.0	-10.564406957477331	-0.8464055952441862	0.09409441397456296	1.12796468493185
