Hysterese	V-MOKE
Charge	2020_0446
Sample	1
Sample State	bFC
User	Meike Reginka
Sample Angle	30.0
Magnetic Field Angle	90.0
Detektor Averages	300
Hysteresus Points	150
Magnetic Field [kA/m]	80
Hysteresis Averages	100
Polarization	p-polarization
Measurement Method	Scan Both Angles
Max Voltage Correction	No
Training Effect Elimination	No
Magnetic field [kA/m]	Magnetic field transversal [kA/m]	Magnetic field longitudinal [kA/m]	Magnetic field transversal [V]	Magnetic field longitudinal [V]	Detector diff transversal [V]	Detector diff longitudinal [V]	Detector raw transversal [V]	Detector raw longitudinal [V]
80.0	80.0	0.0	-4.342489581062203	0.0	-10.564406957477331	-0.8455023083231009	0.08012894484440335	0.9665307578117195
78.93333333333334	78.93333333333334	0.0	-4.283945631442396	0.0	-10.564406957477331	-0.8461889488966726	0.08011248281264756	0.9664827024152386
77.86666666666666	77.86666666666666	0.0	-4.225481927972428	0.0	-10.564406957477331	-0.8461839480447837	0.08013098381834956	0.9666403151012859
76.8	76.8	0.0	-4.167093947216811	0.0	-10.564406957477331	-0.8462021807644396	0.08012028457085252	0.9664981664229052
75.73333333333333	75.73333333333333	0.0	-4.108777426500553	0.0	-10.564406957477331	-0.846200678362585	0.08011519786742866	0.9664275964614795
74.66666666666667	74.66666666666667	0.0	-4.050528351430542	0.0	-10.564406957477331	-0.8461857831213351	0.08013345204996877	0.9664168435567739
73.6	73.6	0.0	-3.992342943813344	0.0	-10.564406957477331	-0.846201633460907	0.08010973556354103	0.9664134309582739
72.53333333333333	72.53333333333333	0.0	-3.934217649963252	0.0	-10.564406957477331	-0.8462107981122231	0.0801094565460536	0.9663448355821446
71.46666666666667	71.46666666666667	0.0	-3.876149129394453	0.0	-10.564406957477331	-0.8461965038317161	0.08011886802053195	0.9664063160123461
70.4	70.4	0.0	-3.818134243891202	0.0	-10.564406957477331	-0.8462062909066574	0.08011569151375245	0.9664149762858966
69.33333333333333	69.33333333333333	0.0	-3.760170046949834	0.0	-10.564406957477331	-0.8462049602078716	0.08010929557442624	0.9663298652208021
68.26666666666667	68.26666666666667	0.0	-3.7022537735865026	0.0	-10.564406957477331	-0.846201386637745	0.08010078554106101	0.9664341962982006
67.2	67.2	0.0	-3.6443828305044987	0.0	-10.564406957477331	-0.8461899683836457	0.08009661101019203	0.9662390128343321
66.13333333333333	66.13333333333333	0.0	-3.586554786615013	0.0	-10.564406957477331	-0.8462076430683276	0.08008910973235811	0.9663732953658585
65.06666666666666	65.06666666666666	0.0	-3.5287673639052177	0.0	-10.564406957477331	-0.8461983174453839	0.08011320181924964	0.9663612868824589
64.0	64.0	0.0	-3.4710184286475108	0.0	-10.564406957477331	-0.846204423635781	0.0800982958465582	0.9662063785197503
62.93333333333334	62.93333333333334	0.0	-3.4133059829438133	0.0	-10.564406957477331	-0.8461987574344987	0.08011750512742045	0.9662396352579583
61.86666666666667	61.86666666666667	0.0	-3.3556281565987605	0.0	-10.564406957477331	-0.8462089630356718	0.08011891094629925	0.9663467779731149
60.8	60.8	0.0	-3.2979831993156687	0.0	-10.564406496025331	-0.846198435491244	0.08012384740953755	0.9664191293538823
59.733333333333334	59.733333333333334	0.0	-3.2403694732091295	0.0	-10.564406957477331	-0.8462119678393821	0.08010464886011708	0.9663837692530772
58.66666666666667	58.66666666666667	0.0	-3.1827854456281033	0.0	-10.564406957477331	-0.8462063016380997	0.08009698661065584	0.9661836278630872
57.6	57.6	0.0	-3.1252296822833725	0.0	-10.564406957477331	-0.8462101971514814	0.08010018458031892	0.9661555007540698
56.53333333333333	56.53333333333333	0.0	-3.0677008406732234	0.0	-10.564406957477331	-0.8461936063424241	0.08012690587045705	0.9661094843315348
55.46666666666667	55.46666666666667	0.0	-3.0101976638012173	0.0	-10.564406957477331	-0.8461996052184025	0.08011020774698117	0.9661649336914313
54.4	54.4	0.0	-2.9527189741799083	0.0	-10.564406957477331	-0.8461990471834275	0.08012392252963037	0.9662168416755272
53.33333333333333	53.33333333333333	0.0	-2.895263668114395	0.0	-10.564406957477331	-0.8462222485606482	0.08011143113134896	0.9662395279435403
52.266666666666666	52.266666666666666	0.0	-2.837830710259539	0.0	-10.56440624920217	-0.8462009251857467	0.08010773951536201	0.9662774099331739
51.2	51.2	0.0	-2.7804191284447413	0.0	-10.564406957477331	-0.8462056470201486	0.08011209648074188	0.9662015171766045
50.13333333333333	50.13333333333333	0.0	-2.7230280087601257	0.0	-10.564406957477331	-0.8462146936256052	0.08008604053999686	0.9660723857371546
49.06666666666666	49.06666666666666	0.0	-2.665656490897999	0.0	-10.564406957477331	-0.846207846965722	0.08011193550911462	0.9660625128106775
48.0	48.0	0.0	-2.6083037637434527	0.0	-10.564406957477331	-0.8461920288204753	0.08011228964669477	0.9660228601331431
46.93333333333334	46.93333333333334	0.0	-2.5509690612079656	0.0	-10.564406957477331	-0.8462068918674001	0.08009876802999835	0.9659630108820987
45.86666666666667	45.86666666666667	0.0	-2.4936516582998802	0.0	-10.564406957477331	-0.8462024383190441	0.0800974158683287	0.9658898224488695
44.8	44.8	0.0	-2.4363508674256087	0.0	-10.564406957477331	-0.8461942180346083	0.08012255963651897	0.9660048420423233
43.733333333333334	43.733333333333334	0.0	-2.3790660349154367	0.0	-10.564406957477331	-0.8461990471834281	0.08010038847771357	0.9659565934798892
42.666666666666664	42.666666666666664	0.0	-2.3217965377677903	0.0	-10.564406957477331	-0.8462077289198626	0.08009612809531003	0.9659914706658127
41.6	41.6	0.0	-2.264541780605829	0.0	-10.564406957477331	-0.8462065591927037	0.08011943678694855	0.9659817372480797
40.53333333333333	40.53333333333333	0.0	-2.207301192840227	0.0	-10.564406957477331	-0.8461974160042707	0.08011225745236927	0.9659405714372481
39.46666666666667	39.46666666666667	0.0	-2.1500742260320136	0.0	-10.564406141887757	-0.846183153918089	0.08010083919827014	0.9657912756186134
38.4	38.4	0.0	-2.092860351449327	0.0	-10.564406957477331	-0.8462093386361357	0.08009037604249315	0.9656638612098543
37.333333333333336	37.333333333333336	0.0	-2.0356590578119564	0.0	-10.564406957477331	-0.8461991008406364	0.08012270987670439	0.9658530672606274
36.266666666666666	36.266666666666666	0.0	-1.978469849217529	0.0	-10.564406957477331	-0.8462028890396005	0.08009236135923031	0.9657775179101965
35.2	35.2	0.0	-1.9212922432432114	0.0	-10.564406957477331	-0.8461903547155515	0.08011813828248802	0.9657690078768318
34.13333333333333	34.13333333333333	0.0	-1.8641257692167834	0.0	-10.564406957477331	-0.8462096605793906	0.08012214111028781	0.9657311902758491
33.06666666666667	33.06666666666667	0.0	-1.8069699666509589	0.0	-10.564406957477331	-0.8461950443556286	0.08014302449607444	0.9658160008605727
32.0	32.0	0.0	-1.7498243838348049	0.0	-10.564406957477331	-0.8461890884054162	0.08012306401428462	0.965777764733359
30.933333333333337	30.933333333333337	0.0	-1.6926885765761346	0.0	-10.564406957477331	-0.8462083513434877	0.08011661441774925	0.9656401661863103
29.866666666666667	29.866666666666667	0.0	-1.6355621070887316	0.0	-10.564406957477331	-0.8462069133302837	0.08012935263919255	0.9656833173138786
28.799999999999997	28.799999999999997	0.0	-1.5784445430182759	0.0	-10.564406957477331	-0.8462144789967687	0.08014360399393286	0.965917992483654
27.733333333333334	27.733333333333334	0.0	-1.5213354566008253	0.0	-10.564406957477331	-0.8461949048468841	0.08014520297876437	0.965859237839675
26.666666666666664	26.666666666666664	0.0	-1.4642344239477312	0.0	-10.564406957477331	-0.8462020841814638	0.08013609198465713	0.9657222402533695
25.6	25.6	0.0	-1.4071410244508409	0.0	-10.564406957477331	-0.846206591387029	0.08016611855887654	0.9657116697831738
24.53333333333333	24.53333333333333	0.0	-1.3500548403018546	0.0	-10.564406957477331	-0.8461999808188665	0.08013097308690773	0.9657072913549105
23.46666666666667	23.46666666666667	0.0	-1.292975456119707	0.0	-10.564406957477331	-0.846203565120435	0.0801582953377879	0.9657215105153247
22.4	22.4	0.0	-1.2359024586798253	0.0	-10.564406957477331	-0.8462109054266418	0.08017421006601073	0.9657925204658651
21.333333333333336	21.333333333333336	0.0	-1.1788354367391438	0.0	-10.564406957477331	-0.8462037260920623	0.0801640366591629	0.9656710083501082
20.266666666666666	20.266666666666666	0.0	-1.121773980950723	0.0	-10.564406957477331	-0.8461902259382497	0.08017603441112062	0.9657155760279973
19.200000000000003	19.200000000000003	0.0	-1.0647176838618537	0.0	-10.564406957477331	-0.84620182662686	0.08015827387490432	0.9654270075573892
18.133333333333333	18.133333333333333	0.0	-1.0076661399894944	0.0	-10.564406957477331	-0.8462045846074084	0.08019173451050683	0.9655487343019818
17.06666666666667	17.06666666666667	0.0	-0.9506189459669213	0.0	-10.564406957477331	-0.8462045094873154	0.0801948788229609	0.9654379965538159
16.0	16.0	0.0	-0.8935757007554419	0.0	-10.564406957477331	-0.8462195335058671	0.08018375031779099	0.965434583955316
14.933333333333337	14.933333333333337	0.0	-0.8365360059150497	0.0	-10.564406957477331	-0.8462132770752844	0.08020437614897387	0.9653330859785585
13.866666666666674	13.866666666666674	0.0	-0.77949946592787	0.0	-10.564406957477331	-0.8461867811454244	0.08021434565842699	0.9655407071834994
12.799999999999997	12.799999999999997	0.0	-0.7224656885682738	0.0	-10.564406957477331	-0.8462027280679729	0.08025025306276509	0.9654738824952706
11.733333333333334	11.733333333333334	0.0	-0.6654342853135198	0.0	-10.564406957477331	-0.8461877791695138	0.08021280033080451	0.9652534801431196
10.666666666666671	10.666666666666671	0.0	-0.6084048717887804	0.0	-10.564406957477331	-0.8461896464403916	0.08023292178422184	0.9652411604479072
9.599999999999994	9.599999999999994	0.0	-0.551377068240432	0.0	-10.564406957477331	-0.8462120107651492	0.08025410565037941	0.9653023618606216
8.533333333333331	8.533333333333331	0.0	-0.49435050003146297	0.0	-10.564406957477331	-0.8462150799575106	0.08025592999548925	0.9651395658881731
7.466666666666669	7.466666666666669	0.0	-0.4373247981528619	0.0	-10.564406957477331	-0.8462056899459156	0.08023614121676846	0.9650507739385336
6.400000000000006	6.400000000000006	0.0	-0.3802995997448602	0.0	-10.56440487557762	-0.8461898932635527	0.08024784921979687	0.9648658926588154
5.333333333333329	5.333333333333329	0.0	-0.3232745486218845	0.0	-10.564406957477331	-0.846212107348126	0.08026178936272428	0.9647789143228438
4.266666666666666	4.266666666666666	0.0	-0.2662492957950903	0.0	-10.564406957477331	-0.8461942609603748	0.08025360127261376	0.9647029679090657
3.200000000000003	3.200000000000003	0.0	-0.20922349998633066	0.0	-10.564406957477331	-0.8462003456878887	0.08026549171015311	0.9644431704339839
2.13333333333334	2.13333333333334	0.0	-0.15219682812743746	0.0	-10.564406957477331	-0.8461934775651221	0.08025298958042987	0.9644076493615519
1.0666666666666629	1.0666666666666629	0.0	-0.09516895583866962	0.0	-10.564406957477331	-0.8462054323913121	0.08027434514965665	0.9643021163626693
0.0	0.0	0.0	-0.0381395678802	0.0	-10.564406957477331	-0.8462176876978734	0.08025707825976426	0.9643721497520025
-1.0666666666666629	-1.0666666666666629	0.0	0.01889164142950607	0.0	-10.564406957477331	-0.8461913956654087	0.08023797629332013	0.9640612062251954
-2.1333333333333258	-2.1333333333333258	0.0	0.07592496783454125	0.0	-10.564406957477331	-0.8461978023361767	0.08021732899925361	0.9638357171696201
-3.200000000000003	-3.200000000000003	0.0	0.13296069680778344	0.0	-10.564406957477331	-0.846194153645957	0.08019571587542301	0.9635350221697536
-4.266666666666666	-4.266666666666666	0.0	0.1899991032686266	0.0	-10.564406957477331	-0.8462002812992374	0.08019641341914151	0.9635599513091065
-5.333333333333329	-5.333333333333329	0.0	0.2470404513583625	0.0	-10.564406957477331	-0.8462091240072992	0.08017472517521823	0.9634387718680475
-6.400000000000006	-6.400000000000006	0.0	0.3040849942793354	0.0	-10.564403695119015	-0.846188390861698	0.08017991919306032	0.9634079082413652
-7.466666666666669	-7.466666666666669	0.0	0.36113297420401097	0.0	-10.564406957477331	-0.846213727795841	0.08012318206014468	0.9631142959931012
-8.533333333333331	-8.533333333333331	0.0	0.4181846222601038	0.0	-10.564406957477331	-0.8462019232098362	0.08014180111170667	0.9631857566641971
-9.599999999999994	-9.599999999999994	0.0	0.4752401585978824	0.0	-10.564406957477331	-0.8462115278502677	0.08008572932818402	0.9628453767924704
-10.666666666666671	-10.666666666666671	0.0	0.5322997925458017	0.0	-10.564406957477331	-0.8462016763866745	0.08007700466598228	0.9626603130782412
-11.733333333333334	-11.733333333333334	0.0	0.5893637228605886	0.0	-10.56440412437669	-0.846210057642738	0.08007675784282034	0.9626750258849799
-12.799999999999997	-12.799999999999997	0.0	0.6464321380779278	0.0	-10.564406517488214	-0.8462103581231085	0.08005535934782623	0.9625536640094086
-13.86666666666666	-13.86666666666666	0.0	0.7035052169698697	0.0	-10.564406957477331	-0.8461933487878198	0.0800370729709606	0.9624097661060105
-14.933333333333337	-14.933333333333337	0.0	0.7605831291151076	0.0	-10.564406957477331	-0.8462041660811775	0.07999352478004487	0.9623396468651425
-16.0	-16.0	0.0	0.8176660355882505	0.0	-10.564406957477331	-0.8462022236902073	0.07996546205967901	0.9620899369453738
-17.066666666666663	-17.066666666666663	0.0	0.8747540897742391	0.0	-10.564406957477331	-0.8461983067139421	0.07997861880735335	0.9620290789387983
-18.133333333333326	-18.133333333333326	0.0	0.9318474383140274	0.0	-10.564406957477331	-0.8462130409835643	0.07993928807307388	0.961997346065329
-19.200000000000003	-19.200000000000003	0.0	0.9889462221876749	0.0	-10.564406957477331	-0.8462188896193572	0.0798745560160004	0.961631360973414
-20.266666666666666	-20.266666666666666	0.0	1.0460505779409777	0.0	-10.564406957477331	-0.8461978345305015	0.07989979636716692	0.961642532404351
-21.33333333333333	-21.33333333333333	0.0	1.1031606390617854	0.0	-10.564406957477331	-0.8462156701868111	0.07987594037199551	0.9615631948549569
-22.400000000000006	-22.400000000000006	0.0	1.1602765375121282	0.0	-10.564406957477331	-0.8462040802296424	0.07984166414681437	0.9613334883427461
-23.46666666666667	-23.46666666666667	0.0	1.2173984054222904	0.0	-10.564406957477331	-0.8462062050551237	0.07982982736648409	0.9614993535075546
-24.53333333333333	-24.53333333333333	0.0	1.2745263769529795	0.0	-10.564406957477331	-0.8461926727069852	0.07979789059562024	0.9611400755667787
-25.599999999999994	-25.599999999999994	0.0	1.3316605903317076	0.0	-10.564406957477331	-0.8462020090613707	0.07978575333491902	0.9611853085940606
-26.66666666666667	-26.66666666666667	0.0	1.3888011900695343	0.0	-10.564406957477331	-0.8461983281768256	0.07978666550747394	0.9611539942468226
-27.733333333333334	-27.733333333333334	0.0	1.4459483293643003	0.0	-10.564406957477331	-0.8462131375665407	0.07977684623820627	0.9612104201679256
-28.799999999999997	-28.799999999999997	0.0	1.5031021726964937	0.0	-10.564406957477331	-0.8461990579148698	0.0797610710187272	0.9610356264435201
-29.86666666666666	-29.86666666666666	0.0	1.5602628986238758	0.0	-10.564406957477331	-0.846208297686279	0.07974998543932453	0.9609578986103994
-30.933333333333337	-30.933333333333337	0.0	1.6174307027810082	0.0	-10.564406957477331	-0.846185557761057	0.07972769623465913	0.9607980430530112
-32.0	-32.0	0.0	1.6746058010898164	0.0	-10.564406957477331	-0.8462012685918849	0.07970048129819722	0.9607378182015026
-33.06666666666666	-33.06666666666666	0.0	1.731788433187324	0.0	-10.564406957477331	-0.8462038548693642	0.07969492241133319	0.9606955899779314
-34.133333333333326	-34.133333333333326	0.0	1.788978866076694	0.0	-10.564406957477331	-0.8462091883959499	0.07970316415865288	0.9608381249882187
-35.2	-35.2	0.0	1.8461773980077143	0.0	-10.564406957477331	-0.8462032002514134	0.07964842307391616	0.9605450815063702
-36.266666666666666	-36.266666666666666	0.0	1.903384362592853	0.0	-10.564406957477331	-0.8462071279591197	0.07964792942759234	0.9605231571707276
-37.33333333333333	-37.33333333333333	0.0	1.9606001331650438	0.0	-10.564406957477331	-0.8461951194757208	0.07962301101968045	0.9602775895875024
-38.39999999999999	-38.39999999999999	0.0	2.0178251273833046	0.0	-10.564406957477331	-0.8462020949129054	0.0796162824056577	0.9601175194012772
-39.46666666666667	-39.46666666666667	0.0	2.0750598120923507	0.0	-10.564406957477331	-0.8461985213427785	0.07959789944581575	0.9601259221202247
-40.53333333333333	-40.53333333333333	0.0	2.1323047084423257	0.0	-10.564406957477331	-0.8462013115176523	0.07957642583072885	0.9599776994457722
-41.599999999999994	-41.599999999999994	0.0	2.18956039727479	0.0	-10.564406957477331	-0.846197802336176	0.07957405418208605	0.9600348765678024
-42.66666666666667	-42.66666666666667	0.0	2.246827524781106	0.0	-10.564406957477331	-0.8462102400772485	0.07955026257556547	0.9597104758129494
-43.733333333333334	-43.733333333333334	0.0	2.304106808439335	0.0	-10.564406957477331	-0.8462041338868517	0.07955539220475676	0.9596162000965387
-44.8	-44.8	0.0	2.3613990432358243	0.0	-10.564406957477331	-0.8462024919762525	0.07952723290141436	0.9595885988281709
-45.86666666666666	-45.86666666666666	0.0	2.4187051081775675	0.0	-10.564406957477331	-0.8461953233731152	0.0795072187624154	0.9594873906003428
-46.93333333333334	-46.93333333333334	0.0	2.4760259731015175	0.0	-10.564406957477331	-0.8462085015836733	0.07951955992051125	0.9595263457341586
-48.0	-48.0	0.0	2.53336270578696	0.0	-10.564406957477331	-0.8462026422164384	0.0795091396905016	0.9595352742937547
-49.06666666666666	-49.06666666666666	0.0	2.5907164793770994	0.0	-10.564406957477331	-0.8462101649571558	0.07950309788875551	0.9594843857966322
-50.133333333333326	-50.133333333333326	0.0	2.6480885801159855	0.0	-10.564406957477331	-0.8461983925654762	0.07951460199438924	0.9595498797860752
-51.19999999999999	-51.19999999999999	0.0	2.705480415406914	0.0	-10.564406957477331	-0.8462076216054438	0.07948789143569306	0.9595657623199724
-52.26666666666665	-52.26666666666665	0.0	2.762893522198445	0.0	-10.564406957477331	-0.8462071923477713	0.07947027040822045	0.9594228302463386
-53.33333333333334	-53.33333333333334	0.0	2.820329575704172	0.0	-10.564406957477331	-0.8462023095417418	0.0794966804865457	0.9595310783000022
-54.400000000000006	-54.400000000000006	0.0	2.877790398462363	0.0	-10.564406957477331	-0.8461983925654769	0.0794847900490063	0.959500826365504
-55.46666666666667	-55.46666666666667	0.0	2.935277969741645	0.0	-10.564406957477331	-0.8462106478720376	0.07949392250599731	0.9595778781177906
-56.53333333333333	-56.53333333333333	0.0	2.9927944352988205	0.0	-10.564406957477331	-0.8461883050101637	0.07945962481793248	0.9593744636380442
-57.599999999999994	-57.599999999999994	0.0	3.050342117494992	0.0	-10.564406957477331	-0.846221465165395	0.07948790216713483	0.9595305739222367
-58.66666666666666	-58.66666666666666	0.0	3.1079235257761075	0.0	-10.564406957477331	-0.8462087054810682	0.07951474150313294	0.9596189580770869
-59.73333333333332	-59.73333333333332	0.0	3.1655413675240673	0.0	-10.564406957477331	-0.8462101542257144	0.07947232011360855	0.9595889744286346
-60.80000000000001	-60.80000000000001	0.0	3.223198559284539	0.0	-10.564406957477331	-0.8462071279591202	0.07946599929437508	0.9595483129955693
-61.866666666666674	-61.866666666666674	0.0	3.28089823837759	0.0	-10.564406957477331	-0.8462047885048026	0.07947572198066631	0.9596225531100977
-62.93333333333334	-62.93333333333334	0.0	3.338643774897311	0.0	-10.564406957477331	-0.8462222378292068	0.07946979822478023	0.9595431297091692
-64.0	-64.0	0.0	3.39643878410653	0.0	-10.564406957477331	-0.8461989935262184	0.07948877141392245	0.9595895968522602
-65.06666666666666	-65.06666666666666	0.0	3.454287139232773	0.0	-10.564406957477331	-0.846205024596523	0.07949912725528124	0.9596289490494236
-66.13333333333333	-66.13333333333333	0.0	3.5121929846716027	0.0	-10.564406957477331	-0.8462104439746437	0.07948365251617308	0.9597707328587828
-67.19999999999999	-67.19999999999999	0.0	3.570160749603466	0.0	-10.564406957477331	-0.8462048206991281	0.07948263302919994	0.9596581493026222
-68.26666666666665	-68.26666666666665	0.0	3.628195162030197	0.0	-10.564406957477331	-0.8462043485156875	0.07946364910861596	0.959559183946136
-69.33333333333334	-69.33333333333334	0.0	3.6863012632373016	0.0	-10.564406957477331	-0.8462006568997015	0.0794976463163097	0.9597506972569007
-70.4	-70.4	0.0	3.7444844226881497	0.0	-10.564406957477331	-0.846214103396305	0.07947940286521143	0.9597728362213802
-71.46666666666667	-71.46666666666667	0.0	3.802750353356249	0.0	-10.564406957477331	-0.8461935204908895	0.07945348643321007	0.9595757962180769
-72.53333333333333	-72.53333333333333	0.0	3.861105127501684	0.0	-10.564406957477331	-0.846185064114733	0.07947005577938392	0.9595556747646597
-73.6	-73.6	0.0	3.9195551928979	0.0	-10.564406957477331	-0.846205732871683	0.07946154574601874	0.9596573766388115
-74.66666666666666	-74.66666666666666	0.0	3.9781073895149364	0.0	-10.564406957477331	-0.8462216368684641	0.0794588736170049	0.9597066124938936
-75.73333333333332	-75.73333333333332	0.0	4.036768966665268	0.0	-10.564406957477331	-0.8462094996077628	0.0794519303741457	0.9596313206980667
-76.80000000000001	-76.80000000000001	0.0	4.09554760061838	0.0	-10.564406957477331	-0.8462036938977369	0.07947779314893805	0.9597506221368073
-77.86666666666667	-77.86666666666667	0.0	4.1544514126901975	0.0	-10.564406957477331	-0.846198102816547	0.07949160451456364	0.9599507206010301
-78.93333333333334	-78.93333333333334	0.0	4.213488987813546	0.0	-10.564406957477331	-0.8462031787885294	0.07948366324761491	0.959956569236823
-80.0	-80.0	0.0	4.272669393595734	0.0	-10.564406957477331	-0.8462006890940262	0.07946136331150773	0.9598426871762032
-80.0	-80.0	0.0	4.334632001425141	0.0	-10.564406957477331	-0.8455141558348729	0.07948619586788505	0.9598619715771582
-78.93333333333334	-78.93333333333334	0.0	4.2765525217646445	0.0	-10.564406957477331	-0.846200420807981	0.07946918653259637	0.9598476665652084
-77.86666666666666	-77.86666666666666	0.0	4.2185409905834925	0.0	-10.564406957477331	-0.8461962033513447	0.07946706170711543	0.9598552429631355
-76.8	-76.8	0.0	4.160591136621887	0.0	-10.564406957477331	-0.8461890884054164	0.07947060308291688	0.959731595290456
-75.73333333333333	-75.73333333333333	0.0	4.1026972267289015	0.0	-10.564406957477331	-0.8462070421075858	0.0794773638912651	0.9597916806332204
-74.66666666666667	-74.66666666666667	0.0	4.044854034561523	0.0	-10.564406957477331	-0.8461935634166557	0.07945234890037689	0.9597431315904155
-73.6	-73.6	0.0	3.9870568103551984	0.0	-10.564406957477331	-0.8462100361798542	0.0794643788466599	0.9595772127683968
-72.53333333333333	-72.53333333333333	0.0	3.9293012517491834	0.0	-10.564406957477331	-0.846196010185392	0.0794861100163504	0.9596575054161129
-71.46666666666667	-71.46666666666667	0.0	3.8715834756500076	0.0	-10.564406957477331	-0.8461946687551639	0.07949484540999402	0.9598440822636398
-70.4	-70.4	0.0	3.813899991116364	0.0	-10.564406957477331	-0.8462114312672909	0.07949167963465639	0.9598444900584291
-69.33333333333333	-69.33333333333333	0.0	3.7562476732487218	0.0	-10.564406957477331	-0.8462051211795001	0.07946075161932385	0.9596917065212014
-68.26666666666667	-68.26666666666667	0.0	3.6986237380669853	0.0	-10.564406957477331	-0.8461916210256866	0.07945920629170139	0.9596956127660253
-67.2	-67.2	0.0	3.641025718359479	0.0	-10.564406957477331	-0.8462146936256051	0.07949565026813071	0.9597902640828996
-66.13333333333333	-66.13333333333333	0.0	3.583451440486598	0.0	-10.564406957477331	-0.8461898718006695	0.0794860027019323	0.9598740766435335
-65.06666666666666	-65.06666666666666	0.0	3.5258990021224057	0.0	-10.564406957477331	-0.8461932200105182	0.07947211621621392	0.9595783610326722
-64.0	-64.0	0.0	3.4683667509174954	0.0	-10.564406957477331	-0.8461904834928541	0.07947073186021879	0.9595925265358778
-62.93333333333334	-62.93333333333334	0.0	3.4108532640664255	0.0	-10.564406957477331	-0.8461878113638391	0.0794647115213564	0.9596212331427537
-61.86666666666667	-61.86666666666667	0.0	3.353357328763028	0.0	-10.564406957477331	-0.8462045524130827	0.07947889848744576	0.9596267169095246
-60.8	-60.8	0.0	3.2958779235269047	0.0	-10.564406957477331	-0.8462253392158934	0.0794432164433858	0.9595123948597898
-59.733333333333334	-59.733333333333334	0.0	3.238414200384411	0.0	-10.564406957477331	-0.8462098966711102	0.07946851045176156	0.9595965615580035
-58.66666666666667	-58.66666666666667	0.0	3.1809654678874364	0.0	-10.564406957477331	-0.8462185676761029	0.07946587051707318	0.9594764552611257
-57.6	-57.6	0.0	3.1235311749532944	0.0	-10.564406957477331	-0.8462046704589423	0.07948482224333175	0.9596766503083249
-56.53333333333333	-56.53333333333333	0.0	3.066110895509022	0.0	-10.564406957477331	-0.8462189218136829	0.07946213597531894	0.9596678505260303
-55.46666666666667	-55.46666666666667	0.0	3.0087043139233947	0.0	-10.564406957477331	-0.8461856543440333	0.07946340228545398	0.9596420736027729
-54.4	-54.4	0.0	2.9513112112099673	0.0	-10.564406957477331	-0.8462114634616169	0.07945963554937435	0.9596236155228373
-53.33333333333333	-53.33333333333333	0.0	2.8939314519844546	0.0	-10.564406957477331	-0.8461939604800038	0.07947009870515134	0.9595684237175448
-52.266666666666666	-52.266666666666666	0.0	2.836564972159741	0.0	-10.564406957477331	-0.8461998091157973	0.07948056186092826	0.959689442186977
-51.2	-51.2	0.0	2.7792117673618404	0.0	-10.564406957477331	-0.8462171725886657	0.07947079624886971	0.9596570761584402
-50.13333333333333	-50.13333333333333	0.0	2.7218718820501118	0.0	-10.564406957477331	-0.8462062050551233	0.07945811168463549	0.9596146440374743
-49.06666666666666	-49.06666666666666	0.0	2.6645453993250308	0.0	-10.564406957477331	-0.846207020644702	0.07946294083345565	0.95949190853735
-48.0	-48.0	0.0	2.60723243140683	0.0	-10.564406957477331	-0.8461927692899616	0.07944696171658194	0.9592896745162045
-46.93333333333334	-46.93333333333334	0.0	2.549933110768312	0.0	-10.564406957477331	-0.8462124722171478	0.07946240426136453	0.959367348692116
-45.86666666666667	-45.86666666666667	0.0	2.492647581905143	0.0	-10.564406957477331	-0.8462071708848875	0.07947004504794214	0.9593411317797433
-44.8	-44.8	0.0	2.435375993726936	0.0	-10.564406957477331	-0.8462141892478396	0.07946939042999096	0.9594855984495587
-43.733333333333334	-43.733333333333334	0.0	2.378118492552427	0.0	-10.564406957477331	-0.8462018266268599	0.07947279229704865	0.9594882813100145
-42.666666666666664	-42.666666666666664	0.0	2.32087521569205	0.0	-10.564406957477331	-0.8462007964084447	0.07948793436146027	0.9594490793530365
-41.6	-41.6	0.0	2.2636462856012263	0.0	-10.564406957477331	-0.8462213041937673	0.07944905434773729	0.9592890628240205
-40.53333333333333	-40.53333333333333	0.0	2.2064318045876616	0.0	-10.564406957477331	-0.8461928444100545	0.07948927579168816	0.9595342655382233
-39.46666666666667	-39.46666666666667	0.0	2.1492318500559726	0.0	-10.564406045304777	-0.8462091132758575	0.07948310521264011	0.9594488754556417
-38.4	-38.4	0.0	2.092046470272937	0.0	-10.564406957477331	-0.8461972443012016	0.07948125940464669	0.9594392922780941
-37.333333333333336	-37.333333333333336	0.0	2.0348756806366817	0.0	-10.564406957477331	-0.8462019554041618	0.07947923116214219	0.9592684477242799
-36.266666666666666	-36.266666666666666	0.0	1.977719460433113	0.0	-10.564406957477331	-0.8462108625008742	0.0794663856262807	0.9593907003095217
-35.2	-35.2	0.0	1.920577750062899	0.0	-10.564406957477331	-0.8462101542257138	0.07948236474315444	0.9594212419929486
-34.13333333333333	-34.13333333333333	0.0	1.8634504487223043	0.0	-10.564406957477331	-0.8462153375121143	0.07949488833576132	0.9595228472841244
-33.06666666666667	-33.06666666666667	0.0	1.8063374125211922	0.0	-10.564406957477331	-0.8461920180890341	0.0795177892326106	0.9595434409209816
-32.0	-32.0	0.0	1.7492384530214933	0.0	-10.564406957477331	-0.8462070099132599	0.07948007894604622	0.9594148353221805
-30.933333333333337	-30.933333333333337	0.0	1.692153336179458	0.0	-10.564406957477331	-0.8461896464403911	0.07951403322797275	0.9594593815371861
-29.866666666666667	-29.866666666666667	0.0	1.635081781674985	0.0	-10.564406957477331	-0.8462155950667177	0.0795212232939938	0.9595748196568711
-28.799999999999997	-28.799999999999997	0.0	1.5780234626113472	0.0	-10.5644064101738	-0.8462138780360268	0.07952449638374957	0.9595295544352634
-27.733333333333334	-27.733333333333334	0.0	1.5209780055686137	0.0	-10.564406957477331	-0.8462099503283196	0.07950036137109079	0.959358516715496
-26.666666666666664	-26.666666666666664	0.0	1.4639449909940745	0.0	-10.56440444631994	-0.8462055075114049	0.07950911822761797	0.9593244443877093
-25.6	-25.6	0.0	1.4069239539129832	0.0	-10.564406957477331	-0.8461950550870699	0.07952587000830297	0.9594035780397085
-24.53333333333333	-24.53333333333333	0.0	1.3499143849429092	0.0	-10.564406957477331	-0.8462107229921308	0.07950167060699312	0.9593413034828129
-23.46666666666667	-23.46666666666667	0.0	1.2929157315950264	0.0	-10.564406957477331	-0.8462102830030159	0.07953216936465277	0.959458662530584
-22.4	-22.4	0.0	1.235927399845624	0.0	-10.564406957477331	-0.8462132126866337	0.0795177677697269	0.9592436795565531
-21.333333333333336	-21.333333333333336	0.0	1.1789487559611669	0.0	-10.564406957477331	-0.8462014617578377	0.07954140913606192	0.9592156168361871
-20.266666666666666	-20.266666666666666	0.0	1.1219791285601926	0.0	-10.564406957477331	-0.8462088449898117	0.07954349103577554	0.9594288398537592
-19.200000000000003	-19.200000000000003	0.0	1.0650178108953703	0.0	-10.564406957477331	-0.8462000666704012	0.07954047550062339	0.9593083794193017
-18.133333333333333	-18.133333333333333	0.0	1.0080640633390137	0.0	-10.564406957477331	-0.8462014081006286	0.07955018745547283	0.9593799474048151
-17.06666666666667	-17.06666666666667	0.0	0.9511171160553648	0.0	-10.564406957477331	-0.846205507511405	0.07955777458484127	0.9594845360368179
-16.0	-16.0	0.0	0.8941761718429497	0.0	-10.564406957477331	-0.8462093171732522	0.07957916234839359	0.9594693403151972
-14.933333333333337	-14.933333333333337	0.0	0.8372404091303182	0.0	-10.564406957477331	-0.8461962248142281	0.07958955038407785	0.9594494334906167
-13.866666666666674	-13.866666666666674	0.0	0.780308985108466	0.0	-10.564406957477331	-0.8462177628179662	0.07963644678484222	0.9595977849423712
-12.799999999999997	-12.799999999999997	0.0	0.7233810389832572	0.0	-10.564406957477331	-0.8461883479359307	0.07963998816064363	0.9595205400241322
-11.733333333333334	-11.733333333333334	0.0	0.6664556953311475	0.0	-10.564406957477331	-0.846206129935031	0.07963805650111565	0.9594884530130834
-10.666666666666671	-10.666666666666671	0.0	0.6095320675415111	0.0	-10.564406957477331	-0.8462136419443063	0.07970153297949585	0.9597014506703766
-9.599999999999994	-9.599999999999994	0.0	0.5526092613288888	0.0	-10.564406957477331	-0.8462117532105456	0.07969480436547312	0.9597997828717968
-8.533333333333331	-8.533333333333331	0.0	0.49568637829845885	0.0	-10.564406957477331	-0.8462093815619034	0.07972618310136216	0.959815096639277
-7.466666666666669	-7.466666666666669	0.0	0.4387625195480302	0.0	-10.564406957477331	-0.846219898374889	0.07977728622732097	0.9600244563377929
-6.400000000000006	-6.400000000000006	0.0	0.3818367892898798	0.0	-10.564406957477331	-0.8462025456334622	0.07979283608652182	0.9600598379014815
-5.333333333333329	-5.333333333333329	0.0	0.3249082984757282	0.0	-10.564406957477331	-0.8462025027076947	0.07983274631865984	0.9602546886906531
-4.266666666666666	-4.266666666666666	0.0	0.26797616840817	0.0	-10.564406957477331	-0.846214564848303	0.07985364043588829	0.9604732452348113
-3.200000000000003	-3.200000000000003	0.0	0.21103953432185357	0.0	-10.564406957477331	-0.8462023524675091	0.07988496551456827	0.9606722920177346
-2.13333333333334	-2.13333333333334	0.0	0.15409754891773225	0.0	-10.564406957477331	-0.8462064089525181	0.07991737446887225	0.9607606010524928
-1.0666666666666629	-1.0666666666666629	0.0	0.09714938583368175	0.0	-10.564406957477331	-0.8462046168017336	0.07991535695780955	0.9608599634723274
0.0	0.0	0.0	0.0401942430348	0.0	-10.564406957477331	-0.8462005066595155	0.07995292773563023	0.9610250130475579
1.0666666666666629	1.0666666666666629	0.0	-0.01676865389331629	0.0	-10.564406957477331	-0.8462173120974095	0.07997079558626476	0.9614764096849384
2.1333333333333258	2.1333333333333258	0.0	-0.07374004856499573	0.0	-10.564406957477331	-0.8462044987558736	0.07999482328450541	0.9617796587679591
3.200000000000003	3.200000000000003	0.0	-0.13072065074532263	0.0	-10.564406957477331	-0.8462066235813548	0.08000354794670712	0.9618635679115697
4.266666666666666	4.266666666666666	0.0	-0.1877111334480573	0.0	-10.564406957477331	-0.8462017085809994	0.08000346209517252	0.9620099662409132
5.333333333333329	5.333333333333329	0.0	-0.244712130197352	0.0	-10.564406957477331	-0.8462120214965912	0.08000447085070382	0.9621000030378033
6.400000000000006	6.400000000000006	0.0	-0.30172423246994073	0.0	-10.564406957477331	-0.8462023846618346	0.0799834372247317	0.9622332660823557
7.466666666666669	7.466666666666669	0.0	-0.35874798733450286	0.0	-10.564406957477331	-0.8462042090069448	0.0800415050564334	0.9625060593334844
8.533333333333331	8.533333333333331	0.0	-0.4157838953049008	0.0	-10.564406377979466	-0.8462078469657225	0.08005116335407365	0.9627796896370749
9.599999999999994	9.599999999999994	0.0	-0.47283240842397	0.0	-10.564406957477331	-0.8461967828492034	0.08001788515298197	0.9626931190958922
10.666666666666671	10.666666666666671	0.0	-0.5298939285945675	0.0	-10.564406957477331	-0.846206076277822	0.08002884195508277	0.9627524961634962
11.733333333333334	11.733333333333334	0.0	-0.5869688061745607	0.0	-10.564406957477331	-0.8462210251762802	0.08005341695685639	0.9629582608290018
12.799999999999997	12.799999999999997	0.0	-0.6440573388524645	0.0	-10.564406957477331	-0.8462034256116913	0.08004192358266443	0.9629898971194945
13.86666666666666	13.86666666666666	0.0	-0.7011597708204031	0.0	-10.56440511166934	-0.8461862982305423	0.08002248894152388	0.9629108600504714
14.933333333333337	14.933333333333337	0.0	-0.7582762922611015	0.0	-10.564406957477331	-0.8461998949673322	0.08004403767670347	0.963201982604233
16.0	16.0	0.0	-0.815407039165591	0.0	-10.564406957477331	-0.8461939712114457	0.08005085214226082	0.9632090975501612
17.066666666666663	17.066666666666663	0.0	-0.8725520934983348	0.0	-10.564406957477331	-0.8461913634710829	0.08001802466172567	0.963143099182953
18.133333333333326	18.133333333333326	0.0	-0.9297114837264504	0.0	-10.564406957477331	-0.8461995944869609	0.08001696224898529	0.963447550187458
19.200000000000003	19.200000000000003	0.0	-0.9868851857297346	0.0	-10.564406957477331	-0.8461959887225088	0.08003460473934146	0.9634290169874304
20.266666666666666	20.266666666666666	0.0	-1.0440731241081747	0.0	-10.564406957477331	-0.846205142642383	0.08002435621240099	0.9634161392572435
21.33333333333333	21.33333333333333	0.0	-1.1012751739036517	0.0	-10.564406957477331	-0.846196900895063	0.08003035508837977	0.9636593459232675
22.400000000000006	22.400000000000006	0.0	-1.1584911627525145	0.0	-10.564406957477331	-0.8462157775012293	0.08004805123594506	0.9638041023420116
23.46666666666667	23.46666666666667	0.0	-1.2157208734857228	0.0	-10.564406957477331	-0.8461930053816822	0.08003128872381836	0.9638971546740539
24.53333333333333	24.53333333333333	0.0	-1.272964047193262	0.0	-10.564406957477331	-0.8462083191491624	0.08005011167277502	0.9639530225601826
25.599999999999994	25.599999999999994	0.0	-1.3302203867695057	0.0	-10.564406957477331	-0.8461909878706192	0.08005656126931032	0.9642760604219238
26.66666666666667	26.66666666666667	0.0	-1.3874895609562332	0.0	-10.564406957477331	-0.8462136741386317	0.08005158188030473	0.9643343750767872
27.733333333333334	27.733333333333334	0.0	-1.4447712088999851	0.0	-10.564406957477331	-0.8461948833840011	0.08006078945738845	0.9643251782311456
28.799999999999997	28.799999999999997	0.0	-1.5020649452404609	0.0	-10.564406957477331	-0.8462138673045847	0.08006625176127616	0.9643760774597098
29.86666666666666	29.86666666666666	0.0	-1.5593703657466396	0.0	-10.564406957477331	-0.846210690797805	0.08006342939207681	0.9644620792344756
30.933333333333337	30.933333333333337	0.0	-1.616687053517327	0.0	-10.564406957477331	-0.8462024168561599	0.08006536105160485	0.9646340291267981
32.0	32.0	0.0	-1.6740145857628108	0.0	-10.564406957477331	-0.8461881225756522	0.08007877535388301	0.964732951557518
33.06666666666666	33.06666666666666	0.0	-1.731352541184335	0.0	-10.564406957477331	-0.8461955487333936	0.08007581347593998	0.9648192645440966
34.133333333333326	34.133333333333326	0.0	-1.788700507968065	0.0	-10.564406957477331	-0.8461994120524503	0.08009959435101871	0.9649422468673826
35.2	35.2	0.0	-1.8460580924102532	0.0	-10.564406957477331	-0.8462150477631853	0.0800977914687925	0.9651553196447683
36.266666666666666	36.266666666666666	0.0	-1.9034249281902877	0.0	-10.564404650217341	-0.8462054753170792	0.08012643368701683	0.965259672185051
37.33333333333333	37.33333333333333	0.0	-1.9608006863083274	0.0	-10.564406957477331	-0.8461987037772899	0.08010868388224242	0.9653372068522188
38.39999999999999	38.39999999999999	0.0	-2.018185085704204	0.0	-10.564406957477331	-0.8461957848251143	0.08012883752998505	0.9653551390915039
39.46666666666667	39.46666666666667	0.0	-2.0755779045742972	0.0	-10.564406957477331	-0.8462053787341034	0.08012947068505255	0.9655226676297959
40.53333333333333	40.53333333333333	0.0	-2.132978992403061	0.0	-10.564406957477331	-0.846196192619903	0.08011747293309499	0.9655014944950798
41.599999999999994	41.599999999999994	0.0	-2.1903882827259142	0.0	-10.564406646265516	-0.8462086947496261	0.08011858900304457	0.9656482147676779
42.66666666666667	42.66666666666667	0.0	-2.247805806640169	0.0	-10.564406957477331	-0.8462034041488076	0.08010278158923997	0.96567454972591
43.733333333333334	43.733333333333334	0.0	-2.3052317070806954	0.0	-10.564406957477331	-0.8462035329261094	0.08012221623038057	0.9657328965750991
44.8	44.8	0.0	-2.3626662538770318	0.0	-10.564406957477331	-0.8462029319653673	0.08012625125250578	0.9659573124864913
45.86666666666666	45.86666666666666	0.0	-2.420109859608605	0.0	-10.564406957477331	-0.8462090703500903	0.0801382811987889	0.9660567607578607
46.93333333333334	46.93333333333334	0.0	-2.4775630962747797	0.0	-10.564406957477331	-0.8462089737671136	0.08010386546486407	0.9658936750364836
48.0	48.0	0.0	-2.5350267127964097	0.0	-10.564406463831006	-0.8461910951850377	0.08014298157030715	0.9659764466472606
49.06666666666666	49.06666666666666	0.0	-2.5925016533656065	0.0	-10.564406957477331	-0.8462068596730749	0.08013731536902487	0.9659729374657852
50.133333333333326	50.133333333333326	0.0	-2.6499890766603915	0.0	-10.564406957477331	-0.8462042197383863	0.08012940629640171	0.9661169426836017
51.19999999999999	51.19999999999999	0.0	-2.707490375940949	0.0	-10.564406957477331	-0.8462030285483434	0.08013996603515505	0.9661026913288612
52.26666666666665	52.26666666666665	0.0	-2.765007200044159	0.0	-10.564406957477331	-0.8462095854592977	0.08012526395985815	0.9660801874953591
53.33333333333334	53.33333333333334	0.0	-2.822541475293108	0.0	-10.564405948721799	-0.846186083601706	0.0801037152246786	0.9659182393068159
54.400000000000006	54.400000000000006	0.0	-2.8800954283382634	0.0	-10.564406957477331	-0.8462125258743572	0.08009259745095036	0.9658116760895177
55.46666666666667	55.46666666666667	0.0	-2.9376716099470257	0.0	-10.564406957477331	-0.8462021700329981	0.08010484202606996	0.9659428894286816
56.53333333333333	56.53333333333333	0.0	-2.9952729197583214	0.0	-10.564406957477331	-0.8462008071398867	0.0801325076830884	0.9661526891163128
57.599999999999994	57.599999999999994	0.0	-3.052902632018954	0.0	-10.564406957477331	-0.846202084181463	0.08012413715846682	0.9662556465691574
58.66666666666666	58.66666666666666	0.0	-3.110564422318395	0.0	-10.564406957477331	-0.8462094888763212	0.08011693636100391	0.9661930822633322
59.73333333333332	59.73333333333332	0.0	-3.1682623953387075	0.0	-10.564406957477331	-0.8461834329355759	0.08008992532193661	0.9660657966318751
60.80000000000001	60.80000000000001	0.0	-3.2260011136363067	0.0	-10.564406957477331	-0.8462158955470894	0.08007918314867228	0.9659310204540263
61.866666666666674	61.866666666666674	0.0	-3.2837856274722257	0.0	-10.564406957477331	-0.8461877469751888	0.08011347010529528	0.9660924428019209
62.93333333333334	62.93333333333334	0.0	-3.341621505707621	0.0	-10.564406957477331	-0.8462026851422061	0.0800901077564476	0.9660648093392276
64.0	64.0	0.0	-3.3995148677811597	0.0	-10.564406957477331	-0.8461967399234357	0.08009852120683648	0.9661128003470582
65.06666666666666	65.06666666666666	0.0	-3.4574724167850257	0.0	-10.564406957477331	-0.8461894318115548	0.08011092675358328	0.9662084711509057
66.13333333333333	66.13333333333333	0.0	-3.51550147365621	0.0	-10.564406957477331	-0.8461991223035206	0.08009198575876657	0.9661968060736451
67.19999999999999	67.19999999999999	0.0	-3.5736100124997923	0.0	-10.564406957477331	-0.8462054431227537	0.08010020604320259	0.9660556554193529
68.26666666666665	68.26666666666665	0.0	-3.6318066970609046	0.0	-10.564406957477331	-0.8461877255123054	0.08009544128303343	0.9661919876562665
69.33333333333334	69.33333333333334	0.0	-3.6901009183620634	0.0	-10.564406957477331	-0.846196933089389	0.08012542493148546	0.9662826254138993
70.4	70.4	0.0	-3.748502833522565	0.0	-10.564406957477331	-0.8461926405126597	0.08011657149198198	0.9663375382017054
71.46666666666667	71.46666666666667	0.0	-3.8070234057766568	0.0	-10.564406957477331	-0.8462184925560101	0.08010859803070783	0.9663021459065746
72.53333333333333	72.53333333333333	0.0	-3.865674445707142	0.0	-10.564406957477331	-0.8462148331343486	0.08008673808371534	0.9662329603011447
73.6	73.6	0.0	-3.9244686537111386	0.0	-10.564406957477331	-0.8462009681115142	0.08010508884923175	0.9663328163673037
74.66666666666666	74.66666666666666	0.0	-3.9834196637146766	0.0	-10.564406957477331	-0.8462141570535141	0.08010534640383561	0.966281734704228
75.73333333333332	75.73333333333332	0.0	-4.042542088152829	0.0	-10.564406957477331	-0.846199154497846	0.08010139723324489	0.9664187000962091
76.80000000000001	76.80000000000001	0.0	-4.1018515642320645	0.0	-10.564406957477331	-0.846205614825823	0.08009729782246865	0.9664259438194391
77.86666666666667	77.86666666666667	0.0	-4.161364801491512	0.0	-10.564406957477331	-0.8462024168561603	0.08011578809672885	0.9665217004748216
78.93333333333334	78.93333333333334	0.0	-4.221099630679855	0.0	-10.564406957477331	-0.846202846113833	0.08011401740882818	0.96645179586279
80.0	80.0	0.0	-4.28107505396451	0.0	-10.564406957477331	-0.8462064840726106	0.08010476690597716	0.9664485442359171
