Hysterese	V-MOKE
Charge	2020_0446
Sample	1
Sample State	bFC
User	Meike Reginka
Sample Angle	155.0
Magnetic Field Angle	0.0
Detektor Averages	300
Hysteresus Points	150
Magnetic Field [kA/m]	80
Hysteresis Averages	100
Polarization	p-polarization
Measurement Method	Scan Both Angles
Max Voltage Correction	No
Training Effect Elimination	No
Magnetic field [kA/m]	Magnetic field transversal [kA/m]	Magnetic field longitudinal [kA/m]	Magnetic field transversal [V]	Magnetic field longitudinal [V]	Detector diff transversal [V]	Detector diff longitudinal [V]	Detector raw transversal [V]	Detector raw longitudinal [V]
80.0	0.0	80.0	0.0	4.381030188287403	-10.564406957477331	-0.8466674424246555	0.0939885804953092	1.0982496551999785
78.93333333333334	0.0	78.93333333333334	0.0	4.319818714176459	-10.564406957477331	-0.8473586438610021	0.09398877366126207	1.098274605802216
77.86666666666666	0.0	77.86666666666666	0.0	4.258793669369702	-10.564406957477331	-0.8473632583809858	0.09403599200528108	1.098716891445489
76.8	0.0	76.8	0.0	4.197942654193435	-10.564406957477331	-0.847363451546939	0.09399271210041091	1.0985690336400586
75.73333333333333	0.0	75.73333333333333	0.0	4.137253993604595	-10.564406957477331	-0.8473621101167111	0.09399600665305044	1.09843167118473
74.66666666666667	0.0	74.66666666666667	0.0	4.0767167056162315	-10.564406957477331	-0.8473607150292737	0.09401618176367679	1.0985005563097887
73.6	0.0	73.6	0.0	4.0163204706037074	-10.564406957477331	-0.8473727771698827	0.09400924925225938	1.0982772457369032
72.53333333333333	0.0	72.53333333333333	0.0	3.9560556014798554	-10.564406957477331	-0.8473655441780942	0.09393718762042115	1.0978586014599652
71.46666666666667	0.0	71.46666666666667	0.0	3.89591301472721	-10.564406957477331	-0.8473710172134237	0.09396726785184976	1.0978915040605939
70.4	0.0	70.4	0.0	3.8358842022755653	-10.564406957477331	-0.8473756853906164	0.09400426986325375	1.0981862109159233
69.33333333333333	0.0	69.33333333333333	0.0	3.775961204212982	-10.564406957477331	-0.847349779690057	0.09396445621409218	1.0983998631911682
68.26666666666667	0.0	68.26666666666667	0.0	3.716136582318465	-10.564406957477331	-0.847370212355287	0.09398103629170798	1.098247562568823
67.2	0.0	67.2	0.0	3.6564033944044745	-10.564406957477331	-0.8473575599853781	0.09400099677349791	1.0984077078751406
66.13333333333333	0.0	66.13333333333333	0.0	3.596755169457454	-10.564406957477331	-0.8473762970828005	0.09397548813628574	1.0981142780613877
65.06666666666666	0.0	65.06666666666666	0.0	3.5371858835645753	-10.564406957477331	-0.8473681304555737	0.0939946652228226	1.098312348283106
64.0	0.0	64.0	0.0	3.4776899366148504	-10.564406957477331	-0.8473734854450435	0.09398017777636221	1.0981347107266173
62.93333333333334	0.0	62.93333333333334	0.0	3.4182621297628257	-10.564406957477331	-0.8473726913183478	0.09398998631418802	1.0981706610567223
61.86666666666667	0.0	61.86666666666667	0.0	3.3588976436430196	-10.564406957477331	-0.8473604896689957	0.09396110800424358	1.098100144752508
60.8	0.0	60.8	0.0	3.2995920173232944	-10.564406957477331	-0.8473768980435427	0.09400066409880141	1.0983866742491681
59.733333333333334	0.0	59.733333333333334	0.0	3.2403411279853396	-10.564406957477331	-0.8473508099084721	0.09396101142126723	1.0981458285003451
58.66666666666667	0.0	58.66666666666667	0.0	3.181141171320454	-10.564406957477331	-0.847365071994654	0.09395464767626643	1.0982213241935659
57.6	0.0	57.6	0.0	3.121988642628807	-10.564406957477331	-0.8473659948986508	0.09395737346248931	1.0980719961806067
56.53333333333333	0.0	56.53333333333333	0.0	3.062880318610361	-10.564406957477331	-0.8473711674536094	0.09399758417499832	1.0983756530584174
55.46666666666667	0.0	55.46666666666667	0.0	3.003813239835633	-10.564406957477331	-0.847375331253037	0.09403054043283529	1.0987086496981688
54.4	0.0	54.4	0.0	2.9447846938844906	-10.564406957477331	-0.8473744942005742	0.0939850069251823	1.098319817366613
53.33333333333333	0.0	53.33333333333333	0.0	2.885792199141142	-10.564406957477331	-0.8473628291233133	0.0939589402529954	1.0981474167537346
52.266666666666666	0.0	52.266666666666666	0.0	2.8268334892335334	-10.564406957477331	-0.8473799565044621	0.09397973778724757	1.098267963039727
51.2	0.0	51.2	0.0	2.7679064981053	-10.564406957477331	-0.8473726054668136	0.0939384002733471	1.0978380507488756
50.13333333333333	0.0	50.13333333333333	0.0	2.7090093457084867	-10.564406957477331	-0.8473795809039976	0.09399090921818475	1.098245899195341
49.06666666666666	0.0	49.06666666666666	0.0	2.6501403243051973	-10.564406957477331	-0.847354855662039	0.09394209188933406	1.097923065230993
48.0	0.0	48.0	0.0	2.591297885366365	-10.564406957477331	-0.8473603501602522	0.09394256407277427	1.0980489557750135
46.93333333333334	0.0	46.93333333333334	0.0	2.532480627055822	-10.564406957477331	-0.8473615950075036	0.09395246919357648	1.0978864280886114
45.86666666666667	0.0	45.86666666666667	0.0	2.4736872822878553	-10.564406957477331	-0.847380321373484	0.09396873805937939	1.0980967643483326
44.8	0.0	44.8	0.0	2.4149167073464275	-10.564406957477331	-0.8473796667555326	0.09396072167233799	1.0980008252584392
43.733333333333334	0.0	43.733333333333334	0.0	2.356167871054244	-10.564406957477331	-0.8473488997118283	0.0939361359391226	1.097876222487438
42.666666666666664	0.0	42.666666666666664	0.0	2.2974398444798476	-10.564406957477331	-0.8473610155096452	0.09397577788521491	1.098055866823548
41.6	0.0	41.6	0.0	2.2387317911709355	-10.564406957477331	-0.8473678299752027	0.09397514473014743	1.0980897352539387
40.53333333333333	0.0	40.53333333333333	0.0	2.1800429579020566	-10.564406957477331	-0.8473744727376901	0.09400636249440911	1.0984194909982614
39.46666666666667	0.0	39.46666666666667	0.0	2.1213726659248966	-10.564406957477331	-0.8473629257062896	0.09393785296981416	1.0978899050757618
38.4	0.0	38.4	0.0	2.0627203027093186	-10.564406957477331	-0.8473649861431194	0.09397264430420282	1.0980209467118578
37.333333333333336	0.0	37.333333333333336	0.0	2.0040853141633432	-10.564406957477331	-0.8473581824090037	0.09395784564592952	1.0980260119523968
36.266666666666666	0.0	36.266666666666666	0.0	1.9454671973202513	-10.564406957477331	-0.8473683021586426	0.0939216699555458	1.0978533752477986
35.2	0.0	35.2	0.0	1.8868654934810003	-10.564406957477331	-0.8473537610549734	0.09396829807026463	1.0979778063157297
34.13333333333333	0.0	34.13333333333333	0.0	1.8282797818001153	-10.564406957477331	-0.8473821027928267	0.09393217603709003	1.0980371404575664
33.06666666666667	0.0	33.06666666666667	0.0	1.7697096733032631	-10.564406957477331	-0.8473750200412234	0.0939130311448787	1.0977970244467874
32.0	0.0	32.0	0.0	1.7111548053246695	-10.564406957477331	-0.8473867602385775	0.09390738640648005	1.0977193931966438
30.933333333333337	0.0	30.933333333333337	0.0	1.652614836352576	-10.564406957477331	-0.8473791409148836	0.09395381062380427	1.0979340005702107
29.866666666666667	0.0	29.866666666666667	0.0	1.5940894412709112	-10.564406957477331	-0.8473865026839738	0.09390255725765989	1.0979000784826098
28.799999999999997	0.0	28.799999999999997	0.0	1.5355783069853621	-10.564406957477331	-0.8473689782394773	0.0939591656132737	1.0980311737759132
27.733333333333334	0.0	27.733333333333334	0.0	1.4770811284220267	-10.564406957477331	-0.8473651363833052	0.09393504133205673	1.0979712601362177
26.666666666666664	0.0	26.666666666666664	0.0	1.4185976048868278	-10.564406957477331	-0.8473625501058261	0.09396644153082939	1.0981078499277364
25.6	0.0	25.6	0.0	1.360127436773878	-10.564406957477331	-0.8473757605107093	0.09391147508581446	1.0979373165857336
24.53333333333333	0.0	24.53333333333333	0.0	1.3016703226109647	-10.564406957477331	-0.8473604038174618	0.09394698542680509	1.0983304092996926
23.46666666666667	0.0	23.46666666666667	0.0	1.243225956430354	-10.564406957477331	-0.8473717684143512	0.0939203821825271	1.098029703568384
22.4	0.0	22.4	0.0	1.1847940254530787	-10.564406957477331	-0.8473504450394507	0.09389600034670637	1.0976295173713801
21.333333333333336	0.0	21.333333333333336	0.0	1.1263742080749082	-10.564406957477331	-0.8473619706079676	0.09393494474908026	1.0980845412360976
20.266666666666666	0.0	20.266666666666666	0.0	1.0679661721421683	-10.564406957477331	-0.8473689031193846	0.093927282499619	1.0982873118293328
19.200000000000003	0.0	19.200000000000003	0.0	1.0095695735056076	-10.564406957477331	-0.8473584506950498	0.09392051095982897	1.0981317488486744
18.133333333333333	0.0	18.133333333333333	0.0	0.9511840548404781	-10.564406957477331	-0.8473749449211309	0.0939204894969453	1.0980464660805103
17.06666666666667	0.0	17.06666666666667	0.0	0.8928092447210244	-10.564406957477331	-0.8473610691668543	0.09388559084813852	1.0978493294942318
16.0	0.0	16.0	0.0	0.8344447569375557	-10.564406957477331	-0.8473847749218403	0.09390445672286249	1.0981357624079155
14.933333333333337	0.0	14.933333333333337	0.0	0.7760901900442883	-10.564406957477331	-0.8473792267664183	0.09392599472660028	1.0982267328402455
13.866666666666674	0.0	13.866666666666674	0.0	0.7177451271261349	-10.564406957477331	-0.8473698582177068	0.09388615961455508	1.098009238708829
12.799999999999997	0.0	12.799999999999997	0.0	0.6594091357726295	-10.564406957477331	-0.8473641061648896	0.0938770593518896	1.0982262391939221
11.733333333333334	0.0	11.733333333333334	0.0	0.6010817682471681	-10.564406957477331	-0.847378303862421	0.09386718642541285	1.0982983330200855
10.666666666666671	0.0	10.666666666666671	0.0	0.5427625618397398	-10.564406957477331	-0.8473720045060716	0.09386975124000843	1.0986222830543817
9.599999999999994	0.0	9.599999999999994	0.0	0.4844510393913435	-10.564406957477331	-0.8473644066452616	0.0938627543399401	1.0985950681179195
8.533333333333331	0.0	8.533333333333331	0.0	0.4261467099782665	-10.564406957477331	-0.8473752454015013	0.09380630695595364	1.0986267044084133
7.466666666666669	0.0	7.466666666666669	0.0	0.36784906974439924	-10.564406957477331	-0.8473861914721611	0.09379481358176175	1.0988284555146752
6.400000000000006	0.0	6.400000000000006	0.0	0.30955760286978407	-10.564406957477331	-0.8473678192437607	0.09371366241869977	1.0986887106792627
5.333333333333329	0.0	5.333333333333329	0.0	0.25127178266356687	-10.564406957477331	-0.8473647607828413	0.09369438874918654	1.098626081984787
4.266666666666666	0.0	4.266666666666666	0.0	0.19299107276954444	-10.564406957477331	-0.8473561541665	0.09366181882325521	1.0987721154451082
3.200000000000003	0.0	3.200000000000003	0.0	0.13471492847247593	-10.564406957477331	-0.8473684738617117	0.09362638360235725	1.0983756530584161
2.13333333333334	0.0	2.13333333333334	0.0	0.07644279809335723	-10.564406957477331	-0.8473588262955141	0.0935238124814175	1.098392898485425
1.0666666666666629	0.0	1.0666666666666629	0.0	0.018174124461827576	-10.564406957477331	-0.8473601569942991	0.0935390511288055	1.0985311194560996
0.0	0.0	0.0	0.0	-0.0400916535461	-10.564406957477331	-0.8473711781850513	0.09348664949838616	1.0985429240421045
-1.0666666666666629	0.0	-1.0666666666666629	0.0	-0.09835509941681445	-10.564406957477331	-0.8473693753028253	0.09342420323842092	1.0982678127995413
-2.1333333333333258	0.0	-2.1333333333333258	0.0	-0.156616777366191	-10.564406957477331	-0.8473688601936175	0.09338817778822264	1.098146923107412
-3.200000000000003	0.0	-3.200000000000003	0.0	-0.21487725067681432	-10.564406957477331	-0.8473658983156747	0.09340461835709482	1.0985172544332646
-4.266666666666666	0.0	-4.266666666666666	0.0	-0.27313708001714876	-10.564406957477331	-0.847361874024991	0.09331833756484167	1.0983337253152152
-5.333333333333329	0.0	-5.333333333333329	0.0	-0.331396821754486	-10.564406957477331	-0.8473656085667451	0.09332634322044132	1.0985231030690576
-6.400000000000006	0.0	-6.400000000000006	0.0	-0.3896570262734731	-10.564406957477331	-0.8473652866234908	0.09328849342513326	1.0983215236658643
-7.466666666666669	0.0	-7.466666666666669	0.0	-0.4479182363120456	-10.564406957477331	-0.8473621959682456	0.09321397429311766	1.098039147237188
-8.533333333333331	0.0	-8.533333333333331	0.0	-0.506180985326591	-10.564406957477331	-0.8473691714054304	0.09320612960914533	1.098184300719279
-9.599999999999994	0.0	-9.599999999999994	0.0	-0.564445795898144	-10.564406957477331	-0.847358643861002	0.09317881808970703	1.0979983355639382
-10.666666666666671	0.0	-10.666666666666671	0.0	-0.6227131781914472	-10.564406957477331	-0.8473670895057172	0.0931504548889701	1.0978022613903973
-11.733333333333334	0.0	-11.733333333333334	0.0	-0.6809836284786798	-10.564406957477331	-0.847368452398828	0.09313616060846254	1.0980151624647143
-12.799999999999997	0.0	-12.799999999999997	0.0	-0.7392576277396917	-10.564406957477331	-0.8473789799432564	0.09311300215700954	1.0981022910408704
-13.86666666666666	0.0	-13.86666666666666	0.0	-0.7975356403505398	-10.564406957477331	-0.8473860412319754	0.09310036051854263	1.0980381170187727
-14.933333333333337	0.0	-14.933333333333337	0.0	-0.8558181128721578	-10.564406957477331	-0.8473763078142426	0.093055106028377	1.097855897136627
-16.0	0.0	-16.0	0.0	-0.9141054729509707	-10.564406957477331	-0.8473859553804407	0.09310009223249699	1.0982637455830908
-17.066666666666663	0.0	-17.066666666666663	0.0	-0.9723981283432802	-10.564406957477331	-0.8473695470058936	0.09309269826908134	1.0984330555407251
-18.133333333333326	0.0	-18.133333333333326	0.0	-1.0306964660752267	-10.564406957477331	-0.8473628076604297	0.09307166464310913	1.0983901726992034
-19.200000000000003	0.0	-19.200000000000003	0.0	-1.0890008517501555	-10.564406957477331	-0.8473743976175971	0.09299673771630428	1.0980422056981074
-20.266666666666666	0.0	-20.266666666666666	0.0	-1.147311629015197	-10.564406957477331	-0.8473594916449063	0.09297112176467398	1.0977825048060021
-21.33333333333333	0.0	-21.33333333333333	0.0	-1.2056291191988913	-10.564406957477331	-0.8473798813843691	0.0929663784673884	1.0980309376841937
-22.400000000000006	0.0	-22.400000000000006	0.0	-1.263953621131659	-10.564406957477331	-0.8473819740155243	0.09292136006894289	1.0980319142453991
-23.46666666666667	0.0	-23.46666666666667	0.0	-1.322285411160945	-10.564406957477331	-0.8473495221354534	0.09291731431537578	1.0980095713835238
-24.53333333333333	0.0	-24.53333333333333	0.0	-1.3806247433728562	-10.564406957477331	-0.8473579892430514	0.09285488951829418	1.0977816140963303
-25.599999999999994	0.0	-25.599999999999994	0.0	-1.438971850032102	-10.564406957477331	-0.8473709420933307	0.09284407222493708	1.0978235525709725
-26.66666666666667	0.0	-26.66666666666667	0.0	-1.497326942252062	-10.564406957477331	-0.8473819740155253	0.09281779092391373	1.0980454680564222
-27.733333333333334	0.0	-27.733333333333334	0.0	-1.555690210906793	-10.564406957477331	-0.8473719723117461	0.09277917919623623	1.098153801961619
-28.799999999999997	0.0	-28.799999999999997	0.0	-1.614061827796803	-10.564406957477331	-0.8473741615258781	0.0927308769765931	1.0979493787263435
-29.86666666666666	0.0	-29.86666666666666	0.0	-1.6724419470803977	-10.564406957477331	-0.8473799243101368	0.09274242400799416	1.0980824486049414
-30.933333333333337	0.0	-30.933333333333337	0.0	-1.7308307069824265	-10.564406957477331	-0.8473683236215267	0.09269075211561864	1.0979227003619716
-32.0	0.0	-32.0	0.0	-1.7892282317922377	-10.564406957477331	-0.8473711352592841	0.09263061311564527	1.0976454428310454
-33.06666666666666	0.0	-33.06666666666666	0.0	-1.8476346341626735	-10.564406957477331	-0.8473662524532547	0.09268532200605652	1.0981527932060882
-34.133333333333326	0.0	-34.133333333333326	0.0	-1.9060500177219062	-10.564406957477331	-0.8473719293859788	0.09263502373823428	1.0980055363614003
-35.2	0.0	-35.2	0.0	-1.9644744800099465	-10.564406957477331	-0.8473782180108863	0.09261062043952988	1.0979437017936184
-36.266666666666666	0.0	-36.266666666666666	0.0	-2.0229081157516333	-10.564406957477331	-0.8473526127906981	0.09261573933727925	1.0980943283110378
-37.33333333333333	0.0	-37.33333333333333	0.0	-2.0813510204779293	-10.564406957477331	-0.8473830471597068	0.09259497399735261	1.0979152849356726
-38.39999999999999	0.0	-38.39999999999999	0.0	-2.139803294507338	-10.564406957477331	-0.8473606828349485	0.09257213748915427	1.0976490700583807
-39.46666666666667	0.0	-39.46666666666667	0.0	-2.1982650472992535	-10.564406957477331	-0.8473585150837011	0.09258094800289057	1.0980336527389751
-40.53333333333333	0.0	-40.53333333333333	0.0	-2.256736402191068	-10.564406957477331	-0.8473746337093179	0.09263060238420337	1.0981909112874428
-41.599999999999994	0.0	-41.599999999999994	0.0	-2.315217501530861	-10.564406957477331	-0.847360060411323	0.09262142700144511	1.098280626141078
-42.66666666666667	0.0	-42.66666666666667	0.0	-2.37370851221747	-10.564406957477331	-0.847369665051754	0.09262444253659727	1.098214949717124
-43.733333333333334	0.0	-43.733333333333334	0.0	-2.432209631659771	-10.564406957477331	-0.8473605647890885	0.09261169358371216	1.0981579657610465
-44.8	0.0	-44.8	0.0	-2.4907210941669966	-10.564406957477331	-0.8473724659580699	0.09259421206498328	1.0981576652806755
-45.86666666666666	0.0	-45.86666666666666	0.0	-2.549243177781886	-10.564406957477331	-0.8473752239386184	0.09259981387761458	1.098127145060132
-46.93333333333334	0.0	-46.93333333333334	0.0	-2.6077762115685053	-10.564406957477331	-0.8473649539487937	0.09256728687745053	1.0979274329278155
-48.0	0.0	-48.0	0.0	-2.666320583366545	-10.564406957477331	-0.8473628935119639	0.09256210359105027	1.0980006642868123
-49.06666666666666	0.0	-49.06666666666666	0.0	-2.724876748023921	-10.564406957477331	-0.8473712747680273	0.09259050971755448	1.09810310663045
-50.133333333333326	0.0	-50.133333333333326	0.0	-2.7834452361194826	-10.564406957477331	-0.8473691392111049	0.09259033801448537	1.0980879967603638
-51.19999999999999	0.0	-51.19999999999999	0.0	-2.842026663187659	-10.564406957477331	-0.847361401841551	0.09258166700949273	1.0978867071060987
-52.26666666666665	0.0	-52.26666666666665	0.0	-2.9006217394568647	-10.564406957477331	-0.8473700728465436	0.09260466448931838	1.0981613890909883
-53.33333333333334	0.0	-53.33333333333334	0.0	-2.9592312801134577	-10.564406957477331	-0.8473501338276376	0.09252799906893829	1.0978042145128086
-54.400000000000006	0.0	-54.400000000000006	0.0	-3.0178562161030937	-10.564406957477331	-0.8473653295492579	0.09255379745507959	1.097853471830774
-55.46666666666667	0.0	-55.46666666666667	0.0	-3.076497605481298	-10.564406957477331	-0.8473618632935492	0.09258550886566516	1.0979113464965236
-56.53333333333333	0.0	-56.53333333333333	0.0	-3.135156645325031	-10.564406957477331	-0.8473896255335442	0.09256390647327645	1.097865834451754
-57.599999999999994	0.0	-57.599999999999994	0.0	-3.193834684217122	-10.564406957477331	-0.847360650640623	0.09255546082856209	1.097812241631292
-58.66666666666666	0.0	-58.66666666666666	0.0	-3.25253323531534	-10.564406957477331	-0.8473727879013246	0.09259117506694746	1.0981754580112166
-59.73333333333332	0.0	-59.73333333333332	0.0	-3.311253990017958	-10.564406957477331	-0.8473661666017196	0.0925401148667559	1.0978752566576742
-60.80000000000001	0.0	-60.80000000000001	0.0	-3.3699988322376004	-10.564406957477331	-0.8473693431084997	0.09256270455179237	1.0978777356207354
-61.866666666666674	0.0	-61.866666666666674	0.0	-3.4287698532951953	-10.564406957477331	-0.8473649861431192	0.09256778052377435	1.0979763039138748
-62.93333333333334	0.0	-62.93333333333334	0.0	-3.4875693674458788	-10.564406957477331	-0.8473666924423688	0.09256333770685982	1.0981056392507194
-64.0	0.0	-64.0	0.0	-3.546399928048623	-10.564406957477331	-0.847369203599756	0.09253258139459648	1.0978151391205841
-65.06666666666666	0.0	-65.06666666666666	0.0	-3.605264344391439	-10.564406957477331	-0.8473491465349894	0.0925540442782416	1.0977925816298733
-66.13333333333333	0.0	-66.13333333333333	0.0	-3.6641656991839646	-10.564406957477331	-0.8473594701820225	0.09255719932213738	1.0977877632124957
-67.19999999999999	0.0	-67.19999999999999	0.0	-3.723107366729244	-10.564406957477331	-0.8473577209570056	0.09262867072467536	1.09826945471014
-68.26666666666665	0.0	-68.26666666666665	0.0	-3.782093031786535	-10.564406957477331	-0.8473583111863057	0.09258371671488083	1.098120019382762
-69.33333333333334	0.0	-69.33333333333334	0.0	-3.8411267091369456	-10.564406957477331	-0.8473720796261647	0.09254424647185752	1.0978680343973273
-70.4	0.0	-70.4	0.0	-3.9002127638637214	-10.564406957477331	-0.8473642778679595	0.09256277967188506	1.0979227218248564
-71.46666666666667	0.0	-71.46666666666667	0.0	-3.959355932359017	-10.564406957477331	-0.8473680231411552	0.09256720102591594	1.0977616643459824
-72.53333333333333	0.0	-72.53333333333333	0.0	-4.018561344068946	-10.564406957477331	-0.8473765868317298	0.09256465767420403	1.0978983721833604
-73.6	0.0	-73.6	0.0	-4.077834543988736	-10.564406957477331	-0.8473706308815181	0.09257766418169294	1.0983865991290749
-74.66666666666666	0.0	-74.66666666666666	0.0	-4.137181515919814	-10.564406957477331	-0.8473841524982145	0.09258281527376773	1.0981981979364392
-75.73333333333332	0.0	-75.73333333333332	0.0	-4.19660870650064	-10.564406957477331	-0.8473712103793767	0.09258159188939993	1.098132253226439
-76.80000000000001	0.0	-76.80000000000001	0.0	-4.256123050023082	-10.564406957477331	-0.8473799672359043	0.0925646254798786	1.0982860347877574
-77.86666666666667	0.0	-77.86666666666667	0.0	-4.315731994046186	-10.564406957477331	-0.8473730776502534	0.09252964097953711	1.097793665505497
-78.93333333333334	0.0	-78.93333333333334	0.0	-4.375443525819141	-10.564406957477331	-0.847368795804967	0.09256468986852948	1.0979513211173126
-80.0	0.0	-80.0	0.0	-4.435266199525242	-10.564406957477331	-0.8473849358934678	0.09256459328555307	1.0982034992686993
-80.0	0.0	-80.0	0.0	-4.380060909566294	-10.564406957477331	-0.8466842693254332	0.09259467351698157	1.0983027007169075
-78.93333333333334	0.0	-78.93333333333334	0.0	-4.318197730509417	-10.564406957477331	-0.8473735605651358	0.09255539643991119	1.0981421690786841
-77.86666666666666	0.0	-77.86666666666666	0.0	-4.256627645195748	-10.564406957477331	-0.8473701694295197	0.09262793025518962	1.0982750887170978
-76.8	0.0	-76.8	0.0	-4.195328882143961	-10.564406957477331	-0.8473612623328074	0.09258400646381001	1.0981535766013413
-75.73333333333333	0.0	-75.73333333333333	0.0	-4.1342809326230165	-10.564406957477331	-0.8473741615258781	0.09260941851804577	1.0984330555407256
-74.66666666666667	0.0	-74.66666666666667	0.0	-4.073464498932334	-10.564406957477331	-0.8473625286429418	0.09259546764367647	1.0983801173382144
-73.6	0.0	-73.6	0.0	-4.012861444010001	-10.564406957477331	-0.8473718757287696	0.09256033290314955	1.097948026564673
-72.53333333333333	0.0	-72.53333333333333	0.0	-3.9524547423527756	-10.564406957477331	-0.8473803428363671	0.09262200649930358	1.0982216139424963
-71.46666666666667	0.0	-71.46666666666667	0.0	-3.8922284322315646	-10.564406957477331	-0.847367143162926	0.09254382794562645	1.0978321699187572
-70.4	0.0	-70.4	0.0	-3.832167569186148	-10.564406957477331	-0.8473636554443332	0.09257095703055378	1.0979282055916273
-69.33333333333333	0.0	-69.33333333333333	0.0	-3.7722581807828357	-10.564406957477331	-0.8473828110679864	0.0925901663114162	1.0979500333442938
-68.26666666666667	0.0	-68.26666666666667	0.0	-3.712487222618799	-10.564406957477331	-0.8473680231411552	0.09258223577590932	1.0979534030170255
-67.2	0.0	-67.2	0.0	-3.652842535556789	-10.564406957477331	-0.8473600711427651	0.09255314283712844	1.097954304458139
-66.13333333333333	0.0	-66.13333333333333	0.0	-3.5933128041739804	-10.564406957477331	-0.8473564009896613	0.09254458987799585	1.0979477153528605
-65.06666666666666	0.0	-65.06666666666666	0.0	-3.533887516408651	-10.564406957477331	-0.8473622710883387	0.0926080234306088	1.0982573067179977
-64.0	0.0	-64.0	0.0	-3.474556924388418	-10.564406957477331	-0.8473644817653537	0.092586002511989	1.0983997666081917
-62.93333333333334	0.0	-62.93333333333334	0.0	-3.4153120064237723	-10.564406957477331	-0.8473738717769485	0.0925774066270892	1.0982448153197162
-61.86666666666667	0.0	-61.86666666666667	0.0	-3.356144430150613	-10.564406957477331	-0.8473709957505403	0.09255783247720487	1.0979172380580848
-60.8	0.0	-60.8	0.0	-3.2970465168055205	-10.564406957477331	-0.8473698045604984	0.09261774611690006	1.0983393056649644
-59.733333333333334	0.0	-59.733333333333334	0.0	-3.2380112066174873	-10.564406957477331	-0.8473561434350582	0.0925801753390794	1.0981416432380349
-58.66666666666667	0.0	-58.66666666666667	0.0	-3.179032025299821	-10.564406957477331	-0.8473621745053626	0.09257022729250988	1.0981737839062937
-57.6	0.0	-57.6	0.0	-3.1201030516259602	-10.564406957477331	-0.8473493504323845	0.0925807977627051	1.098196513100074
-56.53333333333333	0.0	-56.53333333333333	0.0	-3.061218886072913	-10.564406957477331	-0.8473646641998649	0.09256736199754333	1.0981073133556447
-55.46666666666667	0.0	-55.46666666666667	0.0	-3.002374620516045	-10.564406957477331	-0.8473669714598568	0.09259053118043813	1.0981125073734868
-54.4	0.0	-54.4	0.0	-2.943565808958942	-10.564406957477331	-0.8473473329213218	0.09259539252358366	1.0981312552023512
-53.33333333333333	0.0	-53.33333333333333	0.0	-2.884788439282071	-10.564406957477331	-0.8473806755110641	0.09261634029802127	1.09816899768324
-52.266666666666666	0.0	-52.266666666666666	0.0	-2.826038905993961	-10.564406957477331	-0.8473680446040395	0.09254442890636856	1.097896966364481
-51.2	0.0	-51.2	0.0	-2.7673139839686236	-10.564406957477331	-0.8473688923879432	0.09257191212887601	1.0980628100664065
-50.13333333333333	0.0	-50.13333333333333	0.0	-2.7086108031529483	-10.564406957477331	-0.8473653188178163	0.09257170823148143	1.0978891860691598
-49.06666666666666	0.0	-49.06666666666666	0.0	-2.649926824227785	-10.564406957477331	-0.8473743332289467	0.09256701859140497	1.0982087147494255
-48.0	0.0	-48.0	0.0	-2.591259815206436	-10.564406957477331	-0.8473771770610301	0.09256211432249206	1.0979242242267104
-46.93333333333334	0.0	-46.93333333333334	0.0	-2.532607828954294	-10.564406957477331	-0.84736699292274	0.0925568022587899	1.0978909138312936
-45.86666666666667	0.0	-45.86666666666667	0.0	-2.473969181613334	-10.564406957477331	-0.847367787049435	0.09254464353520504	1.0978043754844373
-44.8	0.0	-44.8	0.0	-2.415342431915193	-10.564406957477331	-0.8473667246366949	0.09255066387406745	1.0978201614353567
-43.733333333333334	0.0	-43.733333333333334	0.0	-2.356726361366558	-10.564406957477331	-0.8473658875842328	0.09256548399522437	1.0976841082159314
-42.666666666666664	0.0	-42.666666666666664	0.0	-2.29811995529058	-10.564406957477331	-0.8473713606195625	0.09258055093954308	1.0979357497952282
-41.6	0.0	-41.6	0.0	-2.2395223847080508	-10.564406957477331	-0.8473555961315248	0.09257894122326978	1.097981197451347
-40.53333333333333	0.0	-40.53333333333333	0.0	-2.180932989042046	-10.564406957477331	-0.8473623032826633	0.09258366305767168	1.0980318176624224
-39.46666666666667	0.0	-39.46666666666667	0.0	-2.122351259629783	-10.564406957477331	-0.8473782072794447	0.09258945803625583	1.097870899692294
-38.4	0.0	-38.4	0.0	-2.0637768240253935	-10.564406957477331	-0.8473813086661315	0.09255732809943923	1.0981266406823664
-37.333333333333336	0.0	-37.333333333333336	0.0	-2.0052094310773465	-10.564406957477331	-0.8473697187089635	0.09260668200038101	1.097957641936547
-36.266666666666666	0.0	-36.266666666666666	0.0	-1.946648936764245	-10.564406957477331	-0.8473729596043937	0.09258594885477989	1.0980417227832253
-35.2	0.0	-35.2	0.0	-1.8880952907727155	-10.564406957477331	-0.847377574124377	0.092605898605128	1.0981709722685358
-34.13333333333333	0.0	-34.13333333333333	0.0	-1.8295485238011158	-10.564406957477331	-0.847370587955751	0.0926079053847488	1.098134581949315
-33.06666666666667	0.0	-33.06666666666667	0.0	-1.771008735572786	-10.564406957477331	-0.8473599209025793	0.0925808836142397	1.0980175985020084
-32.0	0.0	-32.0	0.0	-1.7124760835425616	-10.564406957477331	-0.8473746873665265	0.09258690395310205	1.0982240821741158
-30.933333333333337	0.0	-30.933333333333337	0.0	-1.6539507722802793	-10.564406957477331	-0.8473685489818041	0.09261401157514582	1.0982135224353622
-29.866666666666667	0.0	-29.866666666666667	0.0	-1.5954330435149888	-10.564406957477331	-0.8473711889164925	0.09260584494791885	1.0981553902150094
-28.799999999999997	0.0	-28.799999999999997	0.0	-1.536923166823607	-10.564406957477331	-0.8473485133799221	0.09261517057086262	1.0979484665537869
-27.733333333333334	0.0	-27.733333333333334	0.0	-1.478421430947724	-10.564406957477331	-0.8473615520817361	0.09260531910726959	1.0980578521402842
-26.666666666666664	0.0	-26.666666666666664	0.0	-1.4199281357222944	-10.564406957477331	-0.8473653617435833	0.09262098701233049	1.0983582144654545
-25.6	0.0	-25.6	0.0	-1.3614435845999364	-10.564406957477331	-0.8473611335555055	0.09259691638832251	1.0980291455334095
-24.53333333333333	0.0	-24.53333333333333	0.0	-1.302968077754553	-10.564406957477331	-0.8473710494077495	0.09260908584334925	1.0981896557087487
-23.46666666666667	0.0	-23.46666666666667	0.0	-1.2445019057480127	-10.564406957477331	-0.8473628076604297	0.09261942022182437	1.0982039285263732
-22.4	0.0	-22.4	0.0	-1.1860453437435996	-10.564406957477331	-0.8473750736984326	0.09260155237118987	1.0980341356538568
-21.333333333333336	0.0	-21.333333333333336	0.0	-1.1275986462499692	-10.564406957477331	-0.8473822852273376	0.09258810587458623	1.0977829662579996
-20.266666666666666	0.0	-20.266666666666666	0.0	-1.0691620423793182	-10.564406957477331	-0.8473630437521499	0.0926255693379887	1.0982731892518949
-19.200000000000003	0.0	-19.200000000000003	0.0	-1.010735731603509	-10.564406957477331	-0.8473684202045026	0.092603419642067	1.0980338673678107
-18.133333333333333	0.0	-18.133333333333333	0.0	-0.9523198799918556	-10.564406957477331	-0.8473735283708101	0.09262669613938003	1.0981417183581272
-17.06666666666667	0.0	-17.06666666666667	0.0	-0.8939146169143085	-10.564406957477331	-0.8473671860886931	0.09263025897806507	1.0984103692727127
-16.0	0.0	-16.0	0.0	-0.8355200321937496	-10.564406957477331	-0.8473688709250589	0.09267303450516963	1.098360736354284
-14.933333333333337	0.0	-14.933333333333337	0.0	-0.7771361736911329	-10.564406957477331	-0.8473628076604295	0.09267090967968881	1.098411131205082
-13.866666666666674	0.0	-13.866666666666674	0.0	-0.7187630453071814	-10.564406957477331	-0.8473772307182389	0.09265941630549694	1.0983095795711153
-12.799999999999997	0.0	-12.799999999999997	0.0	-0.6604006053843748	-10.564406957477331	-0.8473650398003286	0.0926765544180875	1.0984082122529053
-11.733333333333334	0.0	-11.733333333333334	0.0	-0.6020487654929477	-10.564406957477331	-0.8473728522899755	0.09269972360098233	1.0986277453582702
-10.666666666666671	0.0	-10.666666666666671	0.0	-0.5437073895846136	-10.564406957477331	-0.8473552849197122	0.09275641780813068	1.0990119524383997
-9.599999999999994	0.0	-9.599999999999994	0.0	-0.4853762934977529	-10.564406957477331	-0.8473712854994697	0.09272026358063062	1.0984564071581313
-8.533333333333331	0.0	-8.533333333333331	0.0	-0.4270552447977797	-10.564406957477331	-0.8473753527159201	0.0926775202478515	1.098442692375482
-7.466666666666669	0.0	-7.466666666666669	0.0	-0.36874396293640566	-10.564406957477331	-0.8473809867228769	0.09272554345000733	1.0985381378190522
-6.400000000000006	0.0	-6.400000000000006	0.0	-0.31044211971353775	-10.564406957477331	-0.8473560039263139	0.09273914018679642	1.0986607660047578
-5.333333333333329	0.0	-5.333333333333329	0.0	-0.2521493400255208	-10.564406957477331	-0.8473736464166706	0.09277040087682548	1.0985522603964888
-4.266666666666666	0.0	-4.266666666666666	0.0	-0.1938652028834597	-10.564406957477331	-0.8473562185551508	0.09278441613984566	1.0987002684421063
-3.200000000000003	0.0	-3.200000000000003	0.0	-0.1355892426853284	-10.564406957477331	-0.8473611764812726	0.09278363274459264	1.0987451366003655
-2.13333333333334	0.0	-2.13333333333334	0.0	-0.07732095072560852	-10.564406957477331	-0.8473668104882295	0.09279573781096843	1.0985196260819072
-1.0666666666666629	0.0	-1.0666666666666629	0.0	-0.01905977692616606	-10.564406957477331	-0.847358128751795	0.09283759043407622	1.0987254873303887
0.0	0.0	0.0	0.0	0.0391948682279	-10.564406957477331	-0.8473805360023203	0.09287208128809388	1.098902073205579
1.0666666666666629	0.0	1.0666666666666629	0.0	0.0974436115637267	-10.564406957477331	-0.8473630437521495	0.09288464780646798	1.0986186021698374
2.1333333333333258	0.0	2.1333333333333258	0.0	0.1556871149237345	-10.564406957477331	-0.8473685060560372	0.09288837161678044	1.0985312589648433
3.200000000000003	0.0	3.200000000000003	0.0	0.2139260727125422	-10.564406957477331	-0.8473821135242683	0.09294047276682886	1.098867475037143
4.266666666666666	0.0	4.266666666666666	0.0	0.27216120930401666	-10.564406957477331	-0.8473668426825549	0.09292849647775489	1.098605198599
5.333333333333329	0.0	5.333333333333329	0.0	0.33039327632474647	-10.564406957477331	-0.8473629042434058	0.09296736576003603	1.0987608474311943
6.400000000000006	0.0	6.400000000000006	0.0	0.38862304983020113	-10.564406957477331	-0.8473556605201754	0.09302270780551476	1.0991055949997435
7.466666666666669	0.0	7.466666666666669	0.0	0.44685132738985966	-10.564406957477331	-0.8473630974093587	0.09305108173769355	1.0989038546249197
8.533333333333331	0.0	8.533333333333331	0.0	0.5050789250975919	-10.564406957477331	-0.8473606935663911	0.09305798205478542	1.0989485081543449
9.599999999999994	0.0	9.599999999999994	0.0	0.5633066745235548	-10.564406957477331	-0.8473771019409372	0.0930739075144501	1.0986853732008566
10.666666666666671	0.0	10.666666666666671	0.0	0.621535419623892	-10.564406957477331	-0.8473526879107909	0.09309469431726032	1.0985883716982228
11.733333333333334	0.0	11.733333333333334	0.0	0.6797660136245051	-10.564406957477331	-0.847368237769992	0.0930989654311057	1.0984556881515284
12.799999999999997	0.0	12.799999999999997	0.0	0.7379993158951843	-10.564406957477331	-0.8473732386218813	0.09311112415469061	1.0981412032489184
13.86666666666666	0.0	13.86666666666666	0.0	0.7962361888303604	-10.564406957477331	-0.8473772629125643	0.09326116044281127	1.0986728603396916
14.933333333333337	0.0	14.933333333333337	0.0	0.8544774947527677	-10.564406957477331	-0.8473613267214581	0.093238141500102	1.0985482468372485
16.0	0.0	16.0	0.0	0.9127240928562825	-10.564406957477331	-0.8473779604562826	0.09322647642284089	1.0982430553632576
17.066666666666663	0.0	17.066666666666663	0.0	0.9709768362042303	-10.564406957477331	-0.8473787975087447	0.09327015339105854	1.0983882839654422
18.133333333333326	0.0	18.133333333333326	0.0	1.0292365687994187	-10.564406957477331	-0.8473761683054987	0.09334436131126128	1.0985522711279316
19.200000000000003	0.0	19.200000000000003	0.0	1.0875041227421884	-10.564406957477331	-0.8473603823545774	0.09322244140071563	1.097800887765844
20.266666666666666	0.0	20.266666666666666	0.0	1.1457803154927464	-10.564406957477331	-0.847377541930052	0.09329510399329591	1.0978576141673189
21.33333333333333	0.0	21.33333333333333	0.0	1.2040659472540736	-10.564406957477331	-0.8473694504229182	0.0933739371649242	1.0985669624717866
22.400000000000006	0.0	22.400000000000006	0.0	1.2623617984916657	-10.564406957477331	-0.847369042628128	0.09336875387852384	1.0981031495562175
23.46666666666667	0.0	23.46666666666667	0.0	1.3206686276063948	-10.564406957477331	-0.8473721440148151	0.09336662905304309	1.0980312596274489
24.53333333333333	0.0	24.53333333333333	0.0	1.3789871687767694	-10.564406957477331	-0.8473567443957997	0.09342962261654125	1.0983147628575154
25.599999999999994	0.0	25.599999999999994	0.0	1.4373181299868607	-10.564406957477331	-0.8473699011434742	0.0934027188918922	1.0978818350315114
26.66666666666667	0.0	26.66666666666667	0.0	1.4956621912561816	-10.564406957477331	-0.847368506056037	0.09345438005282579	1.0978959790718326
27.733333333333334	0.0	27.733333333333334	0.0	1.5540200030877847	-10.564406957477331	-0.8473738825083902	0.09344053649287477	1.0978801072693782
28.799999999999997	0.0	28.799999999999997	0.0	1.6123921851508696	-10.564406957477331	-0.8473799243101366	0.09346588415845952	1.097901570153023
29.86666666666666	0.0	29.86666666666666	0.0	1.670779325214162	-10.564406957477331	-0.8473641383592156	0.0934485421484744	1.0976510983008858
30.933333333333337	0.0	30.933333333333337	0.0	1.7291819783463485	-10.564406957477331	-0.8473554780856648	0.09349079183492966	1.0975730377930681
32.0	0.0	32.0	0.0	1.7876006663998416	-10.564406957477331	-0.8473760180653135	0.0935777165136921	1.0979940537186497
33.06666666666666	0.0	33.06666666666666	0.0	1.8460358777941588	-10.564406957477331	-0.8473721654776984	0.09356312175281346	1.0978537615797037
34.133333333333326	0.0	34.133333333333326	0.0	1.9044880676151767	-10.564406957477331	-0.8473663061104643	0.09359634629669598	1.0979528557134928
35.2	0.0	35.2	0.0	1.9629576580465535	-10.564406957477331	-0.8473716181741656	0.09364222321048725	1.098121339350107
36.266666666666666	0.0	36.266666666666666	0.0	2.021445039149582	-10.564406957477331	-0.8473681948442242	0.0936601339868891	1.0980752692703613
37.33333333333333	0.0	37.33333333333333	0.0	2.079950570007767	-10.564406957477331	-0.8473704484470072	0.09369131955682532	1.0981854489835547
38.39999999999999	0.0	38.39999999999999	0.0	2.1384745802523812	-10.564406957477331	-0.8473640847020063	0.0936833782898767	1.0980368829029628
39.46666666666667	0.0	39.46666666666667	0.0	2.1970173719853	-10.564406957477331	-0.8473803321049257	0.09370532408840372	1.0975559104119195
40.53333333333333	0.0	40.53333333333333	0.0	2.2555792221153697	-10.564406957477331	-0.8473580214373772	0.09378439335175205	1.0978582687852678
41.599999999999994	0.0	41.599999999999994	0.0	2.3141603851246044	-10.564406957477331	-0.8473446500608662	0.09382763033085503	1.0978599214273104
42.66666666666667	0.0	42.66666666666667	0.0	2.3727610962804784	-10.564406957477331	-0.8473658661213496	0.09386683228783277	1.0982084142690556
43.733333333333334	0.0	43.733333333333334	0.0	2.4313815753105863	-10.564406957477331	-0.8473771234038208	0.09385893394665137	1.0980238334697072
44.8	0.0	44.8	0.0	2.490022030555963	-10.564406957477331	-0.8473609403895519	0.09387746714667886	1.0981385955085567
45.86666666666666	0.0	45.86666666666666	0.0	2.548682663619322	-10.564406957477331	-0.8473574097451926	0.09387465550892134	1.0977305431646975
46.93333333333334	0.0	46.93333333333334	0.0	2.607363674524507	-10.564406957477331	-0.8473753527159199	0.09389935928799681	1.0979750590666233
48.0	0.0	48.0	0.0	2.6660652674034075	-10.564406957477331	-0.8473722620606755	0.09387067414400516	1.0976920709457627
49.06666666666666	0.0	49.06666666666666	0.0	2.724787656726653	-10.564406957477331	-0.8473683343529684	0.09385610084601025	1.0976172513333766
50.133333333333326	0.0	50.133333333333326	0.0	2.783531074094322	-10.564406957477331	-0.8473683343529683	0.0939442489091404	1.098245791880922
51.19999999999999	0.0	51.19999999999999	0.0	2.8422957756029708	-10.564406957477331	-0.8473809223342255	0.09389484135098948	1.0979269822072588
52.26666666666665	0.0	52.26666666666665	0.0	2.901082049805243	-10.564406957477331	-0.8473611657498307	0.09391803199676793	1.0979593267729122
53.33333333333334	0.0	53.33333333333334	0.0	2.9598902262783517	-10.564406957477331	-0.8473585472780258	0.09393495548052203	1.0979159288221818
54.400000000000006	0.0	54.400000000000006	0.0	3.0187206848176857	-10.564406957477331	-0.8473825320504992	0.09394859514307848	1.0980022954659692
55.46666666666667	0.0	55.46666666666667	0.0	3.0775738652718507	-10.564406957477331	-0.8473628935119641	0.09394406647462944	1.098026924124952
56.53333333333333	0.0	56.53333333333333	0.0	3.13645027803539	-10.564406957477331	-0.8473655978353034	0.09396141921605645	1.0981471699305727
57.599999999999994	0.0	57.599999999999994	0.0	3.195350515215478	-10.564406957477331	-0.8473715001283059	0.09393970950924943	1.0978070905392179
58.66666666666666	0.0	58.66666666666666	0.0	3.2542752624888656	-10.564406957477331	-0.8473647285885161	0.09393538473819502	1.09793452641086
59.73333333333332	0.0	59.73333333333332	0.0	3.3132253116653385	-10.564406957477331	-0.8473615520817365	0.0938967408161921	1.0977309616909288
60.80000000000001	0.0	60.80000000000001	0.0	3.372201573973985	-10.564406957477331	-0.8473607042978325	0.09392147678959299	1.0978702665372266
61.866666666666674	0.0	61.866666666666674	0.0	3.431205094088528	-10.564406957477331	-0.8473589979985825	0.09393987048087679	1.0979472753637456
62.93333333333334	0.0	62.93333333333334	0.0	3.490237064908026	-10.564406957477331	-0.847362646688802	0.09390119436454843	1.0975017166307155
64.0	0.0	64.0	0.0	3.549298843109189	-10.564406957477331	-0.8473493826267092	0.09390490744341905	1.0975893281217548
65.06666666666666	0.0	65.06666666666666	0.0	3.6083919654866037	-10.564406957477331	-0.8473737751939723	0.09392436354744327	1.0976215868358734
66.13333333333333	0.0	66.13333333333333	0.0	3.667518166097146	-10.564406957477331	-0.8473776599759119	0.09397303063610842	1.0979666992734443
67.19999999999999	0.0	67.19999999999999	0.0	3.7266793942248477	-10.564406957477331	-0.8473700943094269	0.09393469792591835	1.0979786862939602
68.26666666666665	0.0	68.26666666666665	0.0	3.7858778331825	-10.564406957477331	-0.8473597062737429	0.09395590325495969	1.0978864173571696
69.33333333333334	0.0	69.33333333333334	0.0	3.845115919966272	-10.564406957477331	-0.8473686562962226	0.09392712152799162	1.0978807618873294
70.4	0.0	70.4	0.0	3.9043963657796077	-10.564406957477331	-0.8473493289695005	0.0939531989316204	1.0980257436663514
71.46666666666667	0.0	71.46666666666667	0.0	3.9637221774427083	-10.564406957477331	-0.8473721440148152	0.09394600886559927	1.0978408301923075
72.53333333333333	0.0	72.53333333333333	0.0	4.023096679703835	-10.564406957477331	-0.8473658231955815	0.09394922829814602	1.0980785208972348
73.6	0.0	73.6	0.0	4.082523538468745	-10.564406957477331	-0.8473782931309795	0.09391537059919598	1.0976145792043641
74.66666666666666	0.0	74.66666666666666	0.0	4.142006784964515	-10.564406957477331	-0.84735226938456	0.09393012633170197	1.097870148491367
75.73333333333332	0.0	75.73333333333332	0.0	4.201550840854042	-10.564406957477331	-0.8473751595499673	0.09390893173410246	1.0975861945407421
76.80000000000001	0.0	76.80000000000001	0.0	4.261160544317486	-10.564406957477331	-0.8473650183374453	0.09392124069787292	1.0977569103172549
77.86666666666667	0.0	77.86666666666667	0.0	4.320841177116942	-10.564406957477331	-0.8473550166336667	0.09395330624603862	1.097916497588598
78.93333333333334	0.0	78.93333333333334	0.0	4.380598492660622	-10.564406957477331	-0.8473891426186622	0.09395778125727858	1.0979454188243094
80.0	0.0	80.0	0.0	4.440438745082791	-10.564406957477331	-0.8473544371358076	0.09391737737881672	1.0978294548639753
