Hysterese	V-MOKE
Charge	2020_0446
Sample	1
Sample State	bFC
User	Meike Reginka
Sample Angle	120.0
Magnetic Field Angle	0.0
Detektor Averages	300
Hysteresus Points	150
Magnetic Field [kA/m]	80
Hysteresis Averages	100
Polarization	p-polarization
Measurement Method	Scan Both Angles
Max Voltage Correction	No
Training Effect Elimination	No
Magnetic field [kA/m]	Magnetic field transversal [kA/m]	Magnetic field longitudinal [kA/m]	Magnetic field transversal [V]	Magnetic field longitudinal [V]	Detector diff transversal [V]	Detector diff longitudinal [V]	Detector raw transversal [V]	Detector raw longitudinal [V]
80.0	0.0	80.0	0.0	4.381030188287403	0.036070516795707705	-0.05880873590326326	0.194841307850277	2.567774675917278
78.93333333333334	0.0	78.93333333333334	0.0	4.319818714176459	0.04180075259135526	-0.06064644165816135	0.19489512603101705	2.5682369864309944
77.86666666666666	0.0	77.86666666666666	0.0	4.258793669369702	0.03607926292079311	-0.06569309534115601	0.19482864474892658	2.5683101855956636
76.8	0.0	76.8	0.0	4.197942654193435	0.028944893082760933	-0.069717171395766	0.19477441877339735	2.5675905994956967
75.73333333333333	0.0	75.73333333333333	0.0	4.137253993604595	0.04211573114028819	-0.0633544566134243	0.1948876462160668	2.568066356506015
74.66666666666667	0.0	74.66666666666667	0.0	4.0767167056162315	0.035048379156437874	-0.06562465020521195	0.19483674698750256	2.5676996309446114
73.6	0.0	73.6	0.0	4.0163204706037074	0.0146140612843116	-0.07932035235083702	0.19466418540299635	2.5666844258167596
72.53333333333333	0.0	72.53333333333333	0.0	3.9560556014798554	0.04154540866463022	-0.06393625100039063	0.19489468604190233	2.568186827671915
71.46666666666667	0.0	71.46666666666667	0.0	3.89591301472721	0.03869826056613819	-0.06452957095587432	0.19485414265469692	2.5680220678456123
70.4	0.0	70.4	0.0	3.8358842022755653	0.027200507945951552	-0.07559584449470276	0.19475805332461799	2.567672276499407
69.33333333333333	0.0	69.33333333333333	0.0	3.775961204212982	0.031359413835619715	-0.06877367376217156	0.1948059799437975	2.5678301467400586
68.26666666666667	0.0	68.26666666666667	0.0	3.716136582318465	0.033542317879622946	-0.06936738004956085	0.19482708868986237	2.5678626308144556
67.2	0.0	67.2	0.0	3.6564033944044745	0.031180263145834542	-0.0707665561658233	0.19478459218024508	2.5675901595065813
66.13333333333333	0.0	66.13333333333333	0.0	3.596755169457454	0.026961583125214933	-0.06887747899892079	0.19475942694917137	2.566798769329379
65.06666666666666	0.0	65.06666666666666	0.0	3.5371858835645753	0.029275882942893044	-0.0696287872409157	0.19478699602321334	2.5671557936673737
64.0	0.0	64.0	0.0	3.4776899366148504	0.021541378683819966	-0.07514822532484348	0.19471508463156068	2.566858103471215
62.93333333333334	0.0	62.93333333333334	0.0	3.4182621297628257	0.015277350240478249	-0.07934855457994662	0.19467161156073756	2.566825758905564
61.86666666666667	0.0	61.86666666666667	0.0	3.3588976436430196	0.031860690214591585	-0.0710859131430198	0.1948078794089999	2.567378503279515
60.8	0.0	60.8	0.0	3.2995920173232944	0.026521486696073154	-0.0711585542727165	0.19475578899039345	2.5674375905981908
59.733333333333334	0.0	59.733333333333334	0.0	3.2403411279853396	0.028604180536337703	-0.07116116201307934	0.1947853433811726	2.5678756373219436
58.66666666666667	0.0	58.66666666666667	0.0	3.181141171320454	0.028663332243663384	-0.06809202330904662	0.19476204542097603	2.567366677230628
57.6	0.0	57.6	0.0	3.121988642628807	0.025896508987212984	-0.07049627407208126	0.19474041083426172	2.567016993198842
56.53333333333333	0.0	56.53333333333333	0.0	3.062880318610361	0.029184708613168922	-0.06907860768155856	0.19479066617631666	2.56775985579612
55.46666666666667	0.0	55.46666666666667	0.0	3.003813239835633	0.021644325405223482	-0.07565804393150609	0.19470488976182923	2.566942034077712
54.4	0.0	54.4	0.0	2.9447846938844906	0.026950647785997702	-0.07181304344658855	0.19474922134799805	2.5671311220826216
53.33333333333333	0.0	53.33333333333333	0.0	2.885792199141142	0.031057119850921057	-0.07085817048466224	0.19478486046629068	2.5678567499843385
52.266666666666666	0.0	52.266666666666666	0.0	2.8268334892335334	0.013639903921430259	-0.08327003805073321	0.19464611365496734	2.566131638517039
51.2	0.0	51.2	0.0	2.7679064981053	0.017903087231287872	-0.07959703038390534	0.19469367540512472	2.56590606360993
50.13333333333333	0.0	50.13333333333333	0.0	2.7090093457084867	0.02096696752882753	-0.07501719442019045	0.19468713995705478	2.5668095973541796
49.06666666666666	0.0	49.06666666666666	0.0	2.6501403243051973	0.02244801381475417	-0.07304317789126262	0.19471143594134102	2.5667307856454347
48.0	0.0	48.0	0.0	2.591297885366365	0.006768164659120723	-0.0870201403956142	0.1945919198737635	2.565666913428916
46.93333333333334	0.0	46.93333333333334	0.0	2.532480627055822	0.02047810742804433	-0.07692352774554358	0.1946983972395266	2.5664379567924227
45.86666666666667	0.0	45.86666666666667	0.0	2.4736872822878553	0.01748494733211503	-0.07864707242233367	0.19467612949774485	2.5665179596912098
44.8	0.0	44.8	0.0	2.4149167073464275	0.015152822589569624	-0.08203208038497056	0.19466793067619237	2.5663483063274373
43.733333333333334	0.0	43.733333333333334	0.0	2.356167871054244	0.0222133171820954	-0.07544678476778789	0.19470867796079255	2.5666799722684033
42.666666666666664	0.0	42.666666666666664	0.0	2.2974398444798476	0.022406332894715334	-0.07529895915668264	0.19471568559230268	2.5670531045005727
41.6	0.0	41.6	0.0	2.2387317911709355	0.0058002637268219194	-0.08657022469720489	0.1945870585306179	2.565497453231097
40.53333333333333	0.0	40.53333333333333	0.0	2.1800429579020566	0.02138233871601024	-0.0741557923165383	0.19471441928216757	2.5664989435763004
39.46666666666667	0.0	39.46666666666667	0.0	2.1213726659248966	0.01889368516304143	-0.077245428074452	0.19468400637604258	2.566561872751148
38.4	0.0	38.4	0.0	2.0627203027093186	0.015312613758306943	-0.08021554776478833	0.19465934552273423	2.5667076486568634
37.333333333333336	0.0	37.333333333333336	0.0	2.0040853141633432	0.016849045015479517	-0.07921297354396085	0.19466619218261708	2.566418436299748
36.266666666666666	0.0	36.266666666666666	0.0	1.9454671973202513	0.021610778918086347	-0.07386336052687452	0.19471417245900574	2.5671559975647695
35.2	0.0	35.2	0.0	1.8868654934810003	0.017755508443344437	-0.07849850634174264	0.194681076692425	2.5668486812652964
34.13333333333333	0.0	34.13333333333333	0.0	1.8282797818001153	0.006116540780215328	-0.08758940045853184	0.1945760051455407	2.566025912352206
33.06666666666667	0.0	33.06666666666667	0.0	1.7697096733032631	0.002271432980879471	-0.08895482619026249	0.19455454226189567	2.5655800209444792
32.0	0.0	32.0	0.0	1.7111548053246695	0.006072219925488276	-0.08758464642980446	0.19458139232933558	2.566052719493878
30.933333333333337	0.0	30.933333333333337	0.0	1.652614836352576	0.0055674450964822535	-0.0870796247776365	0.19458442932737136	2.566038264241744
29.866666666666667	0.0	29.866666666666667	0.0	1.5940894412709112	0.010657249907045188	-0.0810812424451695	0.1946219464479828	2.5660628607064
28.799999999999997	0.0	28.799999999999997	0.0	1.5355783069853621	0.005188067165172411	-0.08532094536031944	0.19457955725278392	2.566224014768248
27.733333333333334	0.0	27.733333333333334	0.0	1.4770811284220267	0.014699290395266136	-0.0801490772141396	0.19463457735500792	2.5669680578241305
26.666666666666664	0.0	26.666666666666664	0.0	1.4185976048868278	0.019749045464947528	-0.07895485017380369	0.19468935063407028	2.5669517996897673
25.6	0.0	25.6	0.0	1.360127436773878	0.017567343342428324	-0.07764515281945737	0.1946797889194064	2.5675923272578287
24.53333333333333	0.0	24.53333333333333	0.0	1.3016703226109647	0.017258202697846895	-0.07765283653180238	0.19467673045848688	2.567531351205393
23.46666666666667	0.0	23.46666666666667	0.0	1.243225956430354	0.015682258271883832	-0.07900959125854037	0.19466972282697678	2.5670019155230803
22.4	0.0	22.4	0.0	1.1847940254530787	0.00681375182398292	-0.08385882933776784	0.19458895799582046	2.5664895964904746
21.333333333333336	0.0	21.333333333333336	0.0	1.1263742080749082	0.008762023623978505	-0.0858998100636682	0.19463202327185422	2.566722865841368
20.266666666666666	0.0	20.266666666666666	0.0	1.0679661721421683	0.011467838633667739	-0.08229520460701703	0.19463651974597798	2.566611430549484
19.200000000000003	0.0	19.200000000000003	0.0	1.0095695735056076	0.01212546138855202	-0.07940263031529027	0.19465181205057505	2.567647841006375
18.133333333333333	0.0	18.133333333333333	0.0	0.9511840548404781	0.013033416486830304	-0.07904604596641145	0.19464325909144256	2.567246238259053
17.06666666666667	0.0	17.06666666666667	0.0	0.8928092447210244	0.01015496477254195	-0.08644151178398561	0.19461163353239144	2.5674926428947398
16.0	0.0	16.0	0.0	0.8344447569375557	0.008094538674059147	-0.08361696410197181	0.19459496760324105	2.567335609706552
14.933333333333337	0.0	14.933333333333337	0.0	0.7760901900442883	0.011124486152556012	-0.0807626581317842	0.1946395782068973	2.5681885339711634
13.866666666666674	0.0	13.866666666666674	0.0	0.7177451271261349	0.011863957614220804	-0.08391405333738661	0.19463189449455234	2.56884729425888
12.799999999999997	0.0	12.799999999999997	0.0	0.6594091357726295	0.008269525564417292	-0.08290332322077404	0.19458400006969842	2.568200338557168
11.733333333333334	0.0	11.733333333333334	0.0	0.6010817682471681	0.003464833700195138	-0.08678561546602481	0.19456740926064087	2.5683281071035076
10.666666666666671	0.0	10.666666666666671	0.0	0.5427625618397398	-0.005204336215852541	-0.09109968727300485	0.19450378254207515	2.568326872987696
9.599999999999994	0.0	9.599999999999994	0.0	0.4844510393913435	-0.015515234296235312	-0.10139565791781252	0.1944053322947953	2.568509779682121
8.533333333333331	0.0	8.533333333333331	0.0	0.4261467099782665	-0.017796974919423957	-0.10184263320116249	0.1943897073155016	2.56821318409303
7.466666666666669	0.0	7.466666666666669	0.0	0.36784906974439924	-0.024538455940891674	-0.1069016602365785	0.19433672618722375	2.568862972895383
6.400000000000006	0.0	6.400000000000006	0.0	0.30955760286978407	-0.0377977103475947	-0.11884801931927211	0.194225462598408	2.5694255258071625
5.333333333333329	0.0	5.333333333333329	0.0	0.25127178266356687	-0.03784000295981726	-0.11777119425247465	0.1942253123582224	2.5695589498233433
4.266666666666666	0.0	4.266666666666666	0.0	0.19299107276954444	-0.04573040287424613	-0.12250621759638503	0.19415775793194953	2.569964823684511
3.200000000000003	0.0	3.200000000000003	0.0	0.13471492847247593	-0.05646085740412234	-0.12697206418506102	0.19406663725943463	2.569561031723055
2.13333333333334	0.0	2.13333333333334	0.0	0.07644279809335723	-0.07581060210845518	-0.1477615176614199	0.19391538831838787	2.5686964960383922
1.0666666666666629	0.0	1.0666666666666629	0.0	0.018174124461827576	-0.07692377456870551	-0.14612916877723764	0.19390502174558744	2.5693785864806324
0.0	0.0	0.0	0.0	-0.0400916535461	-0.09781439334712533	-0.16360196284392728	0.19373281429866127	2.568219343940636
-1.0666666666666629	0.0	-1.0666666666666629	0.0	-0.09835509941681445	-0.10162765022713184	-0.16697078779229574	0.19368759200282126	2.568845426988002
-2.1333333333333258	0.0	-2.1333333333333258	0.0	-0.156616777366191	-0.11521791595685058	-0.1752681454435185	0.1935939709043616	2.5678020410939255
-3.200000000000003	0.0	-3.200000000000003	0.0	-0.21487725067681432	-0.12248730879589372	-0.1792341858607523	0.1935032794895193	2.5681508558789248
-4.266666666666666	0.0	-4.266666666666666	0.0	-0.27313708001714876	-0.12184615880420704	-0.18173937656556954	0.1935432433788664	2.5688409090509983
-5.333333333333329	0.0	-5.333333333333329	0.0	-0.331396821754486	-0.12573428895380925	-0.1844649803539796	0.19348249268670925	2.568700863735213
-6.400000000000006	0.0	-6.400000000000006	0.0	-0.3896570262734731	-0.14045959782221273	-0.19618486308845073	0.19338755162090532	2.568059016199807
-7.466666666666669	0.0	-7.466666666666669	0.0	-0.4479182363120456	-0.14234239709564916	-0.19841970731087497	0.1933648760843344	2.5685999774506394
-8.533333333333331	0.0	-8.533333333333331	0.0	-0.506180985326591	-0.14880065390453673	-0.20154934988390308	0.19330334199692398	2.568371494322795
-9.599999999999994	0.0	-9.599999999999994	0.0	-0.564445795898144	-0.1544068664270415	-0.2042959872982853	0.19326880821713907	2.5678698960005697
-10.666666666666671	0.0	-10.666666666666671	0.0	-0.6227131781914472	-0.16853777146433718	-0.2176190186637395	0.1931522647589466	2.5674505112541453
-11.733333333333334	0.0	-11.733333333333334	0.0	-0.6809836284786798	-0.17943104342954466	-0.23013674117194793	0.1930556173938929	2.567559489045854
-12.799999999999997	0.0	-12.799999999999997	0.0	-0.7392576277396917	-0.17230750161631156	-0.22353928683118032	0.1931235152263039	2.5670931220471287
-13.86666666666666	0.0	-13.86666666666666	0.0	-0.7975356403505398	-0.18195232056565389	-0.22871528658246196	0.1930219313980119	2.5675189456586476
-14.933333333333337	0.0	-14.933333333333337	0.0	-0.8558181128721578	-0.1837534535668208	-0.23051824392873868	0.19301250919209165	2.5673121829690535
-16.0	0.0	-16.0	0.0	-0.9141054729509707	-0.19779130627207347	-0.2425475355938368	0.19292291238431555	2.5658418788563906
-17.066666666666663	0.0	-17.066666666666663	0.0	-0.9723981283432802	-0.197117736594641	-0.2409639825756215	0.1929156042724343	2.5664800777015757
-18.133333333333326	0.0	-18.133333333333326	0.0	-1.0306964660752267	-0.19274307506713076	-0.23817964560611682	0.19295197312877085	2.5674818470642653
-19.200000000000003	0.0	-19.200000000000003	0.0	-1.0890008517501555	-0.20455260826658728	-0.2470174386675217	0.19285977931207354	2.567132366929875
-20.266666666666666	0.0	-20.266666666666666	0.0	-1.147311629015197	-0.2127382301455538	-0.2530220237733622	0.1927850348197796	2.5665678716271265
-21.33333333333333	0.0	-21.33333333333333	0.0	-1.2056291191988913	-0.21171707979893165	-0.2540620185318248	0.19278425142452668	2.5666300281381633
-22.400000000000006	0.0	-22.400000000000006	0.0	-1.263953621131659	-0.20750493522638183	-0.2518712698038492	0.1928270591459568	2.567113501055152
-23.46666666666667	0.0	-23.46666666666667	0.0	-1.322285411160945	-0.21642270972369	-0.25773051899308735	0.192752132219152	2.56737987690407
-24.53333333333333	0.0	-24.53333333333333	0.0	-1.3806247433728562	-0.23365431463541847	-0.2716386822239146	0.19260473586571952	2.565701436477259
-25.599999999999994	0.0	-25.599999999999994	0.0	-1.438971850032102	-0.2210582633333474	-0.26427463806799684	0.19271324147398697	2.566382786450013
-26.66666666666667	0.0	-26.66666666666667	0.0	-1.497326942252062	-0.22219875804447803	-0.26089706699454296	0.192701576396726	2.567031738199904
-27.733333333333334	0.0	-27.733333333333334	0.0	-1.555690210906793	-0.23735144658346347	-0.2748398820510152	0.1925764370536334	2.566609477427071
-28.799999999999997	0.0	-28.799999999999997	0.0	-1.614061827796803	-0.23776194569605877	-0.27705461555146416	0.1925762438876807	2.566584129761486
-29.86666666666666	0.0	-29.86666666666666	0.0	-1.6724419470803977	-0.24048311739899603	-0.27618449951705215	0.19255482392980294	2.5665468594640397
-30.933333333333337	0.0	-30.933333333333337	0.0	-1.7308307069824265	-0.23685084628532632	-0.2742942633544327	0.1925870289867123	2.5674291556849185
-32.0	0.0	-32.0	0.0	-1.7892282317922377	-0.25230307082846215	-0.2884600241147681	0.19245535419555004	2.5667004478593998
-33.06666666666666	0.0	-33.06666666666666	0.0	-1.8476346341626735	-0.2521844776648815	-0.2853849938491749	0.19245076113844997	2.5666523066113864
-34.133333333333326	0.0	-34.133333333333326	0.0	-1.9060500177219062	-0.2566246331818344	-0.29092628114865315	0.19242811779620425	2.5665555412004735
-35.2	0.0	-35.2	0.0	-1.9644744800099465	-0.2633925242816272	-0.29705526512810015	0.1923579127038015	2.5670120460041597
-36.266666666666666	0.0	-36.266666666666666	0.0	-2.0229081157516333	-0.261985106418045	-0.2954492512021505	0.19237575909155225	2.5667089471613247
-37.33333333333333	0.0	-37.33333333333333	0.0	-2.0813510204779293	-0.2673144799358541	-0.2997660487953537	0.19232084630374646	2.5665809532547077
-38.39999999999999	0.0	-38.39999999999999	0.0	-2.139803294507338	-0.2693804541897592	-0.30232119436185473	0.19233027924110843	2.5661834069923914
-39.46666666666667	0.0	-39.46666666666667	0.0	-2.1982650472992535	-0.26473754954245343	-0.29764052577077565	0.1923504328888511	2.5664440629828187
-40.53333333333333	0.0	-40.53333333333333	0.0	-2.256736402191068	-0.27105441960532906	-0.3040837478296695	0.19229130264440905	2.5666511583471108
-41.599999999999994	0.0	-41.599999999999994	0.0	-2.315217501530861	-0.2724473178281254	-0.3050667908263801	0.1922953805923016	2.566362203544597
-42.66666666666667	0.0	-42.66666666666667	0.0	-2.37370851221747	-0.26565200789447596	-0.2991620617866981	0.19233394939421186	2.5672864275086784
-43.733333333333334	0.0	-43.733333333333334	0.0	-2.432209631659771	-0.2759501677534153	-0.309989893419672	0.1922570264192279	2.5665412039941975
-44.8	0.0	-44.8	0.0	-2.4907210941669966	-0.2721236146169908	-0.3041465053014476	0.19230180872595323	2.5667926524075413
-45.86666666666666	0.0	-45.86666666666666	0.0	-2.549243177781886	-0.2824275801859563	-0.3142694851040763	0.19220415260536822	2.565405119905657
-46.93333333333334	0.0	-46.93333333333334	0.0	-2.6077762115685053	-0.27105065286924956	-0.3031269324767733	0.1922870959192146	2.567316132139643
-48.0	0.0	-48.0	0.0	-2.666320583366545	-0.27273216248842064	-0.30473131522356606	0.19228217018741803	2.566814587474626
-49.06666666666666	0.0	-49.06666666666666	0.0	-2.724876748023921	-0.2688032206655673	-0.3018866890139024	0.19232587934996126	2.5676625538131157
-50.133333333333326	0.0	-50.133333333333326	0.0	-2.7834452361194826	-0.28396631870312083	-0.31504916727825	0.19220385212499722	2.5664703979410515
-51.19999999999999	0.0	-51.19999999999999	0.0	-2.842026663187659	-0.2724021706523781	-0.3051234850335283	0.19230332185925025	2.56657837770867
-52.26666666666665	0.0	-52.26666666666665	0.0	-2.9006217394568647	-0.27623129933484014	-0.30766438997673107	0.1922642272166908	2.5660869849876167
-53.33333333333334	0.0	-53.33333333333334	0.0	-2.9592312801134577	-0.2665939923947736	-0.3007907405177772	0.1923407316654436	2.56744423336068
-54.400000000000006	0.0	-54.400000000000006	0.0	-3.0178562161030937	-0.26679138653565704	-0.2995259864417836	0.19234054923093263	2.5674471415814106
-55.46666666666667	0.0	-55.46666666666667	0.0	-3.076497605481298	-0.2742988671429748	-0.30498115392063624	0.19228005609337898	2.5668900938992905
-56.53333333333333	0.0	-56.53333333333333	0.0	-3.135156645325031	-0.27832690309961716	-0.3111144304768125	0.19225198264157117	2.566593390995779
-57.599999999999994	0.0	-57.599999999999994	0.0	-3.193834684217122	-0.2724632325563482	-0.30468623243646986	0.1922980312584318	2.5671833734728584
-58.66666666666666	0.0	-58.66666666666666	0.0	-3.25253323531534	-0.2777178508504219	-0.3086011268019774	0.19225647911569507	2.566954911807897
-59.73333333333332	0.0	-59.73333333333332	0.0	-3.311253990017958	-0.25806652043655065	-0.29353451515785023	0.19240307061099063	2.567820917700092
-60.80000000000001	0.0	-60.80000000000001	0.0	-3.3699988322376004	-0.26528637694014073	-0.2965952833372615	0.19233977656712134	2.5676279019874717
-61.866666666666674	0.0	-61.866666666666674	0.0	-3.4287698532951953	-0.26317669352369266	-0.29446792523613163	0.19236217308620499	2.567934531474665
-62.93333333333334	0.0	-62.93333333333334	0.0	-3.4875693674458788	-0.27231326065687855	-0.30535633585819355	0.19228322186871669	2.567158669693781
-64.0	0.0	-64.0	0.0	-3.546399928048623	-0.26680295502994167	-0.3018777497228641	0.19233549472183417	2.5672032051773455
-65.06666666666666	0.0	-65.06666666666666	0.0	-3.605264344391439	-0.26223356075912024	-0.29482717098258254	0.19237335524858395	2.567806204893354
-66.13333333333333	0.0	-66.13333333333333	0.0	-3.6641656991839646	-0.27101472400202753	-0.302430676531328	0.1923165108012501	2.567318493056846
-67.19999999999999	0.0	-67.19999999999999	0.0	-3.723107366729244	-0.2637941592232769	-0.29558632390854955	0.1923637613395946	2.567883610783219
-68.26666666666665	0.0	-68.26666666666665	0.0	-3.782093031786535	-0.26515861912524374	-0.2986267667371487	0.19234640859816765	2.567413273151021
-69.33333333333334	0.0	-69.33333333333334	0.0	-3.8411267091369456	-0.2639030297005665	-0.2981341935574949	0.19235945803142393	2.5677884980143464
-70.4	0.0	-70.4	0.0	-3.9002127638637214	-0.26258240773844493	-0.29411608418453833	0.19237058653659372	2.567778410459031
-71.46666666666667	0.0	-71.46666666666667	0.0	-3.959355932359017	-0.27684618948838724	-0.3081980967728905	0.1922445886781556	2.56654269566461
-72.53333333333333	0.0	-72.53333333333333	0.0	-4.018561344068946	-0.26864498555589433	-0.3014335324200628	0.19232149019025574	2.567132291809782
-73.6	0.0	-73.6	0.0	-4.077834543988736	-0.26324850833236907	-0.2966608202524716	0.19236277404694696	2.5680493579021673
-74.66666666666666	0.0	-74.66666666666666	0.0	-4.137181515919814	-0.2620805303987309	-0.29422292641932335	0.19236802172199827	2.56773682612197
-75.73333333333332	0.0	-75.73333333333332	0.0	-4.19660870650064	-0.2610697358934674	-0.29392653472762714	0.192395665916133	2.567626914694823
-76.80000000000001	0.0	-76.80000000000001	0.0	-4.256123050023082	-0.2617461064772157	-0.2933782439020307	0.19237484691899745	2.567644267436249
-77.86666666666667	0.0	-77.86666666666667	0.0	-4.315731994046186	-0.255480135642904	-0.2907684860280947	0.19242417935705544	2.5683519416357963
-78.93333333333334	0.0	-78.93333333333334	0.0	-4.375443525819141	-0.26270243891522976	-0.2971589308561059	0.192361325302301	2.568164817484738
-80.0	0.0	-80.0	0.0	-4.435266199525242	-0.25554111169533944	-0.2897206358542182	0.19241755805745103	2.568080103482992
-80.0	0.0	-80.0	0.0	-4.380060909566294	-0.2666550542987436	-0.28424510009878606	0.19234417645826865	2.567523527984305
-78.93333333333334	0.0	-78.93333333333334	0.0	-4.318197730509417	-0.2515319201505375	-0.287935471238483	0.1924531005927673	2.568063662914117
-77.86666666666666	0.0	-77.86666666666666	0.0	-4.256627645195748	-0.26205175940320474	-0.29387978856704833	0.19237941851321375	2.567917511407938
-76.8	0.0	-76.8	0.0	-4.195328882143961	-0.2660848069431785	-0.2961846447159227	0.19233564496201982	2.567509577109935
-75.73333333333333	0.0	-75.73333333333333	0.0	-4.1342809326230165	-0.2618314965597975	-0.29397050144477405	0.1923761132291325	2.5675565164364667
-74.66666666666667	0.0	-74.66666666666667	0.0	-4.073464498932334	-0.27083384555010903	-0.30384754879515596	0.19232036338886435	2.567373888759533
-73.6	0.0	-73.6	0.0	-4.012861444010001	-0.2605116687243708	-0.2940915521085323	0.1923939381539996	2.5685176136346515
-72.53333333333333	0.0	-72.53333333333333	0.0	-3.9524547423527756	-0.26784995741991435	-0.30064245345467366	0.1923200307141678	2.5669877714827574
-71.46666666666667	0.0	-71.46666666666667	0.0	-3.8922284322315646	-0.27142039396580275	-0.3028847774920481	0.19230210920632437	2.567542855311028
-70.4	0.0	-70.4	0.0	-3.832167569186148	-0.2763764528169316	-0.30899853355554907	0.19226337943278682	2.5667484603301154
-69.33333333333333	0.0	-69.33333333333333	0.0	-3.7722581807828357	-0.26365333051224005	-0.29800523382111366	0.19236761392720908	2.5673909302891467
-68.26666666666667	0.0	-68.26666666666667	0.0	-3.712487222618799	-0.2713805373908738	-0.3037311877714741	0.1922989756253121	2.5669872885678755
-67.2	0.0	-67.2	0.0	-3.652842535556789	-0.26344647123966913	-0.29483988774114206	0.19236263453820332	2.567978970375253
-66.13333333333333	0.0	-66.13333333333333	0.0	-3.5933128041739804	-0.26699660389762914	-0.2975514869979739	0.19231921512458947	2.5672821778577175
-65.06666666666666	0.0	-65.06666666666666	0.0	-3.533887516408651	-0.2646631269934142	-0.2991671377586803	0.1923572473544083	2.5670544995880107
-64.0	0.0	-64.0	0.0	-3.474556924388418	-0.26044794542282873	-0.2945080608285477	0.19239206015168062	2.567869498937223
-62.93333333333334	0.0	-62.93333333333334	0.0	-3.4153120064237723	-0.2638030985143152	-0.2976689211658377	0.19236894462599502	2.5682025063084173
-61.86666666666667	0.0	-61.86666666666667	0.0	-3.356144430150613	-0.2619879395186863	-0.29510662845908275	0.19238896949643575	2.5679462716720196
-60.8	0.0	-60.8	0.0	-3.2970465168055205	-0.25722218132539626	-0.291083507502795	0.19242442618021743	2.568298080529289
-59.733333333333334	0.0	-59.733333333333334	0.0	-3.2380112066174873	-0.2719899867034169	-0.3035762257515569	0.19230003803805254	2.5673842553323323
-58.66666666666667	0.0	-58.66666666666667	0.0	-3.179032025299821	-0.26817942341530776	-0.30165856002363917	0.19232762857497826	2.5673806924936513
-57.6	0.0	-57.6	0.0	-3.1201030516259602	-0.27374874124082654	-0.3043960864439141	0.1922747011039095	2.567312558569516
-56.53333333333333	0.0	-56.53333333333333	0.0	-3.061218886072913	-0.26760573126691745	-0.30080399384842815	0.1923352908244396	2.567479303712555
-55.46666666666667	0.0	-55.46666666666667	0.0	-3.002374620516045	-0.2766219560115055	-0.3077873615685755	0.19226566522989505	2.5672119513024296
-54.4	0.0	-54.4	0.0	-2.943565808958942	-0.27592647272987125	-0.3073846856770687	0.1922692173371383	2.5670893445796072
-53.33333333333333	0.0	-53.33333333333333	0.0	-2.884788439282071	-0.26560563733436093	-0.29881361187072086	0.1923288734222297	2.5671716654698282
-52.266666666666666	0.0	-52.266666666666666	0.0	-2.826038905993961	-0.28071520694010355	-0.3109640829768789	0.1922270964279848	2.566580856671731
-51.2	0.0	-51.2	0.0	-2.7673139839686236	-0.2683654529593011	-0.30322497492926376	0.1923257934984266	2.5670704894363245
-50.13333333333333	0.0	-50.13333333333333	0.0	-2.7086108031529483	-0.27464195133804054	-0.30758658702351777	0.19225902246740695	2.5670460968690647
-49.06666666666666	0.0	-49.06666666666666	0.0	-2.649926824227785	-0.28115830817295556	-0.31245066668678595	0.1922217950957246	2.5661692307577444
-48.0	0.0	-48.0	0.0	-2.591259815206436	-0.2666563528032043	-0.30176646467116447	0.19234311404552817	2.5670983160649725
-46.93333333333334	0.0	-46.93333333333334	0.0	-2.532607828954294	-0.26414760999114373	-0.29693143502091024	0.19237651029247985	2.567360023736697
-45.86666666666667	0.0	-45.86666666666667	0.0	-2.473969181613334	-0.2719099301474207	-0.3033565424060081	0.19230700274379534	2.5675385841971816
-44.8	0.0	-44.8	0.0	-2.415342431915193	-0.2720036156345316	-0.3039779465447412	0.1922928479720315	2.567360732011858
-43.733333333333334	0.0	-43.733333333333334	0.0	-2.356726361366558	-0.2829187475467314	-0.31251542020674283	0.19220141608770336	2.566352223303701
-42.666666666666664	0.0	-42.666666666666664	0.0	-2.29811995529058	-0.2739351249224001	-0.30525190819781856	0.1922815584952341	2.5665289272247533
-41.6	0.0	-41.6	0.0	-2.2395223847080508	-0.27294825080095914	-0.3033809671675961	0.19229131337585093	2.5665763494661658
-40.53333333333333	0.0	-40.53333333333333	0.0	-2.180932989042046	-0.27559159808779965	-0.30889341908289725	0.19226299310088127	2.566726042348149
-39.46666666666667	0.0	-39.46666666666667	0.0	-2.122351259629783	-0.27349670259818276	-0.30601094307792587	0.19228778273149114	2.566297364173106
-38.4	0.0	-38.4	0.0	-2.0637768240253935	-0.27628115761354766	-0.30890417198760356	0.19226564376701133	2.5668622243448773
-37.333333333333336	0.0	-37.333333333333336	0.0	-2.0052094310773465	-0.27743866165996683	-0.30926250556149976	0.19224565109089597	2.5660070035517126
-36.266666666666666	0.0	-36.266666666666666	0.0	-1.946648936764245	-0.2724112387207181	-0.30379369842009024	0.19229360990440075	2.567234412210164
-35.2	0.0	-35.2	0.0	-1.8880952907727155	-0.27473416661762157	-0.3072673695550651	0.19227804931375814	2.566723863865457
-34.13333333333333	0.0	-34.13333333333333	0.0	-1.8295485238011158	-0.27524426424177173	-0.30574631645402417	0.19225643618992763	2.5662631952623425
-33.06666666666667	0.0	-33.06666666666667	0.0	-1.771008735572786	-0.2819423473125091	-0.31296972506485754	0.1922226106853031	2.5663430479209457
-32.0	0.0	-32.0	0.0	-1.7124760835425616	-0.2717626518398486	-0.30652911074632627	0.19229133483873434	2.566365637605981
-30.933333333333337	0.0	-30.933333333333337	0.0	-1.6539507722802793	-0.2685937536526335	-0.2976694255436034	0.19232380818168934	2.5669732303790864
-29.866666666666667	0.0	-29.866666666666667	0.0	-1.5954330435149888	-0.27674673048557596	-0.30668833314864696	0.19224232434393101	2.5664049468773777
-28.799999999999997	0.0	-28.799999999999997	0.0	-1.536923166823607	-0.2717349003312955	-0.30444052534450117	0.19229525181499965	2.567138784332086
-27.733333333333334	0.0	-27.733333333333334	0.0	-1.478421430947724	-0.2698052797771875	-0.30434660376567046	0.1922997268262397	2.5664417771857106
-26.666666666666664	0.0	-26.666666666666664	0.0	-1.4199281357222944	-0.2669229754752848	-0.2972602893241194	0.19232321795238932	2.567071519654742
-25.6	0.0	-25.6	0.0	-1.3614435845999364	-0.2643605325283442	-0.2995585778305984	0.19234831879481207	2.5669049354833304
-24.53333333333333	0.0	-24.53333333333333	0.0	-1.302968077754553	-0.25455714579463246	-0.2893758131655767	0.19244024432546383	2.5677611972263508
-23.46666666666667	0.0	-23.46666666666667	0.0	-1.2445019057480127	-0.2648324369510482	-0.2972982678967295	0.1923518709020554	2.5672520332376383
-22.4	0.0	-22.4	0.0	-1.1860453437435996	-0.26728243585057215	-0.29816111874502793	0.19232812222130213	2.5671841890624343
-21.333333333333336	0.0	-21.333333333333336	0.0	-1.1275986462499692	-0.25755718474476985	-0.292599484631854	0.1924156371293648	2.5675816387417747
-20.266666666666666	0.0	-20.266666666666666	0.0	-1.0691620423793182	-0.258725280724268	-0.2919620369875959	0.19242349254477883	2.5675428767739117
-19.200000000000003	0.0	-19.200000000000003	0.0	-1.010735731603509	-0.2658648445801421	-0.2947638018186204	0.19234948852197076	2.5672806754558617
-18.133333333333333	0.0	-18.133333333333333	0.0	-0.9523198799918556	-0.2690608181950752	-0.3015494963803968	0.19231132751484986	2.5661713663146664
-17.06666666666667	0.0	-17.06666666666667	0.0	-0.8939146169143085	-0.27208162248513934	-0.3046711869550347	0.1922934060070062	2.5660423099953094
-16.0	0.0	-16.0	0.0	-0.8355200321937496	-0.2608292120878992	-0.2965566501467005	0.1923754049539722	2.5667014566149327
-14.933333333333337	0.0	-14.933333333333337	0.0	-0.7771361736911329	-0.24553872110447073	-0.28176183372961233	0.19252008625262335	2.5681152274920733
-13.866666666666674	0.0	-13.866666666666674	0.0	-0.7187630453071814	-0.252735719636979	-0.28513431809964235	0.192461878912178	2.5673314781014507
-12.799999999999997	0.0	-12.799999999999997	0.0	-0.6604006053843748	-0.2501222379527306	-0.2833855008773603	0.19249733559595955	2.5676288892801207
-11.733333333333334	0.0	-11.733333333333334	0.0	-0.6020487654929477	-0.23668343579289502	-0.2729201880805931	0.19257245568871725	2.568500840391082
-10.666666666666671	0.0	-10.666666666666671	0.0	-0.5437073895846136	-0.2376032276715036	-0.27654032193356154	0.19257128596155862	2.5681582069165723
-9.599999999999994	0.0	-9.599999999999994	0.0	-0.4853762934977529	-0.23493541269730778	-0.27208585067321733	0.19259788920583668	2.568130991980111
-8.533333333333331	0.0	-8.533333333333331	0.0	-0.4270552447977797	-0.23094632114303926	-0.2692183772239135	0.1926337214900821	2.568019438642365
-7.466666666666669	0.0	-7.466666666666669	0.0	-0.36874396293640566	-0.22001347162039026	-0.25984140433101954	0.19273836377929357	2.56801969619697
-6.400000000000006	0.0	-6.400000000000006	0.0	-0.31044211971353775	-0.22351088070467623	-0.26328190457932066	0.19268914938709533	2.568313737702905
-5.333333333333329	0.0	-5.333333333333329	0.0	-0.2521493400255208	-0.20993377172263183	-0.2534389295567253	0.19280480213561685	2.5692098882151817
-4.266666666666666	0.0	-4.266666666666666	0.0	-0.1938652028834597	-0.20302024422586545	-0.246265389956041	0.1928667332863746	2.568771015170407
-3.200000000000003	0.0	-3.200000000000003	0.0	-0.1355892426853284	-0.1991935301178135	-0.24269041401026192	0.1928936048166982	2.568941226569156
-2.13333333333334	0.0	-2.13333333333334	0.0	-0.07732095072560852	-0.1913743011255516	-0.2336109381475719	0.19294882881631692	2.569328610156065
-1.0666666666666629	0.0	-1.0666666666666629	0.0	-0.01905977692616606	-0.19284507742165397	-0.2384163275555126	0.19294308749494188	2.568551610842345
0.0	0.0	0.0	0.0	0.0391948682279	-0.18100090312799444	-0.22853987043443094	0.19303453011071162	2.568720899337094
1.0666666666666629	0.0	1.0666666666666629	0.0	0.0974436115637267	-0.17875510210346934	-0.22630001462867566	0.19306749709999035	2.569244861984081
2.1333333333333258	0.0	2.1333333333333258	0.0	0.1556871149237345	-0.16421692811756697	-0.21380679200214803	0.19318100356014722	2.5691002236111977
3.200000000000003	0.0	3.200000000000003	0.0	0.2139260727125422	-0.15184544296707408	-0.20263633762610644	0.1932893052710201	2.5692040610422695
4.266666666666666	0.0	4.266666666666666	0.0	0.27216120930401666	-0.1478849936310299	-0.20200840877074516	0.193327949193023	2.5699310625685383
5.333333333333329	0.0	5.333333333333329	0.0	0.33039327632474647	-0.14706165595152224	-0.2022009844942503	0.19332016889770165	2.568908334699967
6.400000000000006	0.0	6.400000000000006	0.0	0.38862304983020113	-0.14180856152218768	-0.19755055710622693	0.193361924937833	2.5687611422439303
7.466666666666669	0.0	7.466666666666669	0.0	0.44685132738985966	-0.13467964325660134	-0.19142170190408156	0.1934339436439041	2.5692396250404714
8.533333333333331	0.0	8.533333333333331	0.0	0.5050789250975919	-0.12790716983115036	-0.18590407743382187	0.1934792195969532	2.568796448687525
9.599999999999994	0.0	9.599999999999994	0.0	0.5633066745235548	-0.11201467715580365	-0.1721596223479972	0.19361700057851258	2.569394887540759
10.666666666666671	0.0	10.666666666666671	0.0	0.621535419623892	-0.10654985137931072	-0.1680939404934412	0.19367339430528996	2.5689175852028203
11.733333333333334	0.0	11.733333333333334	0.0	0.6797660136245051	-0.10503185673918924	-0.1713006777445223	0.19367419916342668	2.568094097283126
12.799999999999997	0.0	12.799999999999997	0.0	0.7379993158951843	-0.09059701580659602	-0.15828377148849743	0.193792824521333	2.56839814049284
13.86666666666666	0.0	13.86666666666666	0.0	0.7962361888303604	-0.08542027558582875	-0.15034875023897043	0.1938324128102162	2.5679441897723065
14.933333333333337	0.0	14.933333333333337	0.0	0.8544774947527677	-0.09388180283405236	-0.1567477051003467	0.19375714247727288	2.567558533947531
16.0	0.0	16.0	0.0	0.9127240928562825	-0.07087624223269136	-0.14374598383450066	0.19394833384478308	2.5680658092024817
17.066666666666663	0.0	17.066666666666663	0.0	0.9709768362042303	-0.08040767276773698	-0.14815160557166865	0.19387244108821416	2.5680494437537016
18.133333333333326	0.0	18.133333333333326	0.0	1.0292365687994187	-0.08029496043427495	-0.14863748233162524	0.19388142330501956	2.56671373338438
19.200000000000003	0.0	19.200000000000003	0.0	1.0875041227421884	-0.06972276247695558	-0.14403294258883484	0.19395926918400022	2.567549369296214
20.266666666666666	0.0	20.266666666666666	0.0	1.1457803154927464	-0.07920278940567126	-0.1464488262348052	0.19388657439709442	2.5663608835772544
21.33333333333333	0.0	21.33333333333333	0.0	1.2040659472540736	-0.06571302362862046	-0.13697676203592174	0.1940061333904392	2.5668369839937077
22.400000000000006	0.0	22.400000000000006	0.0	1.2623617984916657	-0.05844814872658457	-0.13415495087157273	0.19405240736757798	2.5668848998814466
23.46666666666667	0.0	23.46666666666667	0.0	1.3206686276063948	-0.06574443455883498	-0.13948891744648184	0.19399935111920738	2.5664716964455137
24.53333333333333	0.0	24.53333333333333	0.0	1.3789871687767694	-0.05633565367237901	-0.12864572912025998	0.194072840032808	2.566644848259317
25.599999999999994	0.0	25.599999999999994	0.0	1.4373181299868607	-0.05892598763661613	-0.1325332690405621	0.1940536629462711	2.5661789105182695
26.66666666666667	0.0	26.66666666666667	0.0	1.4956621912561816	-0.05564164059827452	-0.13101048817738775	0.19410064519857012	2.566273068188821
27.733333333333334	0.0	27.733333333333334	0.0	1.5540200030877847	-0.04914970852494783	-0.12246994532302487	0.19412757038610284	2.5662488043988594
28.799999999999997	0.0	28.799999999999997	0.0	1.6123921851508696	-0.044759808350049834	-0.1210357095863282	0.19416330608737184	2.5662625835701607
29.86666666666666	0.0	29.86666666666666	0.0	1.670779325214162	-0.03136178566913976	-0.1103566479313401	0.194275041859628	2.5672479230954197
30.933333333333337	0.0	30.933333333333337	0.0	1.7291819783463485	-0.041227189405144166	-0.12236702006450507	0.1941911005216923	2.5660936384815476
32.0	0.0	32.0	0.0	1.7876006663998416	-0.038212244482315166	-0.1168739813274607	0.19421080344887842	2.5657190789676156
33.06666666666666	0.0	33.06666666666666	0.0	1.8460358777941588	-0.03936563838651638	-0.11546581226295094	0.19420765913642438	2.565935864823873
34.133333333333326	0.0	34.133333333333326	0.0	1.9044880676151767	-0.028924213779246186	-0.10992507226700544	0.1942999280732144	2.566137358375532
35.2	0.0	35.2	0.0	1.9629576580465535	-0.029473169954235545	-0.11238003982409327	0.1942950667300688	2.566002056357033
36.266666666666666	0.0	36.266666666666666	0.0	2.021445039149582	-0.018785533877231194	-0.09751992258351525	0.1943750052402047	2.5662243474429456
37.33333333333333	0.0	37.33333333333333	0.0	2.079950570007767	-0.018428144670215765	-0.10233852239633943	0.19438250651803873	2.566451177928747
38.39999999999999	0.0	38.39999999999999	0.0	2.1384745802523812	-0.014027266230333305	-0.09938736516370357	0.1944296175476396	2.5659856587139287
39.46666666666667	0.0	39.46666666666667	0.0	2.1970173719853	-0.009761668346065502	-0.09277937254706627	0.1944575836850291	2.566128086409795
40.53333333333333	0.0	40.53333333333333	0.0	2.2555792221153697	-0.0048220071380415275	-0.09369275775490678	0.19449455350210765	2.5662063830093347
41.599999999999994	0.0	41.599999999999994	0.0	2.3141603851246044	0.004405358724404741	-0.08802154488928307	0.1945880565547074	2.567257742364686
42.66666666666667	0.0	42.66666666666667	0.0	2.3727610962804784	0.005352107984871453	-0.0834991865279696	0.19457072527616412	2.566180423651567
43.733333333333334	0.0	43.733333333333334	0.0	2.4313815753105863	0.004057359528983957	-0.08428261397533937	0.1945669048828751	2.566264622544105
44.8	0.0	44.8	0.0	2.490022030555963	0.006760899473006919	-0.08522492041889147	0.19458742339963975	2.5667133899782395
45.86666666666666	0.0	45.86666666666666	0.0	2.548682663619322	0.002698844845786972	-0.08982821531443042	0.1945735369139216	2.5661172798478833
46.93333333333334	0.0	46.93333333333334	0.0	2.607363674524507	0.010956088367477024	-0.0823413068810866	0.19462515514908788	2.5659160223879423
48.0	0.0	48.0	0.0	2.6660652674034075	0.0011457261965804027	-0.08842709680719803	0.1945335515616909	2.5655869105301297
49.06666666666666	0.0	49.06666666666666	0.0	2.724787656726653	0.005739953023779343	-0.08437152397083897	0.19457823728543983	2.5664272897392504
50.133333333333326	0.0	50.133333333333326	0.0	2.783531074094322	0.014695008549978968	-0.077788299521928	0.19465837969297034	2.566425433199817
51.19999999999999	0.0	51.19999999999999	0.0	2.8422957756029708	0.011302005663184267	-0.08390594036736877	0.19462997356646616	2.56617480037605
52.26666666666665	0.0	52.26666666666665	0.0	2.901082049805243	0.008259556054964225	-0.08422660658046752	0.19460837117407745	2.5663235918169205
53.33333333333334	0.0	53.33333333333334	0.0	2.9598902262783517	0.012245599879755176	-0.0810852881987366	0.19463833335964584	2.5659866352751353
54.400000000000006	0.0	54.400000000000006	0.0	3.0187206848176857	0.011010689943470129	-0.08334742247771551	0.19462389957039464	2.5657184350811058
55.46666666666667	0.0	55.46666666666667	0.0	3.0775738652718507	0.00357868356649027	-0.0882323426010029	0.19456189329954401	2.565301443446208
56.53333333333333	0.0	56.53333333333333	0.0	3.13645027803539	0.015237279036713012	-0.07945061059167878	0.19465734947455546	2.5665370723890946
57.599999999999994	0.0	57.599999999999994	0.0	3.195350515215478	0.02431855778162908	-0.07363023068472199	0.19474197762476783	2.5669754303246606
58.66666666666666	0.0	58.66666666666666	0.0	3.2542752624888656	0.01879050234991796	-0.07636929170117752	0.19469419051433212	2.566839334179467
59.73333333333332	0.0	59.73333333333332	0.0	3.3132253116653385	0.009353487040026741	-0.08047672959586488	0.19462526246350617	2.56634162063918
60.80000000000001	0.0	60.80000000000001	0.0	3.372201573973985	0.022529486921070638	-0.07027963845600993	0.1947330490651716	2.566829987093641
61.866666666666674	0.0	61.866666666666674	0.0	3.431205094088528	0.012526613415319816	-0.08313348045354164	0.19464308738837324	2.5660173486616302
62.93333333333334	0.0	62.93333333333334	0.0	3.490237064908026	0.0009693334873435702	-0.08967843658091343	0.19454920873530981	2.566013131204993
64.0	0.0	64.0	0.0	3.549298843109189	0.015160892633820122	-0.07934006600946496	0.19466009672366202	2.5661874742088417
65.06666666666666	0.0	65.06666666666666	0.0	3.6083919654866037	0.019019371809666855	-0.07640152895241235	0.1946886101645845	2.5659928487799486
66.13333333333333	0.0	66.13333333333333	0.0	3.667518166097146	0.020196471468853908	-0.07579465518590683	0.19472436732873713	2.5666716875953166
67.19999999999999	0.0	67.19999999999999	0.0	3.7266793942248477	0.024214977905158176	-0.06986529748724231	0.19474009962244904	2.567350569336452
68.26666666666665	0.0	68.26666666666665	0.0	3.7858778331825	0.024745014548214407	-0.06837841329696431	0.19475300954696131	2.5670631705930025
69.33333333333334	0.0	69.33333333333334	0.0	3.845115919966272	0.020964048576651826	-0.07249702262258893	0.19470376296043773	2.5670016794313595
70.4	0.0	70.4	0.0	3.9043963657796077	0.022764044044985568	-0.07104577755060357	0.1947313642288053	2.567179703319754
71.46666666666667	0.0	71.46666666666667	0.0	3.9637221774427083	0.020264830753263532	-0.07429490399688364	0.19471904453359312	2.5667547811493496
72.53333333333333	0.0	72.53333333333333	0.0	4.023096679703835	0.024374629565151816	-0.07613595796163042	0.19474869550734872	2.5668574917790328
73.6	0.0	73.6	0.0	4.082523538468745	0.029068315395161873	-0.06706549651007129	0.19479348854551592	2.5670938947109403
74.66666666666666	0.0	74.66666666666666	0.0	4.142006784964515	0.024441969362588183	-0.07040683823593234	0.19474049668579638	2.567141048666308
75.73333333333332	0.0	75.73333333333332	0.0	4.201550840854042	0.02867775530147282	-0.0684625692637366	0.19479258710440292	2.5674332443642514
76.80000000000001	0.0	76.80000000000001	0.0	4.261160544317486	0.016647615852470835	-0.0780030571356804	0.19467805042583117	2.5663452478665176
77.86666666666667	0.0	77.86666666666667	0.0	4.320841177116942	0.01889204325244257	-0.0749504233891707	0.19472089034158668	2.5664554168482674
78.93333333333334	0.0	78.93333333333334	0.0	4.380598492660622	0.027461657582702647	-0.07118331170900102	0.19475578899039345	2.5668779995643543
80.0	0.0	80.0	0.0	4.440438745082791	0.026602337378764104	-0.07032231740013813	0.19476440633817688	2.5671906064646466
