Hysterese	V-MOKE
Charge	2020_0446
Sample	1
Sample State	bFC
User	Meike Reginka
Sample Angle	165.0
Magnetic Field Angle	90.0
Detektor Averages	300
Hysteresus Points	150
Magnetic Field [kA/m]	80
Hysteresis Averages	100
Polarization	p-polarization
Measurement Method	Scan Both Angles
Max Voltage Correction	No
Training Effect Elimination	No
Magnetic field [kA/m]	Magnetic field transversal [kA/m]	Magnetic field longitudinal [kA/m]	Magnetic field transversal [V]	Magnetic field longitudinal [V]	Detector diff transversal [V]	Detector diff longitudinal [V]	Detector raw transversal [V]	Detector raw longitudinal [V]
80.0	80.0	0.0	-4.342489581062203	0.0	-5.564671138130749	-0.8444152883865716	0.1487391089008073	1.4799304251476544
78.93333333333334	78.93333333333334	0.0	-4.283945631442396	0.0	-5.5662123234166465	-0.846700774282956	0.1487306739875348	1.479838252793841
77.86666666666666	77.86666666666666	0.0	-4.225481927972428	0.0	-5.566647054124883	-0.8467072989995842	0.14873497729570564	1.4799582732391834
76.8	76.8	0.0	-4.167093947216811	0.0	-5.562558696733753	-0.8467125144803102	0.14876822330247194	1.4801624818456245
75.73333333333333	75.73333333333333	0.0	-4.108777426500553	0.0	-5.559157849162987	-0.8466979841080822	0.14878661699375567	1.4804015139807785
74.66666666666667	74.66666666666667	0.0	-4.050528351430542	0.0	-5.566965370152221	-0.8467123105829155	0.1487342582891035	1.4801483270738598
73.6	73.6	0.0	-3.992342943813344	0.0	-5.564649149406456	-0.8466902145442023	0.1487472755280343	1.48011011240953
72.53333333333333	72.53333333333333	0.0	-3.934217649963252	0.0	-5.562490391106553	-0.8467040902984795	0.14876620579140928	1.4803303001328454
71.46666666666667	71.46666666666667	0.0	-3.876149129394453	0.0	-5.562426463907615	-0.8467067087702843	0.148780553729126	1.4804923341729235
70.4	70.4	0.0	-3.818134243891202	0.0	-5.5638833322551156	-0.8467097994255295	0.14876229954658587	1.4802062232024935
69.33333333333333	69.33333333333333	0.0	-3.760170046949834	0.0	-5.5679152851880245	-0.846700473802585	0.14873326026501407	1.4800912358033653
68.26666666666667	68.26666666666667	0.0	-3.7022537735865026	0.0	-5.5667852429012274	-0.8467157983015078	0.14873612555998078	1.4801397741147275
67.2	67.2	0.0	-3.6443828305044987	0.0	-5.569996079563083	-0.8466891735943463	0.1487067857980378	1.4798198376396732
66.13333333333333	66.13333333333333	0.0	-3.586554786615013	0.0	-5.569165787909277	-0.8467059897636822	0.14871104618044145	1.4797517037155419
65.06666666666666	65.06666666666666	0.0	-3.5287673639052177	0.0	-5.571192216800068	-0.8466829493580887	0.1487024181012162	1.4798096427699414
64.0	64.0	0.0	-3.4710184286475108	0.0	-5.570433385817354	-0.8467140490764911	0.14870740822166353	1.4796970377508987
62.93333333333334	62.93333333333334	0.0	-3.4133059829438133	0.0	-5.569547022380022	-0.846702072787417	0.14871681969614195	1.4797819449185983
61.86666666666667	61.86666666666667	0.0	-3.3556281565987605	0.0	-5.571006970651326	-0.846722376675345	0.14870436049218616	1.479843521931774
60.8	60.8	0.0	-3.2979831993156687	0.0	-5.568248206707685	-0.8466989821321718	0.14872343026430457	1.4799397829649232
59.733333333333334	59.733333333333334	0.0	-3.2403694732091295	0.0	-5.574414257087188	-0.8467039937155028	0.14867308907071522	1.479650549144922
58.66666666666667	58.66666666666667	0.0	-3.1827854456281033	0.0	-5.5696887525321745	-0.8466921569351724	0.1487213269017073	1.4799098851680068
57.6	57.6	0.0	-3.1252296822833725	0.0	-5.572048092211178	-0.8467113769474769	0.14870536924771732	1.4799006024708288
56.53333333333333	56.53333333333333	0.0	-3.0677008406732234	0.0	-5.576990511399755	-0.8467047985736399	0.14866434294562983	1.4794499463029342
55.46666666666667	55.46666666666667	0.0	-3.0101976638012173	0.0	-5.577455343802294	-0.8467137485961197	0.14865217349060308	1.479229382979156
54.4	54.4	0.0	-2.9527189741799083	0.0	-5.569677956701697	-0.8466967070665055	0.14870243956409981	1.479800306415556
53.33333333333333	53.33333333333333	0.0	-2.895263668114395	0.0	-5.574468536719926	-0.8467013108550475	0.1486659741247868	1.4797672750376258
52.266666666666666	52.266666666666666	0.0	-2.837830710259539	0.0	-5.578256231305509	-0.8467137700590035	0.1486463033919262	1.479538330457784
51.2	51.2	0.0	-2.7804191284447413	0.0	-5.578418147299724	-0.8467212713368372	0.14862498001702484	1.4794334306139691
50.13333333333333	50.13333333333333	0.0	-2.7230280087601257	0.0	-5.57916444395839	-0.8466943783436304	0.14863941380627607	1.4795090336216097
49.06666666666666	49.06666666666666	0.0	-2.665656490897999	0.0	-5.576645903339946	-0.8467122569257068	0.14866853893938237	1.479490328718512
48.0	48.0	0.0	-2.6083037637434527	0.0	-5.571142927287776	-0.8466928759417748	0.14869873721667093	1.4798268667340664
46.93333333333334	46.93333333333334	0.0	-2.5509690612079656	0.0	-5.574014822091112	-0.8467027166739262	0.1486631410241457	1.479773563662533
45.86666666666667	45.86666666666667	0.0	-2.4936516582998802	0.0	-5.576791700708546	-0.846710389654829	0.1486669506859928	1.4796806293763516
44.8	44.8	0.0	-2.4363508674256087	0.0	-5.575541562856319	-0.8467171397317358	0.14868143813245308	1.4797562431154327
43.733333333333334	43.733333333333334	0.0	-2.3790660349154367	0.0	-5.580612512523597	-0.8466985314116151	0.14860940869494027	1.4795354866257022
42.666666666666664	42.666666666666664	0.0	-2.3217965377677903	0.0	-5.5837720743564265	-0.8467239220029674	0.1486101920901933	1.4792347487000668
41.6	41.6	0.0	-2.264541780605829	0.0	-5.581142495509445	-0.8467067624274935	0.14862310201470597	1.479387156636831
40.53333333333333	40.53333333333333	0.0	-2.207301192840227	0.0	-5.575285768209035	-0.846704530287594	0.14866615655929774	1.4798025814812223
39.46666666666667	39.46666666666667	0.0	-2.1500742260320136	0.0	-5.579792083064822	-0.846695655385207	0.14863381199364464	1.4796339690673066
38.4	38.4	0.0	-2.092860351449327	0.0	-5.579946476318327	-0.8467255961078916	0.14863885577130126	1.4795728535061272
37.333333333333336	37.333333333333336	0.0	-2.0356590578119564	0.0	-5.579454192887603	-0.8467001518593308	0.14862713703683117	1.4796184084766641
36.266666666666666	36.266666666666666	0.0	-1.978469849217529	0.0	-5.581083494042304	-0.8467045624819203	0.14861044964479717	1.4797195630472828
35.2	35.2	0.0	-1.9212922432432114	0.0	-5.589360225862345	-0.8466851493036631	0.14855045015356744	1.4791902239479455
34.13333333333333	34.13333333333333	0.0	-1.8641257692167834	0.0	-5.583494645122429	-0.8467282896997892	0.14860780971010873	1.4794342569349903
33.06666666666667	33.06666666666667	0.0	-1.8069699666509589	0.0	-5.587223112880596	-0.8467093272420891	0.14857510027543375	1.479459862155179
32.0	32.0	0.0	-1.7498243838348049	0.0	-5.59181578364873	-0.8467214537713481	0.14856044112590405	1.47936312893859
30.933333333333337	30.933333333333337	0.0	-1.6926885765761346	0.0	-5.585048826184376	-0.8466954300249285	0.1485936012811357	1.4794360920115415
29.866666666666667	29.866666666666667	0.0	-1.6355621070887316	0.0	-5.5873040708777095	-0.8467175582579664	0.1485659141612336	1.4795101389601168
28.799999999999997	28.799999999999997	0.0	-1.5784445430182759	0.0	-5.589810420578241	-0.8466953334419521	0.1485546246844364	1.4793720682296279
27.733333333333334	27.733333333333334	0.0	-1.5213354566008253	0.0	-5.588372911751789	-0.8467082648293491	0.1485632205693362	1.4792099054122483
26.666666666666664	26.666666666666664	0.0	-1.4642344239477312	0.0	-5.591716603663407	-0.8467081253206047	0.14854370007666104	1.4790783379355037
25.6	25.6	0.0	-1.4071410244508409	0.0	-5.588257012180101	-0.8467115701134298	0.14854678000046412	1.4793296468401038
24.53333333333333	24.53333333333333	0.0	-1.3500548403018546	0.0	-5.588233649831259	-0.8467238576143165	0.1485681892269	1.479538845566992
23.46666666666667	23.46666666666667	0.0	-1.292975456119707	0.0	-5.595016436172301	-0.8467041332242465	0.14852250547906146	1.4794159169009153
22.4	22.4	0.0	-1.2359024586798253	0.0	-5.594998171258322	-0.846708855058649	0.14849970116518857	1.479169040081787
21.333333333333336	21.333333333333336	0.0	-1.1788354367391438	0.0	-5.595989423808022	-0.846731863269916	0.14849164185237987	1.4792384617789371
20.266666666666666	20.266666666666666	0.0	-1.121773980950723	0.0	-5.590270166277363	-0.8467230849505052	0.14853381641874244	1.4796584367546621
19.200000000000003	19.200000000000003	0.0	-1.0647176838618537	0.0	-5.601049717153573	-0.8467295774728079	0.1484623986734135	1.4791858884454492
18.133333333333333	18.133333333333333	0.0	-1.0076661399894944	0.0	-5.602569192732667	-0.846709498945158	0.14844014166307368	1.4791446689774093
17.06666666666667	17.06666666666667	0.0	-0.9506189459669213	0.0	-5.604006207912796	-0.8467336124949333	0.14842836927139436	1.4791030095202546
16.0	16.0	0.0	-0.8935757007554419	0.0	-5.603169971040213	-0.8466995938243556	0.14844192308241624	1.479183935323037
14.933333333333337	14.933333333333337	0.0	-0.8365360059150497	0.0	-5.611028455646666	-0.846737443619664	0.1483825782091377	1.4789289777282177
13.866666666666674	13.866666666666674	0.0	-0.77949946592787	0.0	-5.609853502275845	-0.8467172577775957	0.14838169823090822	1.479046229461571
12.799999999999997	12.799999999999997	0.0	-0.7224656885682738	0.0	-5.615241544586101	-0.8467386026153811	0.14835210091436182	1.4790446090138554
11.733333333333334	11.733333333333334	0.0	-0.6654342853135198	0.0	-5.611256090990605	-0.8467134373843066	0.1483774056541792	1.4791695444595538
10.666666666666671	10.666666666666671	0.0	-0.6084048717887804	0.0	-5.6206190700833645	-0.8467260039026812	0.14830662106391782	1.4789777735941851
9.599999999999994	9.599999999999994	0.0	-0.551377068240432	0.0	-5.626344508924515	-0.8467172041203868	0.14824745862515015	1.4787437423109189
8.533333333333331	8.533333333333331	0.0	-0.49435050003146297	0.0	-5.634498065255316	-0.8467447731944284	0.14818954103363408	1.4784045643606771
7.466666666666669	7.466666666666669	0.0	-0.4373247981528619	0.0	-5.637396670617343	-0.846722333749578	0.14814812839964087	1.4784217132047095
6.400000000000006	6.400000000000006	0.0	-0.3802995997448602	0.0	-5.639189980397429	-0.846733247625911	0.14814486604132696	1.4783379328384008
5.333333333333329	5.333333333333329	0.0	-0.3232745486218845	0.0	-5.650045982065181	-0.8467230098304128	0.14804917377459537	1.4780258517787601
4.266666666666666	4.266666666666666	0.0	-0.2662492957950903	0.0	-5.654504509810538	-0.8467409849954657	0.14801541265862164	1.477599459400825
3.200000000000003	3.200000000000003	0.0	-0.20922349998633066	0.0	-5.654945797429721	-0.8467184382361963	0.14801776284438098	1.477773705821699
2.13333333333334	2.13333333333334	0.0	-0.15219682812743746	0.0	-5.665214746304018	-0.8467345461303719	0.147924216866014	1.4772574698128245
1.0666666666666629	1.0666666666666629	0.0	-0.09516895583866962	0.0	-5.663261731206736	-0.8467339022438621	0.1479453256120789	1.4772791151309812
0.0	0.0	0.0	-0.0381395678802	0.0	-5.668746345761951	-0.8467456639040999	0.14790147694079203	1.4770385913254134
-1.0666666666666629	-1.0666666666666629	0.0	0.01889164142950607	0.0	-5.672047326535118	-0.8467290409007172	0.1478771487621805	1.476839297719326
-2.1333333333333258	-2.1333333333333258	0.0	0.07592496783454125	0.0	-5.676691862361582	-0.8467471770373972	0.1478435486178341	1.4765583914981797
-3.200000000000003	-3.200000000000003	0.0	0.13296069680778344	0.0	-5.673959358256079	-0.8467229990989705	0.14786007503824072	1.4764771008263742
-4.266666666666666	-4.266666666666666	0.0	0.1899991032686266	0.0	-5.682226463972803	-0.8467419400937879	0.1477941410596831	1.4759910416319073
-5.333333333333329	-5.333333333333329	0.0	0.2470404513583625	0.0	-5.68085932121038	-0.8467515661971022	0.14779401228238123	1.4759417091938496
-6.400000000000006	-6.400000000000006	0.0	0.3040849942793354	0.0	-5.681983858267522	-0.8467512013280803	0.1478029623048612	1.4757963196200377
-7.466666666666669	-7.466666666666669	0.0	0.36113297420401097	0.0	-5.682335570541815	-0.8467377548314765	0.1477991955687816	1.4756370542919495
-8.533333333333331	-8.533333333333331	0.0	0.4181846222601038	0.0	-5.688181008365426	-0.8467586274858216	0.14775598005256232	1.4753102174998027
-9.599999999999994	-9.599999999999994	0.0	0.4752401585978824	0.0	-5.687199478502014	-0.8467418113164855	0.14775248160252816	1.475251280421313
-10.666666666666671	-10.666666666666671	0.0	0.5322997925458017	0.0	-5.687451978596652	-0.8467631668857127	0.14774803878561354	1.474682331570208
-11.733333333333334	-11.733333333333334	0.0	0.5893637228605886	0.0	-5.690147405570659	-0.8467397830739807	0.14772222966803036	1.4747689450371584
-12.799999999999997	-12.799999999999997	0.0	0.6464321380779278	0.0	-5.690945728259279	-0.8467682321262526	0.14771832342320698	1.4742931021753054
-13.86666666666666	-13.86666666666666	0.0	0.7035052169698697	0.0	-5.6911140401928275	-0.8467216684001846	0.14771624152349344	1.474071701799065
-14.933333333333337	-14.933333333333337	0.0	0.7605831291151076	0.0	-5.6964435532193765	-0.8467567816778278	0.14767937902083314	1.4735971681731153
-16.0	-16.0	0.0	0.8176660355882505	0.0	-5.689948927554152	-0.8467342778443261	0.14774000093568865	1.4737742906203963
-17.066666666666663	-17.066666666666663	0.0	0.8747540897742391	0.0	-5.687422467131645	-0.8467567816778282	0.14776080920138246	1.4739120716019551
-18.133333333333326	-18.133333333333326	0.0	0.9318474383140274	0.0	-5.692183664462163	-0.8467317988812649	0.1477281426924746	1.4734116215440032
-19.200000000000003	-19.200000000000003	0.0	0.9889462221876749	0.0	-5.692360100097161	-0.8467571894726175	0.14771882780097256	1.4732112869880598
-20.266666666666666	-20.266666666666666	0.0	1.0460505779409777	0.0	-5.687175944450095	-0.846739793805423	0.14774847877472821	1.4733744692924144
-21.33333333333333	-21.33333333333333	0.0	1.1031606390617854	0.0	-5.691834720899855	-0.8467510510878944	0.1477134728115031	1.473077358594115
-22.400000000000006	-22.400000000000006	0.0	1.1602765375121282	0.0	-5.686393879895836	-0.8467459643844709	0.14775415570745246	1.4730833467386524
-23.46666666666667	-23.46666666666667	0.0	1.2173984054222904	0.0	-5.686739936700292	-0.8467590352806107	0.1477665290598738	1.4729895324742392
-24.53333333333333	-24.53333333333333	0.0	1.2745263769529795	0.0	-5.6864605221495585	-0.8467260360970066	0.14776138869924083	1.4727587098920798
-25.599999999999994	-25.599999999999994	0.0	1.3316605903317076	0.0	-5.68624166512503	-0.8467572431298264	0.14774604273743466	1.4728151143503
-26.66666666666667	-26.66666666666667	0.0	1.3888011900695343	0.0	-5.6897479705745875	-0.8467274419158851	0.1477323172233436	1.4723583197976806
-27.733333333333334	-27.733333333333334	0.0	1.4459483293643003	0.0	-5.68449277278265	-0.8467515769285443	0.1477831413318152	1.4725975772931141
-28.799999999999997	-28.799999999999997	0.0	1.5031021726964937	0.0	-5.689088834686402	-0.8467397079538885	0.1477448622788342	1.47238145678625
-29.86666666666666	-29.86666666666666	0.0	1.5602628986238758	0.0	-5.68826941398316	-0.8467586918744723	0.1477430915909334	1.472157373549555
-30.933333333333337	-30.933333333333337	0.0	1.6174307027810082	0.0	-5.686660727928199	-0.8467259717083556	0.14775925314231814	1.4721391193670137
-32.0	-32.0	0.0	1.6746058010898164	0.0	-5.691369770451452	-0.8467527466557034	0.14771830196032343	1.471821576003485
-33.06666666666666	-33.06666666666666	0.0	1.731788433187324	0.0	-5.68653727342147	-0.8467438180961062	0.14775976825152576	1.4718897313905006
-34.133333333333326	-34.133333333333326	0.0	1.788978866076694	0.0	-5.686366246433145	-0.8467529183587719	0.14775815853525232	1.47187158452238
-35.2	-35.2	0.0	1.8461773980077143	0.0	-5.688656980004584	-0.8467426161746222	0.14772324915500357	1.471585269654554
-36.266666666666666	-36.266666666666666	0.0	1.903384362592853	0.0	-5.691891651198725	-0.8467582626167993	0.14770724857524614	1.4712859697421237
-37.33333333333333	-37.33333333333333	0.0	1.9606001331650438	0.0	-5.690114857107614	-0.8467399977028178	0.14772920510521512	1.4712699262365994
-38.39999999999999	-38.39999999999999	0.0	2.0178251273833046	0.0	-5.689609728141022	-0.8467565026603406	0.14773673857737452	1.4713507447249647
-39.46666666666667	-39.46666666666667	0.0	2.0750598120923507	0.0	-5.696373337395533	-0.8467487438279032	0.14767094410756054	1.4707753892030917
-40.53333333333333	-40.53333333333333	0.0	2.1323047084423257	0.0	-5.6989901243638625	-0.8467555904877855	0.14764038096124993	1.4704383468097724
-41.599999999999994	-41.599999999999994	0.0	2.18956039727479	0.0	-5.697044803710366	-0.8467356407374373	0.14766039510024911	1.4705214618266877
-42.66666666666667	-42.66666666666667	0.0	2.246827524781106	0.0	-5.700823966799707	-0.8467420044824384	0.14764501694411744	1.4701610248901944
-43.733333333333334	-43.733333333333334	0.0	2.304106808439335	0.0	-5.700287019108112	-0.8467256390336589	0.14764414769732975	1.4700581532888837
-44.8	-44.8	0.0	2.3613990432358243	0.0	-5.698297302479797	-0.8467445585655919	0.14767304747015772	1.4704111855305186
-45.86666666666666	-45.86666666666666	0.0	2.4187051081775675	0.0	-5.6982746376746665	-0.8467334729861896	0.1476800551016679	1.4700999951805491
-46.93333333333334	-46.93333333333334	0.0	2.4760259731015175	0.0	-5.694799517795051	-0.846755515367693	0.1476813428746866	1.4704109709016826
-48.0	-48.0	0.0	2.53336270578696	0.0	-5.697807938001253	-0.8467583484683344	0.147665417415022	1.4702195863682193
-49.06666666666666	-49.06666666666666	0.0	2.5907164793770994	0.0	-5.696871458730608	-0.8467725783601908	0.14767936828939118	1.4701450779676455
-50.133333333333326	-50.133333333333326	0.0	2.6480885801159855	0.0	-5.6969293441278	-0.8467339451696299	0.14766203701084776	1.470155197717284
-51.19999999999999	-51.19999999999999	0.0	2.705480415406914	0.0	-5.688923473899356	-0.8467532295705847	0.14774681540124576	1.470578156033836
-52.26666666666665	-52.26666666666665	0.0	2.762893522198445	0.0	-5.687762192385419	-0.8467325930079598	0.14773926046620275	1.4707700020192962
-53.33333333333334	-53.33333333333334	0.0	2.820329575704172	0.0	-5.690055007856565	-0.846753100793283	0.14772710174261786	1.4704887845863377
-54.400000000000006	-54.400000000000006	0.0	2.877790398462363	0.0	-5.688771344980081	-0.8467398474626318	0.14773463521477725	1.4705214725581288
-55.46666666666667	-55.46666666666667	0.0	2.935277969741645	0.0	-5.690221280816165	-0.8467447839258705	0.147734044985477	1.4704509777167964
-56.53333333333333	-56.53333333333333	0.0	2.9927944352988205	0.0	-5.689346485873119	-0.8467311120689882	0.14773081482148837	1.4703659203089126
-57.599999999999994	-57.599999999999994	0.0	3.050342117494992	0.0	-5.689130955595557	-0.8467460287731218	0.14772840024707834	1.470362572099063
-58.66666666666666	-58.66666666666666	0.0	3.1079235257761075	0.0	-5.696118251023414	-0.8467553651275074	0.14767897122604384	1.469973492944345
-59.73333333333332	-59.73333333333332	0.0	3.1655413675240673	0.0	-5.693704685368877	-0.846751179865197	0.1477029667299592	1.4699903627708903
-60.80000000000001	-60.80000000000001	0.0	3.223198559284539	0.0	-5.687106275929783	-0.846742455202995	0.147736459559887	1.470358698048564
-61.866666666666674	-61.866666666666674	0.0	3.28089823837759	0.0	-5.694248994829556	-0.8467500745266885	0.1477012067735001	1.470117991808487
-62.93333333333334	-62.93333333333334	0.0	3.338643774897311	0.0	-5.688536895170586	-0.8467266263263068	0.1477372858809074	1.4702401048849847
-64.0	-64.0	0.0	3.39643878410653	0.0	-5.684111345145954	-0.8467589386976344	0.14778007213945388	1.4704821525552907
-65.06666666666666	-65.06666666666666	0.0	3.454287139232773	0.0	-5.686513492546392	-0.846743195672481	0.14774963777044514	1.4704180107275178
-66.13333333333333	-66.13333333333333	0.0	3.5121929846716027	0.0	-5.687719212960918	-0.8467457819499598	0.1477471373445004	1.4702839964820376
-67.19999999999999	-67.19999999999999	0.0	3.570160749603466	0.0	-5.691495789772776	-0.846731326697825	0.14772507350011344	1.4701356879560519
-68.26666666666665	-68.26666666666665	0.0	3.628195162030197	0.0	-5.691083691675351	-0.8467449985547065	0.14772070580329158	1.4700737138795268
-69.33333333333334	-69.33333333333334	0.0	3.6863012632373016	0.0	-5.683794392011725	-0.8467286223744854	0.1477744059381716	1.4704446139717953
-70.4	-70.4	0.0	3.7444844226881497	0.0	-5.682882992120622	-0.8467501281838982	0.14779863753380684	1.470718963281989
-71.46666666666667	-71.46666666666667	0.0	3.802750353356249	0.0	-5.6879019157579505	-0.8467305862283392	0.1477537264497796	1.4703455734952164
-72.53333333333333	-72.53333333333333	0.0	3.861105127501684	0.0	-5.689890387539008	-0.8467394718621687	0.14773174845692705	1.469980972759295
-73.6	-73.6	0.0	3.9195551928979	0.0	-5.689050222958725	-0.8467454278123795	0.14772821781256748	1.4701747611357265
-74.66666666666666	-74.66666666666666	0.0	3.9781073895149364	0.0	-5.682107473745876	-0.846730393062387	0.14778829242388986	1.4704333996150913
-75.73333333333332	-75.73333333333332	0.0	4.036768966665268	0.0	-5.688496008377241	-0.8467362524296216	0.1477471480759423	1.4701440692121144
-76.80000000000001	-76.80000000000001	0.0	4.09554760061838	0.0	-5.681843909534715	-0.8467439468734085	0.14778983775151242	1.4704977560717014
-77.86666666666667	-77.86666666666667	0.0	4.1544514126901975	0.0	-5.686084674862603	-0.8467201659983289	0.14775472447386906	1.4701810175663104
-78.93333333333334	-78.93333333333334	0.0	4.213488987813546	0.0	-5.683826790234588	-0.8467555260991354	0.14776852510805283	1.4704492821489885
-80.0	-80.0	0.0	4.272669393595734	0.0	-5.681179729868878	-0.8467266263263066	0.14779464543744886	1.4705644841769538
-80.0	-80.0	0.0	4.334632001425141	0.0	-5.683042193060061	-0.8445674387687311	0.14777741074188186	1.4704232691340102
-78.93333333333334	-78.93333333333334	0.0	4.2765525217646445	0.0	-5.681718491174135	-0.8467217435202774	0.14781081772027538	1.4705362497535175
-77.86666666666666	-77.86666666666666	0.0	4.2185409905834925	0.0	-5.686171545884159	-0.8467262399944013	0.14775280354578277	1.4702126753196862
-76.8	-76.8	0.0	4.160591136621887	0.0	-5.686015478525734	-0.8467236751798053	0.1477597682515257	1.470424073992148
-75.73333333333333	-75.73333333333333	0.0	4.1026972267289015	0.0	-5.679466755662283	-0.8467427234890404	0.14780067650775305	1.4705194550470653
-74.66666666666667	-74.66666666666667	0.0	4.044854034561523	0.0	-5.677985634256262	-0.84672546733059	0.14781945653094244	1.4706632563674884
-73.6	-73.6	0.0	3.9870568103551984	0.0	-5.6842592029513845	-0.8467531222561664	0.14777632686625775	1.4706165638641178
-72.53333333333333	-72.53333333333333	0.0	3.9293012517491834	0.0	-5.682670831515794	-0.8467364241326903	0.1477861461355254	1.4706065406974562
-71.46666666666667	-71.46666666666667	0.0	3.8715834756500076	0.0	-5.681297314276929	-0.8467503750070601	0.14780585979415334	1.470693368793243
-70.4	-70.4	0.0	3.813899991116364	0.0	-5.682531548132378	-0.8467360056064602	0.14779549322135266	1.47074994495453
-69.33333333333333	-69.33333333333333	0.0	3.7562476732487218	0.0	-5.681578370738258	-0.8467487438279032	0.14778331303488418	1.4706915444481319
-68.26666666666667	-68.26666666666667	0.0	3.6986237380669853	0.0	-5.691593832225268	-0.8467386026153805	0.14772641493034128	1.4701632677615357
-67.2	-67.2	0.0	3.641025718359479	0.0	-5.6860786974495126	-0.8467527573871447	0.14776249403774855	1.4702484646781642
-66.13333333333333	-66.13333333333333	0.0	3.583451440486598	0.0	-5.690475691107452	-0.8467302428222	0.1477400760557813	1.4702108402431329
-65.06666666666666	-65.06666666666666	0.0	3.5258990021224057	0.0	-5.684318740990616	-0.8467484111532064	0.14777850534894774	1.4704478763301103
-64.0	-64.0	0.0	3.4683667509174954	0.0	-5.685266670709684	-0.8467338485866531	0.14776004726901298	1.4705156561166621
-62.93333333333334	-62.93333333333334	0.0	3.4108532640664255	0.0	-5.687385572434659	-0.846740641589327	0.14774885437519195	1.470439537999813
-61.86666666666667	-61.86666666666667	0.0	3.353357328763028	0.0	-5.682001726118156	-0.8467527681185859	0.1477761229688631	1.4706869513910323
-60.8	-60.8	0.0	3.2958779235269047	0.0	-5.680977034395735	-0.8467511798651968	0.14780803827684344	1.4707316478462231
-59.733333333333334	-59.733333333333334	0.0	3.238414200384411	0.0	-5.6834473371831855	-0.8467319813157758	0.14777507128756462	1.4706032354133753
-58.66666666666667	-58.66666666666667	0.0	3.1809654678874364	0.0	-5.684108072056198	-0.8467562236428529	0.1477696089836769	1.4704051222658896
-57.6	-57.6	0.0	3.1235311749532944	0.0	-5.686302555325927	-0.8467380231175221	0.14776452228025305	1.4704386687530258
-56.53333333333333	-56.53333333333333	0.0	3.066110895509022	0.0	-5.690272383942126	-0.8467640468639419	0.14773035336949014	1.470218094697806
-55.46666666666667	-55.46666666666667	0.0	3.0087043139233947	0.0	-5.684690467403907	-0.8467369392418983	0.14776368522779082	1.4704570731757522
-54.4	-54.4	0.0	2.9513112112099673	0.0	-5.693140275917659	-0.8467532724963525	0.14771361232024685	1.4700970333026055
-53.33333333333333	-53.33333333333333	0.0	2.8939314519844546	0.0	-5.687702525568882	-0.8467420366767638	0.1477520416134134	1.4702315090000846
-52.266666666666666	-52.266666666666666	0.0	2.836564972159741	0.0	-5.688785542677614	-0.8467482609130209	0.14773297184129475	1.4702668154436807
-51.2	-51.2	0.0	2.7792117673618404	0.0	-5.689007071831157	-0.8467374221567799	0.14773731807523294	1.470442360369014
-50.13333333333333	-50.13333333333333	0.0	2.7218718820501118	0.0	-5.688906872358862	-0.8467438932161991	0.14774098822833623	1.4704490353258268
-49.06666666666666	-49.06666666666666	0.0	2.6645453993250308	0.0	-5.689839928299558	-0.8467378836087787	0.14772609298708658	1.470367755385463
-48.0	-48.0	0.0	2.60723243140683	0.0	-5.689335250053534	-0.8467562665686208	0.14773957167801577	1.4703354000883675
-46.93333333333334	-46.93333333333334	0.0	2.549933110768312	0.0	-5.690798868477937	-0.8467470589915363	0.1477207916548264	1.47017448211824
-45.86666666666667	-45.86666666666667	0.0	2.492647581905143	0.0	-5.694968409226455	-0.8467397723425389	0.14769663517928355	1.4700327734289729
-44.8	-44.8	0.0	2.435375993726936	0.0	-5.690471044393144	-0.8467355334230194	0.14773038556381546	1.470223524807369
-43.733333333333334	-43.733333333333334	0.0	2.378118492552427	0.0	-5.691221987766116	-0.8467505252472453	0.14772257307416864	1.4702849193860343
-42.666666666666664	-42.666666666666664	0.0	2.32087521569205	0.0	-5.694522571475938	-0.8467381089690569	0.14769987607471408	1.4702156371976292
-41.6	-41.6	0.0	2.2636462856012263	0.0	-5.696255323729811	-0.8467393538163083	0.1476740132999218	1.470004174136516
-40.53333333333333	-40.53333333333333	0.0	2.2064318045876616	0.0	-5.685650555846559	-0.846734513936046	0.14776954459502592	1.4705325903318567
-39.46666666666667	-39.46666666666667	0.0	2.1492318500559726	0.0	-5.692722576007601	-0.8467627912852487	0.1477029023413081	1.4703537401224436
-38.4	-38.4	0.0	2.092046470272937	0.0	-5.691323625251617	-0.8467503428127343	0.1477168102899101	1.4703981253658207
-37.333333333333336	-37.333333333333336	0.0	2.0348756806366817	0.0	-5.6941352522776745	-0.8467622225188322	0.14769544398924134	1.4703311182430812
-36.266666666666666	-36.266666666666666	0.0	1.977719460433113	0.0	-5.696967537329243	-0.8467343529644192	0.14766567496962585	1.4700732202332016
-35.2	-35.2	0.0	1.920577750062899	0.0	-5.695553412314523	-0.8467594108810746	0.14768313502547098	1.470254592331444
-34.13333333333333	-34.13333333333333	0.0	1.8634504487223043	0.0	-5.696980554568174	-0.8467462541334001	0.14765560887719617	1.4700738963140372
-33.06666666666667	-33.06666666666667	0.0	1.8063374125211922	0.0	-5.695532335762783	-0.8467557514594134	0.1476816111607322	1.4700083486673845
-32.0	-32.0	0.0	1.7492384530214933	0.0	-5.695352433872071	-0.8467394396678426	0.14767948633525138	1.4701480183827047
-30.933333333333337	-30.933333333333337	0.0	1.692153336179458	0.0	-5.697628486831094	-0.846765184396775	0.147669892426262	1.4701986922509906
-29.866666666666667	-29.866666666666667	0.0	1.635081781674985	0.0	-5.698344724721213	-0.8467607737741862	0.14764727054690036	1.4700064921279499
-28.799999999999997	-28.799999999999997	0.0	1.5780234626113472	0.0	-5.699291473981681	-0.8467553329331825	0.14765365575478467	1.470176274269024
-27.733333333333334	-27.733333333333334	0.0	1.5209780055686137	0.0	-5.693719741581752	-0.8467542275946746	0.14770704467785156	1.4704696611570094
-26.666666666666664	-26.666666666666664	0.0	1.4639449909940745	0.0	-5.69941236367381	-0.8467592499094468	0.14765286162808966	1.4701878749576331
-25.6	-25.6	0.0	1.4069239539129832	0.0	-5.699140246503516	-0.8467478209239061	0.14764557497909217	1.4703476124691626
-24.53333333333333	-24.53333333333333	0.0	1.3499143849429092	0.0	-5.702693019096164	-0.8467447517315451	0.14762307114559023	1.4700168050435412
-23.46666666666667	-23.46666666666667	0.0	1.2929157315950264	0.0	-5.702121934688139	-0.8467353939142761	0.14763003585133327	1.4702546674515375
-22.4	-22.4	0.0	1.235927399845624	0.0	-5.698715828710879	-0.8467500316009218	0.14766265943447357	1.4705289416416374
-21.333333333333336	-21.333333333333336	0.0	1.1789487559611669	0.0	-5.6974373491207935	-0.8467374758139892	0.14767533326726595	1.4704237842432186
-20.266666666666666	-20.266666666666666	0.0	1.1219791285601926	0.0	-5.69832588030937	-0.846748636513485	0.14766605057008955	1.4706450665735986
-19.200000000000003	-19.200000000000003	0.0	1.0650178108953703	0.0	-5.706175017829992	-0.846737196796502	0.1475870564268339	1.4701974366722979
-18.133333333333333	-18.133333333333333	0.0	1.0080640633390137	0.0	-5.703536081165745	-0.8467504715900366	0.14761539816468716	1.4705570902135379
-17.06666666666667	-17.06666666666667	0.0	0.9511171160553648	0.0	-5.7059607323996815	-0.8467406308578852	0.14760234873143097	1.4703610482343235
-16.0	-16.0	0.0	0.8941761718429497	0.0	-5.710571217361243	-0.8467451809892181	0.1475671388708113	1.470270474865342
-14.933333333333337	-14.933333333333337	0.0	0.8372404091303182	0.0	-5.7099854094150375	-0.8467365851043178	0.14756460625054116	1.4704277012194844
-13.866666666666674	-13.866666666666674	0.0	0.780308985108466	0.0	-5.713396677215811	-0.846762480073436	0.1475423814345267	1.4702895661003432
-12.799999999999997	-12.799999999999997	0.0	0.7233810389832572	0.0	-5.714237711042883	-0.8467603337850713	0.14753349580069766	1.4705222022961733
-11.733333333333334	-11.733333333333334	0.0	0.6664556953311475	0.0	-5.714429889703042	-0.8467577045818246	0.1475143831028118	1.4703804721440223
-10.666666666666671	-10.666666666666671	0.0	0.6095320675415111	0.0	-5.715829355568233	-0.846751931066124	0.1475136748276514	1.4707025441759995
-9.599999999999994	-9.599999999999994	0.0	0.5526092613288888	0.0	-5.717158949015719	-0.8467605591453493	0.14749866154054178	1.4708233587480388
-8.533333333333331	-8.533333333333331	0.0	0.49568637829845885	0.0	-5.721803452647853	-0.846752424712448	0.14747536358034508	1.4708219743920425
-7.466666666666669	-7.466666666666669	0.0	0.4387625195480302	0.0	-5.7223455728944055	-0.8467724173885629	0.14746310827378373	1.471007585409805
-6.400000000000006	-6.400000000000006	0.0	0.3818367892898798	0.0	-5.716559984321833	-0.8467462648648421	0.14749594648576084	1.4715829302002381
-5.333333333333329	-5.333333333333329	0.0	0.3249082984757282	0.0	-5.72511760090014	-0.846766987279001	0.14743059200506156	1.4715201834599003
-4.266666666666666	-4.266666666666666	0.0	0.26797616840817	0.0	-5.720082193768174	-0.8467385274952874	0.1474831009498991	1.4716929918675683
-3.200000000000003	-3.200000000000003	0.0	0.21103953432185357	0.0	-5.719670825408793	-0.8467610742545567	0.14747757425736052	1.4720128317596461
-2.13333333333334	-2.13333333333334	0.0	0.15409754891773225	0.0	-5.7179913333006835	-0.846739493325052	0.14748992614689826	1.472474176443597
-1.0666666666666629	-1.0666666666666629	0.0	0.09714938583368175	0.0	-5.715808482913888	-0.8467568997236881	0.14750457456498597	1.4726685872436545
0.0	0.0	0.0	0.0401942430348	0.0	-5.710713602131344	-0.8467460180416798	0.1475697788054996	1.4729548055285029
1.0666666666666629	1.0666666666666629	0.0	-0.01676865389331629	0.0	-5.713932068848336	-0.846767480925325	0.1475371981481265	1.4731358664149323
2.1333333333333258	2.1333333333333258	0.0	-0.07374004856499573	0.0	-5.700193043872075	-0.8467394396678428	0.1476507475340506	1.4735056397058108
3.200000000000003	3.200000000000003	0.0	-0.13072065074532263	0.0	-5.703425042937205	-0.846741628881975	0.14761097681065632	1.4736130721698961
4.266666666666666	4.266666666666666	0.0	-0.1877111334480573	0.0	-5.696494838779846	-0.8467333764032131	0.1476800443702262	1.4738481551344609
5.333333333333329	5.333333333333329	0.0	-0.244712130197352	0.0	-5.69694524812458	-0.8467454063494959	0.14767114800495526	1.4739017372234797
6.400000000000006	6.400000000000006	0.0	-0.30172423246994073	0.0	-5.6855286037416874	-0.8467574255643374	0.1477507001831856	1.474505777889345
7.466666666666669	7.466666666666669	0.0	-0.35874798733450286	0.0	-5.692348231122505	-0.8467506003673384	0.14770631493980768	1.4742563577185055
8.533333333333331	8.533333333333331	0.0	-0.4157838953049008	0.0	-5.6868761508913455	-0.8467509652363602	0.14775077530327838	1.474379028829979
9.599999999999994	9.599999999999994	0.0	-0.47283240842397	0.0	-5.67880260819077	-0.8467638215036638	0.147823953005066	1.4748388174548643
10.666666666666671	10.666666666666671	0.0	-0.5298939285945675	0.0	-5.672044686600435	-0.8467307793942923	0.1478991374864747	1.4749808480873865
11.733333333333334	11.733333333333334	0.0	-0.5869688061745607	0.0	-5.66769270060949	-0.8467417683907188	0.14790010331623868	1.4753338803290217
12.799999999999997	12.799999999999997	0.0	-0.6440573388524645	0.0	-5.664243990808193	-0.8467406737836523	0.1479287991916722	1.4755009259524317
13.86666666666666	13.86666666666666	0.0	-0.7011597708204031	0.0	-5.660722596951436	-0.8467409420696977	0.14795619656264508	1.4755791045061082
14.933333333333337	14.933333333333337	0.0	-0.7582762922611015	0.0	-5.659125887185546	-0.8467268516865846	0.14797865747037958	1.4757334548338414
16.0	16.0	0.0	-0.815407039165591	0.0	-5.651941616143038	-0.8467474238605587	0.14804878744268987	1.476066494399361
17.066666666666663	17.066666666666663	0.0	-0.8725520934983348	0.0	-5.646882052535535	-0.8467348895365103	0.14807204247711925	1.4761954755986264
18.133333333333326	18.133333333333326	0.0	-0.9297114837264504	0.0	-5.642450696800873	-0.8467451487948925	0.1481304859092847	1.4765569749478598
19.200000000000003	19.200000000000003	0.0	-0.9868851857297346	0.0	-5.64618380054191	-0.8467312730406157	0.14808727039306543	1.4764100722407523
20.266666666666666	20.266666666666666	0.0	-1.0440731241081747	0.0	-5.6406651673161186	-0.8467317881498231	0.1481136482770652	1.4764453357585805
21.33333333333333	21.33333333333333	0.0	-1.1012751739036517	0.0	-5.641495437507039	-0.8467331295800509	0.14811588041696433	1.4764497785754933
22.400000000000006	22.400000000000006	0.0	-1.1584911627525145	0.0	-5.639886354388732	-0.8467376475170586	0.1481321707456508	1.476580219250847
23.46666666666667	23.46666666666667	0.0	-1.2157208734857228	0.0	-5.635192797336025	-0.8467219366862305	0.1481709112506302	1.4767456980837514
24.53333333333333	24.53333333333333	0.0	-1.272964047193262	0.0	-5.630247931378712	-0.846730833051501	0.1482162837866558	1.477015744085773
25.599999999999994	25.599999999999994	0.0	-1.3302203867695057	0.0	-5.625207523394864	-0.8467170324173173	0.14826660351736154	1.4772637584377333
26.66666666666667	26.66666666666667	0.0	-1.3874895609562332	0.0	-5.630198427237582	-0.8467287511517876	0.14821150829504487	1.477049043749748
27.733333333333334	27.733333333333334	0.0	-1.4447712088999851	0.0	-5.623742112819669	-0.8467288262718804	0.14826988733855925	1.4772569654350598
28.799999999999997	28.799999999999997	0.0	-1.5020649452404609	0.0	-5.615812478753937	-0.8467281179967201	0.1483249610979925	1.477612766388685
29.86666666666666	29.86666666666666	0.0	-1.5593703657466396	0.0	-5.614665233965905	-0.8467072131480495	0.1483416270271429	1.4778605446489257
30.933333333333337	30.933333333333337	0.0	-1.616687053517327	0.0	-5.612400062688888	-0.8467239649287349	0.14837040875411092	1.477803002657873
32.0	32.0	0.0	-1.6740145857628108	0.0	-5.61187890094822	-0.8467203269699571	0.14836525766203607	1.47790249385501
33.06666666666666	33.06666666666666	0.0	-1.731352541184335	0.0	-5.607214458297176	-0.8467324320363325	0.14840105775195606	1.4780570910059052
34.133333333333326	34.133333333333326	0.0	-1.788700507968065	0.0	-5.6002845546201865	-0.8467188352995434	0.14846082115146564	1.478402654164033
35.2	35.2	0.0	-1.8460580924102532	0.0	-5.601209604905289	-0.8467197689349826	0.14844104310418665	1.4787864319864892
36.266666666666666	36.266666666666666	0.0	-1.9034249281902877	0.0	-5.596359368801971	-0.8467111086614313	0.14850213720248237	1.47884820216562
37.33333333333333	37.33333333333333	0.0	-1.9608006863083274	0.0	-5.595679639276932	-0.8467245873523599	0.14848555712486658	1.4790067162927805
38.39999999999999	38.39999999999999	0.0	-2.018185085704204	0.0	-5.592051875368826	-0.8467175046007577	0.1485242439726367	1.4791008954262153
39.46666666666667	39.46666666666667	0.0	-2.0755779045742972	0.0	-5.595445940668363	-0.8467169680286659	0.14850764243213732	1.4789805637690585
40.53333333333333	40.53333333333333	0.0	-2.132978992403061	0.0	-5.588806580047277	-0.8467012464663967	0.14854073819871794	1.4793923506546722
41.599999999999994	41.599999999999994	0.0	-2.1903882827259142	0.0	-5.587128643998234	-0.8467248127126384	0.14856965943442965	1.4793224031168746
42.66666666666667	42.66666666666667	0.0	-2.247805806640169	0.0	-5.581702183126258	-0.8466988211605443	0.14861295007074174	1.479611411576595
43.733333333333334	43.733333333333334	0.0	-2.3052317070806954	0.0	-5.588410267900771	-0.8467155514783457	0.1485486580027831	1.4794257898273924
44.8	44.8	0.0	-2.3626662538770318	0.0	-5.5789129526192776	-0.8467156909870898	0.1486208376804812	1.4796583187088017
45.86666666666666	45.86666666666666	0.0	-2.420109859608605	0.0	-5.5796651301080615	-0.84671286861789	0.1486275984888295	1.47972690335349
46.93333333333334	46.93333333333334	0.0	-2.4775630962747797	0.0	-5.578271620193085	-0.8467035429949463	0.1486256453664178	1.4797826853880836
48.0	48.0	0.0	-2.5350267127964097	0.0	-5.575542475028874	-0.8467063117069367	0.1486540944186893	1.4799751430657289
49.06666666666666	49.06666666666666	0.0	-2.5925016533656065	0.0	-5.5757911439987815	-0.8467010425690021	0.14865819382946552	1.4798955479617308
50.133333333333326	50.133333333333326	0.0	-2.6499890766603915	0.0	-5.5772292215916535	-0.8467253814790553	0.14863971428664707	1.4796786977168233
51.19999999999999	51.19999999999999	0.0	-2.707490375940949	0.0	-5.578691165911133	-0.8467005489226775	0.14863031354361053	1.4795901096645785
52.26666666666665	52.26666666666665	0.0	-2.765007200044159	0.0	-5.57626635370557	-0.8467121174169624	0.14864556292244038	1.4798066916234414
53.33333333333334	53.33333333333334	0.0	-2.822541475293108	0.0	-5.579823762281084	-0.8467072131480496	0.14861153352042122	1.479442230396264
54.400000000000006	54.400000000000006	0.0	-2.8800954283382634	0.0	-5.579448279863154	-0.8467251775816605	0.1486387591883248	1.4793176598195883
55.46666666666667	55.46666666666667	0.0	-2.9376716099470257	0.0	-5.576665316518203	-0.8466984455600804	0.14864765555359571	1.4796748236663253
56.53333333333333	56.53333333333333	0.0	-2.9952729197583214	0.0	-5.575114827072245	-0.8467133837270979	0.14866911843724082	1.479774293400578
57.599999999999994	57.599999999999994	0.0	-3.052902632018954	0.0	-5.572745807632713	-0.8467059146435888	0.14868318735747016	1.4798167684473111
58.66666666666666	58.66666666666666	0.0	-3.110564422318395	0.0	-5.56286149509622	-0.8467023518049043	0.14876825549679734	1.480276782432477
59.73333333333332	59.73333333333332	0.0	-3.1682623953387075	0.0	-5.571147971065432	-0.8467004952654686	0.1486975352951868	1.4800184873592488
60.80000000000001	60.80000000000001	0.0	-3.2260011136363067	0.0	-5.573156972094702	-0.8467188889567525	0.14870506876734635	1.4799529504440392
61.866666666666674	61.866666666666674	0.0	-3.2837856274722257	0.0	-5.572503759962405	-0.8466954729506958	0.14868210348184616	1.479711825677729
62.93333333333334	62.93333333333334	0.0	-3.341621505707621	0.0	-5.565648396880318	-0.8467044551675014	0.14873656554909542	1.4801046501056427
64.0	64.0	0.0	-3.3995148677811597	0.0	-5.570648862437708	-0.8467027381368094	0.14871691627911832	1.4801185151284775
65.06666666666666	65.06666666666666	0.0	-3.4574724167850257	0.0	-5.569321479667236	-0.8467079321546521	0.14872300100663183	1.480043556007347
66.13333333333333	66.13333333333333	0.0	-3.51550147365621	0.0	-5.569157492504749	-0.8466913735399197	0.14873699480676816	1.4800598677989174
67.19999999999999	67.19999999999999	0.0	-3.5736100124997923	0.0	-5.570484714303587	-0.8467155407469042	0.14870633507748138	1.4796871111672107
68.26666666666665	68.26666666666665	0.0	-3.6318066970609046	0.0	-5.562419552859084	-0.8466981450797096	0.14875636505925793	1.480367591893178
69.33333333333334	69.33333333333334	0.0	-3.6901009183620634	0.0	-5.565730546067467	-0.8467173543605719	0.14874615945808475	1.4801124625952895
70.4	70.4	0.0	-3.748502833522565	0.0	-5.566183090969124	-0.8466957197738574	0.14874171664117014	1.4801154244732329
71.46666666666667	71.46666666666667	0.0	-3.8070234057766568	0.0	-5.565138503153562	-0.8467066229187497	0.1487513212816013	1.4801208867771196
72.53333333333333	72.53333333333333	0.0	-3.865674445707142	0.0	-5.56694970224716	-0.8467157446442988	0.14873144665134602	1.4802508552690323
73.6	73.6	0.0	-3.9244686537111386	0.0	-5.566107595275902	-0.8467008815973743	0.14874583751483006	1.480009172467748
74.66666666666666	74.66666666666666	0.0	-3.9834196637146766	0.0	-5.55766285200269	-0.8467035966521554	0.1488030575626278	1.4804969164985815
75.73333333333332	75.73333333333332	0.0	-4.042542088152829	0.0	-5.5612479798924355	-0.84672870822602	0.14878029617452215	1.4803720347100926
76.80000000000001	76.80000000000001	0.0	-4.1018515642320645	0.0	-5.565546748663374	-0.8466975333875258	0.14874423852999846	1.4801155210562085
77.86666666666667	77.86666666666667	0.0	-4.161364801491512	0.0	-5.5597727822423	-0.8467152295350912	0.14878627358761734	1.4803905035214684
78.93333333333334	78.93333333333334	0.0	-4.221099630679855	0.0	-5.564121441486275	-0.8466814147619083	0.14875813574715868	1.4802667378029297
80.0	80.0	0.0	-4.28107505396451	0.0	-5.565509650068995	-0.8466997011387747	0.1487377782020213	1.480172676715356
