Hysterese	V-MOKE
Charge	2020_0446
Sample	1
Sample State	bFC
User	Meike Reginka
Sample Angle	95.0
Magnetic Field Angle	0.0
Detektor Averages	300
Hysteresus Points	150
Magnetic Field [kA/m]	80
Hysteresis Averages	100
Polarization	p-polarization
Measurement Method	Scan Both Angles
Max Voltage Correction	No
Training Effect Elimination	No
Magnetic field [kA/m]	Magnetic field transversal [kA/m]	Magnetic field longitudinal [kA/m]	Magnetic field transversal [V]	Magnetic field longitudinal [V]	Detector diff transversal [V]	Detector diff longitudinal [V]	Detector raw transversal [V]	Detector raw longitudinal [V]
80.0	0.0	80.0	0.0	4.381030188287403	-5.793131408003027	-0.843684155255203	0.1469977607620336	1.937155920274472
78.93333333333334	0.0	78.93333333333334	0.0	4.319818714176459	-5.800289483596041	-0.8458806989617625	0.14693976805042472	1.9367184745114612
77.86666666666666	0.0	77.86666666666666	0.0	4.258793669369702	-5.795486133162047	-0.8458973326965878	0.14697962462535366	1.936745507013413
76.8	0.0	76.8	0.0	4.197942654193435	-5.8000225282492615	-0.845907699269388	0.1469420967733001	1.9367733980307082
75.73333333333333	0.0	75.73333333333333	0.0	4.137253993604595	-5.797153305574942	-0.8459056173696747	0.14696455768103484	1.9369529135895163
74.66666666666667	0.0	74.66666666666667	0.0	4.0767167056162315	-5.794661636486823	-0.8458976439084002	0.1469770061535489	1.9368974427667356
73.6	0.0	73.6	0.0	4.0163204706037074	-5.792318587136504	-0.845908429007432	0.14701940608018968	1.9372071307148488
72.53333333333333	0.0	72.53333333333333	0.0	3.9560556014798554	-5.799580575280687	-0.8459007023693199	0.14693706372708562	1.9368015036768425
71.46666666666667	0.0	71.46666666666667	0.0	3.89591301472721	-5.801386301338954	-0.8459007345636449	0.1469358618056014	1.936654611701175
70.4	0.0	70.4	0.0	3.8358842022755653	-5.797751046884461	-0.8458954546942685	0.14697249894798348	1.9365214345081574
69.33333333333333	0.0	69.33333333333333	0.0	3.775961204212982	-5.7959705611773575	-0.8459205340738081	0.14696779857646525	1.936779332518036
68.26666666666667	0.0	68.26666666666667	0.0	3.716136582318465	-5.800032326055646	-0.8458982019433751	0.14694926537643774	1.936735097514843
67.2	0.0	67.2	0.0	3.6564033944044745	-5.799749198426043	-0.8459008955352729	0.14693570083397406	1.9365958355943127
66.13333333333333	0.0	66.13333333333333	0.0	3.596755169457454	-5.799851243706338	-0.8458885651086184	0.14695393355363046	1.9366718142024166
65.06666666666666	0.0	65.06666666666666	0.0	3.5371858835645753	-5.797600441829919	-0.8458971073363092	0.14697027753952616	1.936870195635948
64.0	0.0	64.0	0.0	3.4776899366148504	-5.798177997297366	-0.8459047481228869	0.1469551676694401	1.9367847733590398
62.93333333333334	0.0	62.93333333333334	0.0	3.4182621297628257	-5.798254415894584	-0.8459072163545062	0.14694656105309836	1.9365036739719406
61.86666666666667	0.0	61.86666666666667	0.0	3.3588976436430196	-5.797479573600674	-0.8458847661782132	0.1469528389465646	1.9368710004940846
60.8	0.0	60.8	0.0	3.2995920173232944	-5.799915085053737	-0.8459145137349456	0.14693672032094718	1.9366846490068357
59.733333333333334	0.0	59.733333333333334	0.0	3.2403411279853396	-5.799927168657229	-0.8458996506880212	0.14694145288679095	1.936613842953692
58.66666666666667	0.0	58.66666666666667	0.0	3.181141171320454	-5.804593940031147	-0.8458936840063678	0.14690247629009143	1.9362274573908709
57.6	0.0	57.6	0.0	3.121988642628807	-5.8009584816792605	-0.8459206628511098	0.14693722469871281	1.9365268968120453
56.53333333333333	0.0	56.53333333333333	0.0	3.062880318610361	-5.800759188073165	-0.8459068300226	0.1469501775489926	1.9364421613474148
55.46666666666667	0.0	55.46666666666667	0.0	3.003813239835633	-5.803568829782494	-0.8458988672927681	0.14690306651939156	1.9364369029409219
54.4	0.0	54.4	0.0	2.9447846938844906	-5.806471652601163	-0.8459013677187126	0.14687681741269382	1.9360275198982762
53.33333333333333	0.0	53.33333333333333	0.0	2.885792199141142	-5.803891266683491	-0.8458909260258192	0.1469142164874453	1.9362578381026705
52.266666666666666	0.0	52.266666666666666	0.0	2.8268334892335334	-5.800504198284022	-0.845901947216571	0.14693557205667218	1.936618167724746
51.2	0.0	51.2	0.0	2.7679064981053	-5.806166257229778	-0.8458968819760311	0.14690617863752034	1.9363181273428305
50.13333333333333	0.0	50.13333333333333	0.0	2.7090093457084867	-5.806378525149024	-0.8459177438989339	0.1468861430356376	1.9361594629754837
49.06666666666666	0.0	49.06666666666666	0.0	2.6501403243051973	-5.807425988990996	-0.845909148014034	0.1468810563322137	1.936005552636864
48.0	0.0	48.0	0.0	2.591297885366365	-5.804967641029733	-0.845904479836841	0.14690004025279776	1.9360445185021227
46.93333333333334	0.0	46.93333333333334	0.0	2.532480627055822	-5.804629879629812	-0.8459001657972292	0.14689987928117051	1.9363157664256283
45.86666666666667	0.0	45.86666666666667	0.0	2.4736872822878553	-5.804639849139265	-0.8459082573043634	0.1469016499690712	1.936202152651055
44.8	0.0	44.8	0.0	2.4149167073464275	-5.804349241694712	-0.845890647008332	0.14691402332149248	1.9363202950940774
43.733333333333334	0.0	43.733333333333334	0.0	2.356167871054244	-5.805911911327144	-0.8459145137349455	0.14689918173745192	1.9361915714494164
42.666666666666664	0.0	42.666666666666664	0.0	2.2974398444798476	-5.8089755877272875	-0.8458921172158618	0.1468678673902138	1.936012774897211
41.6	0.0	41.6	0.0	2.2387317911709355	-5.808715189291459	-0.8459022906227098	0.14688208655062865	1.9360769703821945
40.53333333333333	0.0	40.53333333333333	0.0	2.1800429579020566	-5.808207817453532	-0.8458973648909126	0.14687956466180047	1.9359776938138926
39.46666666666667	0.0	39.46666666666667	0.0	2.1213726659248966	-5.804938226147697	-0.8458961629694295	0.14690043731614516	1.9362273286135692
38.4	0.0	38.4	0.0	2.0627203027093186	-5.807994079326756	-0.8459027306118245	0.1468787276093383	1.9361657194060664
37.333333333333336	0.0	37.333333333333336	0.0	2.0040853141633432	-5.800261367218465	-0.8459100923809144	0.14692535572405713	1.9364359585740396
36.266666666666666	0.0	36.266666666666666	0.0	1.9454671973202513	-5.810152268860245	-0.8459122064749536	0.1468629953156265	1.93601919229942
35.2	0.0	35.2	0.0	1.8868654934810003	-5.801880097902977	-0.8459022155026169	0.14692838199065103	1.9367909975952977
34.13333333333333	0.0	34.13333333333333	0.0	1.8282797818001153	-5.806639535277031	-0.8458823837981286	0.14690428990375945	1.9362712845992747
33.06666666666667	0.0	33.06666666666667	0.0	1.7697096733032631	-5.809331571115422	-0.8458937054692514	0.14687317945391598	1.9360528031752096
32.0	0.0	32.0	0.0	1.7111548053246695	-5.806698912344638	-0.8459043403280974	0.14690250848441674	1.93644025115077
30.933333333333337	0.0	30.933333333333337	0.0	1.652614836352576	-5.811737732075103	-0.845920587731017	0.14684562111131572	1.936289463661721
29.866666666666667	0.0	29.866666666666667	0.0	1.5940894412709112	-5.8104877981202625	-0.8458831886562654	0.14687629157204454	1.936085920404675
28.799999999999997	0.0	28.799999999999997	0.0	1.5355783069853621	-5.812026729803381	-0.8459166278289846	0.14685453893947029	1.9360608732194606
27.733333333333334	0.0	27.733333333333334	0.0	1.4770811284220267	-5.810349598612473	-0.8459071948916226	0.14686434747729613	1.9362304085373725
26.666666666666664	0.0	26.666666666666664	0.0	1.4185976048868278	-5.808017495332811	-0.8459052310377692	0.14688180753314126	1.9363968210057139
25.6	0.0	25.6	0.0	1.360127436773878	-5.805771640651078	-0.8459158444337311	0.14689447063449187	1.9365916503320018
24.53333333333333	0.0	24.53333333333333	0.0	1.3016703226109647	-5.80967915178461	-0.8459155868791278	0.14686422943143593	1.9365383150661442
23.46666666666667	0.0	23.46666666666667	0.0	1.243225956430354	-5.809593547073193	-0.8459253202968604	0.14687504672479312	1.936494927846856
22.4	0.0	22.4	0.0	1.1847940254530787	-5.808081368874542	-0.8459196970213457	0.1468903604922738	1.9366693996280062
21.333333333333336	0.0	21.333333333333336	0.0	1.1263742080749082	-5.810397042316771	-0.8458903894537281	0.1468578764178771	1.936657766745071
20.266666666666666	0.0	20.266666666666666	0.0	1.0679661721421683	-5.812254751479223	-0.8459111011364459	0.14684680156991622	1.936544163701938
19.200000000000003	0.0	19.200000000000003	0.0	1.0095695735056076	-5.815125927275961	-0.8458842510690058	0.14682573574961855	1.9364058998054958
18.133333333333333	0.0	18.133333333333333	0.0	0.9511840548404781	-5.809620150317471	-0.8459099850664963	0.14687165558917725	1.9368021153690262
17.06666666666667	0.0	17.06666666666667	0.0	0.8928092447210244	-5.814694458926042	-0.8459139771628544	0.14683830226799266	1.9367646626370654
16.0	0.0	16.0	0.0	0.8344447569375557	-5.814876990020002	-0.8458995970308123	0.14681993003959282	1.936876548649506
14.933333333333337	0.0	14.933333333333337	0.0	0.7760901900442883	-5.816165042056192	-0.8458986848582577	0.14683272191824512	1.9369341979549777
13.866666666666674	0.0	13.866666666666674	0.0	0.7177451271261349	-5.814775878375149	-0.8459102318896586	0.14683544770446796	1.9371252820080698
12.799999999999997	0.0	12.799999999999997	0.0	0.6594091357726295	-5.813891800734927	-0.8458946069103646	0.14683741155832156	1.9373264321535906
11.733333333333334	0.0	11.733333333333334	0.0	0.6010817682471681	-5.8219192089671	-0.8459132044990432	0.14675788084297478	1.937212507167202
10.666666666666671	0.0	10.666666666666671	0.0	0.5427625618397398	-5.817281262245922	-0.8458981053603988	0.1468053245472722	1.937581379016969
9.599999999999994	0.0	9.599999999999994	0.0	0.4844510393913435	-5.819827146578126	-0.8459263397838339	0.14678500992790208	1.9379403564773725
8.533333333333331	0.0	8.533333333333331	0.0	0.4261467099782665	-5.828074066452789	-0.8459192355693476	0.14672844449805564	1.937636120101705
7.466666666666669	0.0	7.466666666666669	0.0	0.36784906974439924	-5.825375774183812	-0.8459209847943646	0.14674607625696998	1.938365589859591
6.400000000000006	0.0	6.400000000000006	0.0	0.30955760286978407	-5.8346327158999225	-0.8459117879487222	0.14665332440529796	1.9382224860828878
5.333333333333329	0.0	5.333333333333329	0.0	0.25127178266356687	-5.841501053295172	-0.8459098884835202	0.1466122122516758	1.9383973656588276
4.266666666666666	0.0	4.266666666666666	0.0	0.19299107276954444	-5.849772752069	-0.8459266188013207	0.1465417710675529	1.9384388104871468
3.200000000000003	0.0	3.200000000000003	0.0	0.13471492847247593	-5.856746096622484	-0.8459250305479319	0.1464712225690116	1.9384142462168144
2.13333333333334	0.0	2.13333333333334	0.0	0.07644279809335723	-5.866224084577254	-0.84591171282863	0.14640408666896984	1.9385904672229821
1.0666666666666629	0.0	1.0666666666666629	0.0	0.018174124461827576	-5.875844103164546	-0.8459344420224096	0.14633699369469536	1.9384816289400175
0.0	0.0	0.0	0.0	-0.0400916535461	-5.882006032670384	-0.8459229808425431	0.14627989169275785	1.9386188840809284
-1.0666666666666629	0.0	-1.0666666666666629	0.0	-0.09835509941681445	-5.891040522328955	-0.8459463109970653	0.14620827005003414	1.9383332774882631
-2.1333333333333258	0.0	-2.1333333333333258	0.0	-0.156616777366191	-5.8967099215809125	-0.8459310079610267	0.1461457272070926	1.9385313691728652
-3.200000000000003	0.0	-3.200000000000003	0.0	-0.21487725067681432	-5.907535682045612	-0.8459474056041313	0.14605614113075804	1.9381239821783987
-4.266666666666666	0.0	-4.266666666666666	0.0	-0.27313708001714876	-5.91149878204779	-0.8459292050788002	0.14602840035364695	1.9384754583609698
-5.333333333333329	0.0	-5.333333333333329	0.0	-0.331396821754486	-5.917747282094813	-0.8459319952536744	0.14598723454281573	1.938343397237902
-6.400000000000006	0.0	-6.400000000000006	0.0	-0.3896570262734731	-5.929225160084745	-0.8459408701560612	0.14589006133711271	1.9381082284218032
-7.466666666666669	0.0	-7.466666666666669	0.0	-0.4479182363120456	-5.936323622518438	-0.8459403657782957	0.1458380138442735	1.9381026266091717
-8.533333333333331	0.0	-8.533333333333331	0.0	-0.506180985326591	-5.943027092772971	-0.8459450124926051	0.14577931285750423	1.9379680221343911
-9.599999999999994	0.0	-9.599999999999994	0.0	-0.564445795898144	-5.946825465143171	-0.8459618715877079	0.14574569125027428	1.9382671610751938
-10.666666666666671	0.0	-10.666666666666671	0.0	-0.6227131781914472	-5.95950067156012	-0.8459302674915411	0.1456491404681971	1.9382185905695055
-11.733333333333334	0.0	-11.733333333333334	0.0	-0.6809836284786798	-5.9663929293392	-0.8459562590436349	0.14557707883635868	1.9378435803350178
-12.799999999999997	0.0	-12.799999999999997	0.0	-0.7392576277396917	-5.973125911058746	-0.8459455705275798	0.14552581473877257	1.9375889446834536
-13.86666666666666	0.0	-13.86666666666666	0.0	-0.7975356403505398	-5.981379623936074	-0.8459734293505512	0.14546323970150551	1.9374550699467172
-14.933333333333337	0.0	-14.933333333333337	0.0	-0.8558181128721578	-5.985904128585748	-0.8459405482128071	0.1454297468715774	1.9375484227591313
-16.0	0.0	-16.0	0.0	-0.9141054729509707	-5.990807367280229	-0.845977228280956	0.1453914034299455	1.9374497256886902
-17.066666666666663	0.0	-17.066666666666663	0.0	-0.9723981283432802	-5.999020118244124	-0.8459452056585577	0.14533707013999808	1.9373965513944587
-18.133333333333326	0.0	-18.133333333333326	0.0	-1.0306964660752267	-6.000523904455269	-0.8459651446774643	0.1453149633698438	1.9374579674360084
-19.200000000000003	0.0	-19.200000000000003	0.0	-1.0890008517501555	-6.008280408170079	-0.8459648441970927	0.1452495445004937	1.9369829508951764
-20.266666666666666	0.0	-20.266666666666666	0.0	-1.147311629015197	-6.012575195576104	-0.8459723776692525	0.14520982743430844	1.9370437874388693
-21.33333333333333	0.0	-21.33333333333333	0.0	-1.2056291191988913	-6.020424161393659	-0.845968407035778	0.14515016061777522	1.9371200557959007
-22.400000000000006	0.0	-22.400000000000006	0.0	-1.263953621131659	-6.018185883109854	-0.8459689221449851	0.14517018548821614	1.9373604722870506
-23.46666666666667	0.0	-23.46666666666667	0.0	-1.322285411160945	-6.025045216825415	-0.845970166992237	0.14510523880230605	1.9373149817051658
-24.53333333333333	0.0	-24.53333333333333	0.0	-1.3806247433728562	-6.030885342585325	-0.8459566453755407	0.14507555563422503	1.9368814421869773
-25.599999999999994	0.0	-25.599999999999994	0.0	-1.438971850032102	-6.031950566963513	-0.8459512045345369	0.1450512703813806	1.9372766597264168
-26.66666666666667	0.0	-26.66666666666667	0.0	-1.497326942252062	-6.035710070051425	-0.8459929176489008	0.14501855021526378	1.9370421884540365
-27.733333333333334	0.0	-27.733333333333334	0.0	-1.555690210906793	-6.040327197775477	-0.8459854914911591	0.14499214013693854	1.9371935447095023
-28.799999999999997	0.0	-28.799999999999997	0.0	-1.614061827796803	-6.047277845329505	-0.8459702206494463	0.14493660492550697	1.9370338930495092
-29.86666666666666	0.0	-29.86666666666666	0.0	-1.6724419470803977	-6.052171275486156	-0.8459712401364193	0.14489272405989462	1.9367931868094288
-30.933333333333337	0.0	-30.933333333333337	0.0	-1.7308307069824265	-6.055157309904717	-0.8459849549190683	0.1448738689166128	1.9369727452940029
-32.0	0.0	-32.0	0.0	-1.7892282317922377	-6.062195021646254	-0.8459720128002308	0.14482815297444854	1.9369745481762297
-33.06666666666666	0.0	-33.06666666666666	0.0	-1.8476346341626735	-6.0699063567224325	-0.8459891938385887	0.14474869737919463	1.9367171652755582
-34.133333333333326	0.0	-34.133333333333326	0.0	-1.9060500177219062	-6.071841750792242	-0.8459632559437033	0.14473107635172197	1.9364756756402262
-35.2	0.0	-35.2	0.0	-1.9644744800099465	-6.0758708169673	-0.8459889577468682	0.14471593428731042	1.936916866676435
-36.266666666666666	0.0	-36.266666666666666	0.0	-2.0229081157516333	-6.076664750496214	-0.845981767680848	0.1447072632823178	1.9369640957518959
-37.33333333333333	0.0	-37.33333333333333	0.0	-2.0813510204779293	-6.080719679446063	-0.8459899235766322	0.1446706261399358	1.9370519004088869
-38.39999999999999	0.0	-38.39999999999999	0.0	-2.139803294507338	-6.084808906083981	-0.8459805764908046	0.14464451654198146	1.9372489618750746
-39.46666666666667	0.0	-39.46666666666667	0.0	-2.1982650472992535	-6.091344139525056	-0.845996995596794	0.14458392682145146	1.9366692708507045
-40.53333333333333	0.0	-40.53333333333333	0.0	-2.256736402191068	-6.091123404498209	-0.8459930035004355	0.14457723040175424	1.9369908277734746
-41.599999999999994	0.0	-41.599999999999994	0.0	-2.315217501530861	-6.096373719484109	-0.8459796106610409	0.1445381464906366	1.9369314399744284
-42.66666666666667	0.0	-42.66666666666667	0.0	-2.37370851221747	-6.098617824940829	-0.845991801578951	0.14452079374920962	1.9365653582995366
-43.733333333333334	0.0	-43.733333333333334	0.0	-2.432209631659771	-6.097895373545895	-0.8459972638828388	0.14453724504952375	1.936882461673951
-44.8	0.0	-44.8	0.0	-2.4907210941669966	-6.099036222394607	-0.8459833559342367	0.1445172094476409	1.9370296648614298
-45.86666666666666	0.0	-45.86666666666666	0.0	-2.549243177781886	-6.098544979913739	-0.8459743307916638	0.14453076325866282	1.9370299546103604
-46.93333333333334	0.0	-46.93333333333334	0.0	-2.6077762115685053	-6.10141591961875	-0.8460051085668112	0.14447868357149796	1.9370931091454853
-48.0	0.0	-48.0	0.0	-2.666320583366545	-6.099109485947929	-0.8459869616986895	0.1445164367838297	1.9368611168361647
-49.06666666666666	0.0	-49.06666666666666	0.0	-2.724876748023921	-6.102672700233472	-0.8459799969929468	0.14448763359397795	1.936696711147445
-50.133333333333326	0.0	-50.133333333333326	0.0	-2.7834452361194826	-6.103207415785161	-0.8460041105427216	0.14448762286253614	1.9367198481360148
-51.19999999999999	0.0	-51.19999999999999	0.0	-2.842026663187659	-6.100878971927162	-0.8460080704447541	0.14448548730561345	1.936984549880008
-52.26666666666665	0.0	-52.26666666666665	0.0	-2.9006217394568647	-6.0997231527171145	-0.8459978004549302	0.14449945964286642	1.9368862069471466
-53.33333333333334	0.0	-53.33333333333334	0.0	-2.9592312801134577	-6.105331329093467	-0.8459912542754181	0.14445778945426963	1.9366759887332858
-54.400000000000006	0.0	-54.400000000000006	0.0	-3.0178562161030937	-6.107460436419612	-0.845988292397475	0.14444705801244706	1.936499156034933
-55.46666666666667	0.0	-55.46666666666667	0.0	-3.076497605481298	-6.098510961243163	-0.8459934005637828	0.1445034195448989	1.9372229166657697
-56.53333333333333	0.0	-56.53333333333333	0.0	-3.135156645325031	-6.1035435567373675	-0.8459922201051825	0.144472459335241	1.9368447406559448
-57.599999999999994	0.0	-57.599999999999994	0.0	-3.193834684217122	-6.104801002701477	-0.8459801901588995	0.14447846894266184	1.9368729965422637
-58.66666666666666	0.0	-58.66666666666666	0.0	-3.25253323531534	-6.100894843729617	-0.8459953429547525	0.14450494340963776	1.9371533339969926
-59.73333333333332	0.0	-59.73333333333332	0.0	-3.311253990017958	-6.102187091759558	-0.8459877772882683	0.1444932461380513	1.9368457279485918
-60.80000000000001	0.0	-60.80000000000001	0.0	-3.3699988322376004	-6.099562664004654	-0.8459928103344826	0.14450589850795997	1.9372220796133082
-61.866666666666674	0.0	-61.866666666666674	0.0	-3.4287698532951953	-6.097886895706856	-0.8459660139242517	0.1445234658782233	1.9373253697408483
-62.93333333333334	0.0	-62.93333333333334	0.0	-3.4875693674458788	-6.102421863512312	-0.8459994209026453	0.14447535682453302	1.9372647263631098
-64.0	0.0	-64.0	0.0	-3.546399928048623	-6.09786590500665	-0.8459938190900143	0.14452618093300448	1.93746610186891
-65.06666666666666	0.0	-65.06666666666666	0.0	-3.605264344391439	-6.097932783352088	-0.8459830339909823	0.14453706261501273	1.9376132406677393
-66.13333333333333	0.0	-66.13333333333333	0.0	-3.6641656991839646	-6.098124575680344	-0.8459778292416984	0.14451607191480773	1.9376675417633604
-67.19999999999999	0.0	-67.19999999999999	0.0	-3.723107366729244	-6.099946377438456	-0.8459943985878722	0.14449421196781523	1.937342765408044
-68.26666666666665	0.0	-68.26666666666665	0.0	-3.782093031786535	-6.096116733646788	-0.8459973390029316	0.14452857404453107	1.9376069627742725
-69.33333333333334	0.0	-69.33333333333334	0.0	-3.8411267091369456	-6.098544432610206	-0.8459924561969022	0.14452706091123407	1.9375708300096575
-70.4	0.0	-70.4	0.0	-3.9002127638637214	-6.09839066178033	-0.8459827120477277	0.14452636336751543	1.9375378737518199
-71.46666666666667	0.0	-71.46666666666667	0.0	-3.959355932359017	-6.10054603967606	-0.8459821647441943	0.1445099549929689	1.9374238843767804
-72.53333333333333	0.0	-72.53333333333333	0.0	-4.018561344068946	-6.101358678108072	-0.8459966736535384	0.14449425489358256	1.9374923080498423
-73.6	0.0	-73.6	0.0	-4.077834543988736	-6.097097716206669	-0.8459815530520106	0.14454149470048525	1.9375703041690062
-74.66666666666666	0.0	-74.66666666666666	0.0	-4.137181515919814	-6.098863145700891	-0.8459795677352733	0.14450182056006738	1.9374783464440295
-75.73333333333332	0.0	-75.73333333333332	0.0	-4.19660870650064	-6.09525092092055	-0.8459895372447268	0.1445485989149718	1.9378707523457124
-76.80000000000001	0.0	-76.80000000000001	0.0	-4.256123050023082	-6.092829564239248	-0.8459866182925505	0.14455338513802465	1.9379839368626153
-77.86666666666667	0.0	-77.86666666666667	0.0	-4.315731994046186	-6.097999350485716	-0.8459863178121799	0.1445226824829704	1.937676459591516
-78.93333333333334	0.0	-78.93333333333334	0.0	-4.375443525819141	-6.097669712787251	-0.8459831305739585	0.1445204503430712	1.9378308743079002
-80.0	0.0	-80.0	0.0	-4.435266199525242	-6.095957929770698	-0.8459867578012948	0.1445430614909912	1.937775242513492
-80.0	0.0	-80.0	0.0	-4.380060909566294	-6.092113154646061	-0.8439264068229048	0.14457946254165338	1.9382252226005527
-78.93333333333334	0.0	-78.93333333333334	0.0	-4.318197730509417	-6.09906126957982	-0.8459775394927689	0.1445028185841569	1.9375514812200516
-77.86666666666666	0.0	-77.86666666666666	0.0	-4.256627645195748	-6.097595118535147	-0.8459641788477001	0.14454019619602476	1.93761960441274
-76.8	0.0	-76.8	0.0	-4.195328882143961	-6.092277442288921	-0.8459952141774507	0.14457284124204894	1.9377289578049113
-75.73333333333333	0.0	-75.73333333333333	0.0	-4.1342809326230165	-6.098428930101868	-0.8459834310543295	0.14452721115141956	1.9376688188049385
-74.66666666666667	0.0	-74.66666666666667	0.0	-4.073464498932334	-6.097486859750037	-0.8459836134888405	0.1445255477779369	1.9376280607888965
-73.6	0.0	-73.6	0.0	-4.012861444010001	-6.10304522077346	-0.8459798789470868	0.1444878482228145	1.9373803254544242
-72.53333333333333	0.0	-72.53333333333333	0.0	-3.9524547423527756	-6.102207266870185	-0.8459923810768089	0.14449419050493165	1.9373457165545453
-71.46666666666667	0.0	-71.46666666666667	0.0	-3.8922284322315646	-6.100064809630412	-0.8459866934126439	0.14450809845353357	1.9375575337532376
-70.4	0.0	-70.4	0.0	-3.832167569186148	-6.098700135099608	-0.8459914152470457	0.14452170592176455	1.9376309046209792
-69.33333333333333	0.0	-69.33333333333333	0.0	-3.7722581807828357	-6.096731688188986	-0.8459874231506874	0.14453476608646254	1.937737156626464
-68.26666666666667	0.0	-68.26666666666667	0.0	-3.712487222618799	-6.096398852520864	-0.8459871012074334	0.14454172006076355	1.9378576277923634
-67.2	0.0	-67.2	0.0	-3.652842535556789	-6.097058879118713	-0.8459929176489008	0.1445376421128709	1.9378278373098647
-66.13333333333333	0.0	-66.13333333333333	0.0	-3.5933128041739804	-6.1025447170582945	-0.8459935722668519	0.1445096974383651	1.9374752665202282
-65.06666666666666	0.0	-65.06666666666666	0.0	-3.533887516408651	-6.095780034659609	-0.8459927137515056	0.14454008888160655	1.9376500709760742
-64.0	0.0	-64.0	0.0	-3.474556924388418	-6.094667881686329	-0.8459899021137488	0.144551904199053	1.9379345936931154
-62.93333333333334	0.0	-62.93333333333334	0.0	-3.4153120064237723	-6.098149697985646	-0.846008821645682	0.14449851527598614	1.9375338816554606
-61.86666666666667	0.0	-61.86666666666667	0.0	-3.356144430150613	-6.099648504807789	-0.8459909645264889	0.14451526705667106	1.9375350835769458
-60.8	0.0	-60.8	0.0	-3.2970465168055205	-6.098550163200137	-0.8459750927240328	0.14451909818140168	1.9374782283981695
-59.733333333333334	0.0	-59.733333333333334	0.0	-3.2380112066174873	-6.1003768799586116	-0.8460023183919375	0.1444968411710617	1.9374244424117553
-58.66666666666667	0.0	-58.66666666666667	0.0	-3.179032025299821	-6.103341247596128	-0.845993239592155	0.14448778383416358	1.9372522564277133
-57.6	0.0	-57.6	0.0	-3.1201030516259602	-6.105034025229214	-0.8459822505957295	0.14445947429063571	1.937191097940766
-56.53333333333333	0.0	-56.53333333333333	0.0	-3.061218886072913	-6.10303759071832	-0.8459830661853082	0.14450046839839778	1.9370529520901854
-55.46666666666667	0.0	-55.46666666666667	0.0	-3.002374620516045	-6.104630705451199	-0.8459952678346605	0.1444800679274932	1.9369955925336442
-54.4	0.0	-54.4	0.0	-2.943565808958942	-6.098617159591437	-0.8459929283803427	0.14451011596459623	1.9373599035206361
-53.33333333333333	0.0	-53.33333333333333	0.0	-2.884788439282071	-6.102550072047763	-0.8460078772788016	0.14446766238074638	1.936984431834149
-52.266666666666666	0.0	-52.266666666666666	0.0	-2.826038905993961	-6.099709255499948	-0.8459907713605361	0.14449777480650036	1.9371305833403292
-51.2	0.0	-51.2	0.0	-2.7673139839686236	-6.10140424381005	-0.8459989594506467	0.14449492024297547	1.9371034005981929
-50.13333333333333	0.0	-50.13333333333333	0.0	-2.7086108031529483	-6.101293699227837	-0.8459884426376612	0.14450532974154343	1.937202591314959
-49.06666666666666	0.0	-49.06666666666666	0.0	-2.649926824227785	-6.100880109459994	-0.8459905567316998	0.1445046965864759	1.9371400592034589
-48.0	0.0	-48.0	0.0	-2.591259815206436	-6.0998889427618215	-0.8459994638284128	0.14449564998101946	1.9373571991972958
-46.93333333333334	0.0	-46.93333333333334	0.0	-2.532607828954294	-6.098432138802974	-0.8459931215462955	0.14451553534271658	1.9373473906594705
-45.86666666666667	0.0	-45.86666666666667	0.0	-2.473969181613334	-6.100403290036936	-0.84598826020315	0.14450045766695593	1.937172757906692
-44.8	0.0	-44.8	0.0	-2.415342431915193	-6.099255004299041	-0.8460041534684892	0.14449813967552244	1.9370681478118053
-43.733333333333334	0.0	-43.733333333333334	0.0	-2.356726361366558	-6.107146971003976	-0.8459855880741359	0.1444501701305756	1.9366931805030854
-42.666666666666664	0.0	-42.666666666666664	0.0	-2.29811995529058	-6.101098955753083	-0.8459950854001488	0.14449474853990643	1.9370285273285974
-41.6	0.0	-41.6	0.0	-2.2395223847080508	-6.099740988373417	-0.8459851266221375	0.14450184202295102	1.9370126126003742
-40.53333333333333	0.0	-40.53333333333333	0.0	-2.180932989042046	-6.097110003707558	-0.8459849334561846	0.14452788723225432	1.9374987039891673
-39.46666666666667	0.0	-39.46666666666667	0.0	-2.122351259629783	-6.10272216144883	-0.8459767453660745	0.14448409221817657	1.936938050542591
-38.4	0.0	-38.4	0.0	-2.0637768240253935	-6.100913613021359	-0.8459915118300221	0.14449497390018476	1.9368767203525754
-37.333333333333336	0.0	-37.333333333333336	0.0	-2.0052094310773465	-6.096536815936929	-0.8459951068630326	0.144528574044531	1.9373216673934215
-36.266666666666666	0.0	-36.266666666666666	0.0	-1.946648936764245	-6.105135448085877	-0.8459930464262025	0.1444607942579799	1.9368391925005222
-35.2	0.0	-35.2	0.0	-1.8880952907727155	-6.104907973713567	-0.845991436709929	0.14447521731578927	1.9364843359137764
-34.13333333333333	0.0	-34.13333333333333	0.0	-1.8295485238011158	-6.0995089316754445	-0.8460075767984304	0.14451843283200866	1.9369601895070714
-33.06666666666667	0.0	-33.06666666666667	0.0	-1.771008735572786	-6.099286007434465	-0.845972967898552	0.14451770309396475	1.937230589646674
-32.0	0.0	-32.0	0.0	-1.7124760835425616	-6.1035649552323665	-0.8459902777142123	0.14447436953188542	1.9369311072997322
-30.933333333333337	0.0	-30.933333333333337	0.0	-1.6539507722802793	-6.097311744082378	-0.8459756936847757	0.1445421493184365	1.936774074111543
-29.866666666666667	0.0	-29.866666666666667	0.0	-1.5954330435149888	-6.099148237184349	-0.846007126077874	0.1445008118045361	1.9370809933476667
-28.799999999999997	0.0	-28.799999999999997	0.0	-1.536923166823607	-6.099110934692574	-0.8459823579101474	0.1445112534974294	1.9369990802522365
-27.733333333333334	0.0	-27.733333333333334	0.0	-1.478421430947724	-6.09545686802056	-0.845979954067179	0.1445480730743226	1.9370243313348445
-26.666666666666664	0.0	-26.666666666666664	0.0	-1.4199281357222944	-6.093987014628459	-0.8459911147666744	0.14455901914498137	1.9371184568110706
-25.6	0.0	-25.6	0.0	-1.3614435845999364	-6.0997226376079	-0.8459937010441542	0.14449893380221707	1.9367578696343912
-24.53333333333333	0.0	-24.53333333333333	0.0	-1.302968077754553	-6.0966439801149654	-0.845971808902836	0.14453377879381504	1.936920794384141
-23.46666666666667	0.0	-23.46666666666667	0.0	-1.2445019057480127	-6.092655779270374	-0.8459968560880498	0.14455908353363248	1.9370863590685783
-22.4	0.0	-22.4	0.0	-1.1860453437435996	-6.095480058666343	-0.8459844076155355	0.1445411620257888	1.9369491253905513
-21.333333333333336	0.0	-21.333333333333336	0.0	-1.1275986462499692	-6.094879655959257	-0.8459957614809833	0.14456304343566498	1.9370812294393878
-20.266666666666666	0.0	-20.266666666666666	0.0	-1.0691620423793182	-6.092882480978874	-0.8459966629220967	0.1445565401819206	1.9370571480839383
-19.200000000000003	0.0	-19.200000000000003	0.0	-1.010735731603509	-6.088299447045495	-0.8459930464262027	0.1446085876747597	1.9370444957140287
-18.133333333333333	0.0	-18.133333333333333	0.0	-0.9523198799918556	-6.090291857265708	-0.84597312887018	0.1445943148571357	1.9371068561224591
-17.06666666666667	0.0	-17.06666666666667	0.0	-0.8939146169143085	-6.088635555803382	-0.8460014491451497	0.14459461533750687	1.937138385098535
-16.0	0.0	-16.0	0.0	-0.8355200321937496	-6.082216103888118	-0.8459784302024402	0.1446502042061474	1.9370686521895704
-14.933333333333337	0.0	-14.933333333333337	0.0	-0.7771361736911329	-6.077652848002021	-0.8459731288701802	0.14468772132675897	1.9375666018215785
-13.866666666666674	0.0	-13.866666666666674	0.0	-0.7187630453071814	-6.077351680818714	-0.8459818642638234	0.14469905372932357	1.9376418936174051
-12.799999999999997	0.0	-12.799999999999997	0.0	-0.6604006053843748	-6.065042845825579	-0.8459943341992215	0.1447892300349581	1.9382116902524122
-11.733333333333334	0.0	-11.733333333333334	0.0	-0.6020487654929477	-6.060092270741222	-0.8459782692308134	0.1448255130397601	1.9383581958961744
-10.666666666666671	0.0	-10.666666666666671	0.0	-0.5437073895846136	-6.056515781662149	-0.8459818213380563	0.14485749273639134	1.9385575860852375
-9.599999999999994	0.0	-9.599999999999994	0.0	-0.4853762934977529	-6.053732399790965	-0.8459684070357782	0.14488806661414377	1.9385107755360074
-8.533333333333331	0.0	-8.533333333333331	0.0	-0.4270552447977797	-6.0469578659286825	-0.8459756507590083	0.14494391303738813	1.9382610870791224
-7.466666666666669	0.0	-7.466666666666669	0.0	-0.36874396293640566	-6.039550241387525	-0.8459621720680791	0.1450060480855405	1.9383470781224466
-6.400000000000006	0.0	-6.400000000000006	0.0	-0.31044211971353775	-6.030654734631996	-0.8459677524178272	0.14506606903965386	1.9383850352321736
-5.333333333333329	0.0	-5.333333333333329	0.0	-0.2521493400255208	-6.02136758390716	-0.8459613994042678	0.14514470904532936	1.9385948778455708
-4.266666666666666	0.0	-4.266666666666666	0.0	-0.1938652028834597	-6.008336866285509	-0.8459695660314948	0.14525807599674256	1.9388597834869594
-3.200000000000003	0.0	-3.200000000000003	0.0	-0.1355892426853284	-6.002221586357267	-0.8459613028212916	0.14531351462519762	1.9391380390419761
-2.13333333333334	0.0	-2.13333333333334	0.0	-0.07732095072560852	-5.991369254842615	-0.8459703494267482	0.14540238169493008	1.9390700875523563
-1.0666666666666629	0.0	-1.0666666666666629	0.0	-0.01905977692616606	-5.985994476594457	-0.8459557332029864	0.14544762545365383	1.9390713002052817
0.0	0.0	0.0	0.0	0.0391948682279	-5.973471678114262	-0.8459583409433484	0.14554691275339585	1.939277354619716
1.0666666666666629	0.0	1.0666666666666629	0.0	0.0974436115637267	-5.969246967023338	-0.8459499167615177	0.14557032875945247	1.9392621696295382
2.1333333333333258	0.0	2.1333333333333258	0.0	0.1556871149237345	-5.964847397819361	-0.8459463861171581	0.14560768490843665	1.9390238243066589
3.200000000000003	0.0	3.200000000000003	0.0	0.2139260727125422	-5.958243311447543	-0.8459497987156576	0.14564774538076017	1.938826537480194
4.266666666666666	0.0	4.266666666666666	0.0	0.27216120930401666	-5.958432957487435	-0.8459466973289712	0.14565274623264954	1.9383154847577218
5.333333333333329	0.0	5.333333333333329	0.0	0.33039327632474647	-5.942447165656882	-0.8459313299042812	0.1458002391690583	1.9387083521114024
6.400000000000006	0.0	6.400000000000006	0.0	0.38862304983020113	-5.9384132810644426	-0.8459510113685837	0.14583867919366658	1.9389273057189067
7.466666666666669	0.0	7.466666666666669	0.0	0.44685132738985966	-5.937804303935341	-0.8459441432458172	0.14581419004342755	1.9385272482992049
8.533333333333331	0.0	8.533333333333331	0.0	0.5050789250975919	-5.930416124766765	-0.8459415676997799	0.14587913672933742	1.9384784095074712
9.599999999999994	0.0	9.599999999999994	0.0	0.5633066745235548	-5.925297988949788	-0.8459277777970384	0.14593732260689918	1.9383551910924652
10.666666666666671	0.0	10.666666666666671	0.0	0.621535419623892	-5.917875115029801	-0.8459400545664826	0.14598904815648373	1.9382699941758361
11.733333333333334	0.0	11.733333333333334	0.0	0.6797660136245051	-5.91536497713031	-0.8459356546753355	0.1460059287144706	1.9382201037028028
12.799999999999997	0.0	12.799999999999997	0.0	0.7379993158951843	-5.911063901099369	-0.8459301709085646	0.14606587454849115	1.9377244398679037
13.86666666666666	0.0	13.86666666666666	0.0	0.7962361888303604	-5.906635614557076	-0.8459376399920733	0.14607694939645197	1.9378366478236009
14.933333333333337	0.0	14.933333333333337	0.0	0.8544774947527677	-5.902375049719025	-0.8459436066737261	0.14611659134254432	1.9375923894762774
16.0	0.0	16.0	0.0	0.9127240928562825	-5.896648140670342	-0.845931233321305	0.1461649472193967	1.9377344630345668
17.066666666666663	0.0	17.066666666666663	0.0	0.9709768362042303	-5.895045603731539	-0.8459518269581626	0.1461745733227115	1.93767966829262
18.133333333333326	0.0	18.133333333333326	0.0	1.0292365687994187	-5.895249672829238	-0.8459262217379738	0.1461847681924429	1.9372676345838442
19.200000000000003	0.0	19.200000000000003	0.0	1.0875041227421884	-5.894350957502367	-0.8459195682440437	0.14619204410999853	1.9369847859717302
20.266666666666666	0.0	20.266666666666666	0.0	1.1457803154927464	-5.886544584777413	-0.845924011060958	0.1462572268876287	1.9369218997226494
21.33333333333333	0.0	21.33333333333333	0.0	1.2040659472540736	-5.884053548844357	-0.8459231632770539	0.14627696200914014	1.9370033835604084
22.400000000000006	0.0	22.400000000000006	0.0	1.2623617984916657	-5.885691574661263	-0.8459148034838748	0.14624615203966762	1.9367392720457126
23.46666666666667	0.0	23.46666666666667	0.0	1.3206686276063948	-5.875281163920861	-0.8459327035288345	0.1463500109336261	1.936917682266012
24.53333333333333	0.0	24.53333333333333	0.0	1.3789871687767694	-5.8762047869242	-0.84591618783987	0.14632958899983783	1.9368287722705124
25.599999999999994	0.0	25.599999999999994	0.0	1.4373181299868607	-5.871882033380786	-0.845928818746895	0.14636601151338344	1.936847681071003
26.66666666666667	0.0	26.66666666666667	0.0	1.4956621912561816	-5.867818873415058	-0.8459351181032443	0.14640065260758667	1.936686591397806
27.733333333333334	0.0	27.733333333333334	0.0	1.5540200030877847	-5.866611961810483	-0.8459098992149614	0.14639404203942397	1.9365577711701676
28.799999999999997	0.0	28.799999999999997	0.0	1.6123921851508696	-5.861650955764674	-0.8459111225993293	0.14645411665074645	1.936304798892087
29.86666666666666	0.0	29.86666666666666	0.0	1.670779325214162	-5.856272282003136	-0.8459228949910088	0.14650037989644343	1.9366570584699099
30.933333333333337	0.0	30.933333333333337	0.0	1.7291819783463485	-5.853051529489035	-0.8459065939308804	0.14652461149207852	1.9366010832693639
32.0	0.0	32.0	0.0	1.7876006663998416	-5.850483549118111	-0.8459248481134207	0.14653179082665793	1.936236450339119
33.06666666666666	0.0	33.06666666666666	0.0	1.8460358777941588	-5.844700192685446	-0.8459069051426931	0.14658433196582094	1.9366339858699917
34.133333333333326	0.0	34.133333333333326	0.0	1.9044880676151767	-5.843002081525777	-0.8459085041275248	0.14659324979397537	1.9362833145455574
35.2	0.0	35.2	0.0	1.9629576580465535	-5.838578559743645	-0.8459123245208137	0.1466329990544861	1.9364080138995354
36.266666666666666	0.0	36.266666666666666	0.0	2.021445039149582	-5.829029154043544	-0.8459007238322033	0.1467284552294975	1.9364460568607953
37.33333333333333	0.0	37.33333333333333	0.0	2.079950570007767	-5.829620080887508	-0.8459022047711747	0.14671651113474896	1.9363271632168448
38.39999999999999	0.0	38.39999999999999	0.0	2.1384745802523812	-5.828409381083975	-0.8459111547936548	0.14672328267453896	1.9358626312946725
39.46666666666667	0.0	39.46666666666667	0.0	2.1970173719853	-5.818484535891714	-0.8459240647181674	0.14678154367219348	1.936543906147334
40.53333333333333	0.0	40.53333333333333	0.0	2.2555792221153697	-5.819510129055249	-0.8459019472165709	0.14678669476426834	1.9361946406417778
41.599999999999994	0.0	41.599999999999994	0.0	2.3141603851246044	-5.82302188607725	-0.8459049412888396	0.14674624796003913	1.9359130154140292
42.66666666666667	0.0	42.66666666666667	0.0	2.3727610962804784	-5.812850636249306	-0.8459087724135705	0.14683601647088473	1.9362225209276331
43.733333333333334	0.0	43.733333333333334	0.0	2.4313815753105863	-5.811667011873487	-0.845909083625383	0.14685873493322288	1.9364175863456419
44.8	0.0	44.8	0.0	2.490022030555963	-5.814832518925086	-0.8459084397388736	0.14682947029137286	1.936173349461202
45.86666666666666	0.0	45.86666666666666	0.0	2.548682663619322	-5.8150267580220785	-0.8458995970308123	0.14682170072749332	1.9358546256390727
46.93333333333334	0.0	46.93333333333334	0.0	2.607363674524507	-5.8066141124913555	-0.8459096845861249	0.1469015426546529	1.9361802390468523
48.0	0.0	48.0	0.0	2.6660652674034075	-5.806277595938683	-0.8458964849126832	0.14688566012075555	1.9364809877039277
49.06666666666666	0.0	49.06666666666666	0.0	2.724787656726653	-5.809689700791925	-0.8459206735825507	0.1468604305010307	1.93629610642421
50.133333333333326	0.0	50.133333333333326	0.0	2.783531074094322	-5.810876802154887	-0.8459099636036125	0.1468618255884676	1.9358509554859693
51.19999999999999	0.0	51.19999999999999	0.0	2.8422957756029708	-5.804507766553313	-0.8459155010275933	0.14690648984933313	1.9363851666598944
52.26666666666665	0.0	52.26666666666665	0.0	2.901082049805243	-5.80661271740392	-0.845909555808823	0.14687814811147984	1.9363456105653367
53.33333333333334	0.0	53.33333333333334	0.0	2.9598902262783517	-5.808540835556172	-0.8458978156114699	0.14688993123460098	1.936359711679892
54.400000000000006	0.0	54.400000000000006	0.0	3.0187206848176857	-5.8042429574949	-0.8458968497817055	0.14690765957649177	1.9363206599631004
55.46666666666667	0.0	55.46666666666667	0.0	3.0775738652718507	-5.798580962937799	-0.8459027520747086	0.14693765395638572	1.9367926287744541
56.53333333333333	0.0	56.53333333333333	0.0	3.13645027803539	-5.804751821003237	-0.845889133875035	0.1469146779394437	1.936551203527773
57.599999999999994	0.0	57.599999999999994	0.0	3.195350515215478	-5.799834899720439	-0.8459135049794142	0.14694987706862164	1.936940711940164
58.66666666666666	0.0	58.66666666666666	0.0	3.2542752624888656	-5.804978071991184	-0.8459018720964778	0.14692105241588627	1.9365924981159062
59.73333333333332	0.0	59.73333333333332	0.0	3.3132253116653385	-5.80221427500133	-0.8459023013541511	0.146929895123948	1.93663373904683
60.80000000000001	0.0	60.80000000000001	0.0	3.372201573973985	-5.803033781556107	-0.8458981268232825	0.14692707275474898	1.936425538344031
61.866666666666674	0.0	61.866666666666674	0.0	3.431205094088528	-5.801843074428689	-0.8458997901967651	0.14693672032094718	1.936055239212503
62.93333333333334	0.0	62.93333333333334	0.0	3.490237064908026	-5.801698157038319	-0.8458965814956598	0.1469415172754418	1.9365451080688172
64.0	0.0	64.0	0.0	3.549298843109189	-5.803870930601239	-0.8459128932872305	0.14692104168444448	1.9364376219475234
65.06666666666666	0.0	65.06666666666666	0.0	3.6083919654866037	-5.807029118809513	-0.8459033852297752	0.1468914872936653	1.9363531225746131
66.13333333333333	0.0	66.13333333333333	0.0	3.667518166097146	-5.8032058494942875	-0.8458944459387372	0.14691861637859246	1.9364986301942841
67.19999999999999	0.0	67.19999999999999	0.0	3.7266793942248477	-5.800399674040677	-0.8459101889638911	0.14693887734075356	1.9364602330954428
68.26666666666665	0.0	68.26666666666665	0.0	3.7858778331825	-5.8017934093159305	-0.8459087831450118	0.14694049778846868	1.9365150278373897
69.33333333333334	0.0	69.33333333333334	0.0	3.845115919966272	-5.800811965304053	-0.8459023979371281	0.14693821199136048	1.936457485846337
70.4	0.0	70.4	0.0	3.9043963657796077	-5.8027128363255205	-0.8459005521291344	0.14692471183754788	1.936527368995485
71.46666666666667	0.0	71.46666666666667	0.0	3.9637221774427083	-5.7996910018170365	-0.8458964634498001	0.14694626057272733	1.9364574214576862
72.53333333333333	0.0	72.53333333333333	0.0	4.023096679703835	-5.798137078309697	-0.8458990389958371	0.14695878416533426	1.9369562510679208
73.6	0.0	73.6	0.0	4.082523538468745	-5.801156734335486	-0.8458947786134339	0.14693413404346808	1.9367052319122515
74.66666666666666	0.0	74.66666666666666	0.0	4.142006784964515	-5.799262173401811	-0.8459123996409061	0.14694144215534916	1.9366912703064412
75.73333333333332	0.0	75.73333333333332	0.0	4.201550840854042	-5.801027924839288	-0.8458975365939817	0.14693769688215302	1.9365817130168748
76.80000000000001	0.0	76.80000000000001	0.0	4.261160544317486	-5.798994906843225	-0.8458920957529787	0.1469533969815392	1.9367781842537604
77.86666666666667	0.0	77.86666666666667	0.0	4.320841177116942	-5.8004427607795925	-0.8458999297055084	0.14693877002633526	1.9367753511531196
78.93333333333334	0.0	78.93333333333334	0.0	4.380598492660622	-5.795442005473274	-0.8459132366933687	0.14697974267121372	1.9368282571613045
80.0	0.0	80.0	0.0	4.440438745082791	-5.796021707229082	-0.8458899065388461	0.14697496717960246	1.9370007221628347
