Hysterese	V-MOKE
Charge	2020_0446
Sample	1
Sample State	bFC
User	Meike Reginka
Sample Angle	85.0
Magnetic Field Angle	0.0
Detektor Averages	300
Hysteresus Points	150
Magnetic Field [kA/m]	80
Hysteresis Averages	100
Polarization	p-polarization
Measurement Method	Scan Both Angles
Max Voltage Correction	No
Training Effect Elimination	No
Magnetic field [kA/m]	Magnetic field transversal [kA/m]	Magnetic field longitudinal [kA/m]	Magnetic field transversal [V]	Magnetic field longitudinal [V]	Detector diff transversal [V]	Detector diff longitudinal [V]	Detector raw transversal [V]	Detector raw longitudinal [V]
80.0	0.0	80.0	0.0	4.381030188287403	-4.283178373811261	-0.8415557025470071	0.15940093586022852	1.984601921100399
78.93333333333334	0.0	78.93333333333334	0.0	4.319818714176459	-4.276969816190704	-0.8449776052066297	0.1594417153391542	1.9856756662433959
77.86666666666666	0.0	77.86666666666666	0.0	4.258793669369702	-4.27464072844619	-0.8449542213948987	0.1594640474695867	1.9858469615177667
76.8	0.0	76.8	0.0	4.197942654193435	-4.2809824632597655	-0.8449815221828952	0.15941969442053425	1.985586477230407
75.73333333333333	0.0	75.73333333333333	0.0	4.137253993604595	-4.273352000329165	-0.8449591578581374	0.1594684902865012	1.9858228265051066
74.66666666666667	0.0	74.66666666666667	0.0	4.0767167056162315	-4.275456468264888	-0.8449535131197387	0.15944512793765375	1.9856714487867586
73.6	0.0	73.6	0.0	4.0163204706037074	-4.275440435490807	-0.8449580417881871	0.15947021804863468	1.985673659463774
72.53333333333333	0.0	72.53333333333333	0.0	3.9560556014798554	-4.278318726233466	-0.8449704795292601	0.1594343643015056	1.985538432565369
71.46666666666667	0.0	71.46666666666667	0.0	3.89591301472721	-4.2798086581532235	-0.8449544574866191	0.15942178705168966	1.9856050426247607
70.4	0.0	70.4	0.0	3.8358842022755653	-4.280390881797859	-0.8449783993333253	0.1594107336666124	1.9849036785130074
69.33333333333333	0.0	69.33333333333333	0.0	3.775961204212982	-4.274838401604558	-0.8449604563625975	0.15946421917265602	1.9857022158304638
68.26666666666667	0.0	68.26666666666667	0.0	3.716136582318465	-4.282721053417998	-0.8449758237872876	0.15940037782525382	1.9854021217913387
67.2	0.0	67.2	0.0	3.6564033944044745	-4.278837988508934	-0.8449626563081714	0.15943185314411928	1.9852832496102706
66.13333333333333	0.0	66.13333333333333	0.0	3.596755169457454	-4.281133036119981	-0.8449630104457513	0.15940849079527156	1.985229828492877
65.06666666666666	0.0	65.06666666666666	0.0	3.5371858835645753	-4.273520355188477	-0.8449575696047472	0.1594578768905388	1.985484174395513
64.0	0.0	64.0	0.0	3.4776899366148504	-4.273855101053246	-0.8449903970852825	0.1594623948275461	1.9861143353907729
62.93333333333334	0.0	62.93333333333334	0.0	3.4182621297628257	-4.270021261267829	-0.844945260640977	0.15948965268977525	1.9860812610870768
61.86666666666667	0.0	61.86666666666667	0.0	3.3588976436430196	-4.281346505960715	-0.8449707370838637	0.1594119141252129	1.9854251836598158
60.8	0.0	60.8	0.0	3.2995920173232944	-4.279831065403748	-0.8449628172797985	0.15941985539216158	1.985456487275612
59.733333333333334	0.0	59.733333333333334	0.0	3.2403411279853396	-4.275574868262515	-0.8449835504253994	0.15945940075527762	1.9856379130310635
58.66666666666667	0.0	58.66666666666667	0.0	3.181141171320454	-4.279553346420822	-0.8449543072464327	0.15943506184522413	1.9852762419787602
57.6	0.0	57.6	0.0	3.121988642628807	-4.275135662543048	-0.8449603705110631	0.15946397234949397	1.9857885932056925
56.53333333333333	0.0	56.53333333333333	0.0	3.062880318610361	-4.279504335926022	-0.8449650064939305	0.15941435016250652	1.985691527314408
55.46666666666667	0.0	55.46666666666667	0.0	3.003813239835633	-4.281874761184429	-0.8450020728939848	0.15940431626440263	1.9850919294654588
54.4	0.0	54.4	0.0	2.9447846938844906	-4.281074066847172	-0.8449704795292596	0.15938683474567358	1.9852588785058918
53.33333333333333	0.0	53.33333333333333	0.0	2.885792199141142	-4.277387601952292	-0.8449778305669087	0.15943874272976924	1.9852802770008866
52.266666666666666	0.0	52.266666666666666	0.0	2.8268334892335334	-4.286266442778671	-0.8449594690699503	0.15935021906617527	1.9848319280929827
51.2	0.0	51.2	0.0	2.7679064981053	-4.2812630046118985	-0.8449991432103675	0.159409735642523	1.9848810780965298
50.13333333333333	0.0	50.13333333333333	0.0	2.7090093457084867	-4.286184572609003	-0.8449460440362297	0.15936907420945745	1.9850899870744882
49.06666666666666	0.0	49.06666666666666	0.0	2.6501403243051973	-4.287948059712261	-0.8449860401199026	0.15935362093323305	1.9847493496481576
48.0	0.0	48.0	0.0	2.591297885366365	-4.279464543739745	-0.8449506907505391	0.15941620670194195	1.9853122888918426
46.93333333333334	0.0	46.93333333333334	0.0	2.532480627055822	-4.2749170201473525	-0.8449803202614109	0.15945386333129707	1.9856904541702267
45.86666666666667	0.0	45.86666666666667	0.0	2.4736872822878553	-4.27194361663582	-0.8449537921372259	0.15949362332324957	1.986098914308874
44.8	0.0	44.8	0.0	2.4149167073464275	-4.282914283759456	-0.8449837006655855	0.15938985028082578	1.985103626737046
43.733333333333334	0.0	43.733333333333334	0.0	2.356167871054244	-4.270969738290427	-0.8449585139716282	0.15948982439284448	1.9861965167722513
42.666666666666664	0.0	42.666666666666664	0.0	2.2974398444798476	-4.280167539030649	-0.8449804812330377	0.15941946906025603	1.9856110951579493
41.6	0.0	41.6	0.0	2.2387317911709355	-4.283601868699905	-0.844975673547102	0.15938495674335468	1.985134425975077
40.53333333333333	0.0	40.53333333333333	0.0	2.1800429579020566	-4.283939372545223	-0.8449890449236128	0.15938100757276402	1.9852595331238434
39.46666666666667	0.0	39.46666666666667	0.0	2.1213726659248966	-4.2807766127427325	-0.8449534379996461	0.15941095902689068	1.9850205761087805
38.4	0.0	38.4	0.0	2.0627203027093186	-4.280264476144631	-0.8449813504798258	0.15940710643927644	1.9854485245457787
37.333333333333336	0.0	37.333333333333336	0.0	2.0040853141633432	-4.288383595278626	-0.8449717994966042	0.15934885617306382	1.9847869311574218
36.266666666666666	0.0	36.266666666666666	0.0	1.9454671973202513	-4.287365524855806	-0.8449946360048024	0.1593614548857634	1.9847791401306583
35.2	0.0	35.2	0.0	1.8868654934810003	-4.289275614185798	-0.8449758774444966	0.15933257657581912	1.9847941856120916
34.13333333333333	0.0	34.13333333333333	0.0	1.8282797818001153	-4.2848451706236945	-0.8449712843873965	0.15939866079456205	1.9850501090366757
33.06666666666667	0.0	33.06666666666667	0.0	1.7697096733032631	-4.2872065278137645	-0.8449641694414679	0.1593559603875503	1.9849076598779236
32.0	0.0	32.0	0.0	1.7111548053246695	-4.290267800370944	-0.844984323089211	0.15933743791896465	1.9847025605618123
30.933333333333337	0.0	30.933333333333337	0.0	1.652614836352576	-4.28100172619784	-0.8449804383072709	0.15940489576226097	1.9852051139823612
29.866666666666667	0.0	29.866666666666667	0.0	1.5940894412709112	-4.280663374568619	-0.8449850635586965	0.15940060318553198	1.9852343464298847
28.799999999999997	0.0	28.799999999999997	0.0	1.5355783069853621	-4.286179657608652	-0.8449718638852549	0.15936333288808224	1.9852196658174721
27.733333333333334	0.0	27.733333333333334	0.0	1.4770811284220267	-4.287128993146598	-0.844971563404884	0.15935025126050079	1.9852614969776963
26.666666666666664	0.0	26.666666666666664	0.0	1.4185976048868278	-4.289203294999355	-0.8449833894537723	0.15935103465575384	1.9850604219522676
25.6	0.0	25.6	0.0	1.360127436773878	-4.284598186490153	-0.8449881434825	0.15938253143750292	1.9851139611155195
24.53333333333333	0.0	24.53333333333333	0.0	1.3016703226109647	-4.292593969163279	-0.8449722502171606	0.15931734865987285	1.984915365053153
23.46666666666667	0.0	23.46666666666667	0.0	1.243225956430354	-4.287994237106425	-0.8449961706009826	0.15934625916414288	1.9848977976828897
22.4	0.0	22.4	0.0	1.1847940254530787	-4.288192961946097	-0.8449747613745466	0.15934980053994421	1.9851784248865487
21.333333333333336	0.0	21.333333333333336	0.0	1.1263742080749082	-4.28465274514037	-0.8449940243126184	0.1593760174523166	1.9855426607534468
20.266666666666666	0.0	20.266666666666666	0.0	1.0679661721421683	-4.288544642026055	-0.844974890151849	0.15934347972071072	1.985446957755273
19.200000000000003	0.0	19.200000000000003	0.0	1.0095695735056076	-4.285138407271493	-0.8450023841057981	0.15935872909954032	1.9857408490210244
18.133333333333333	0.0	18.133333333333333	0.0	0.9511840548404781	-4.2871046113107765	-0.8449650064939301	0.15936559722230695	1.9854919117650673
17.06666666666667	0.0	17.06666666666667	0.0	0.8928092447210244	-4.2879906528048535	-0.8449862010915298	0.1593349589559036	1.9857444655169187
16.0	0.0	16.0	0.0	0.8344447569375557	-4.285975534853742	-0.8449705009921437	0.1593649962615649	1.9861010391343554
14.933333333333337	0.0	14.933333333333337	0.0	0.7760901900442883	-4.285375754570279	-0.8449866947378539	0.1593672605957894	1.9862605083598388
13.866666666666674	0.0	13.866666666666674	0.0	0.7177451271261349	-4.281487452717609	-0.844966283535507	0.15940402651547328	1.986839340868861
12.799999999999997	0.0	12.799999999999997	0.0	0.6594091357726295	-4.287171393073238	-0.8449881112881742	0.15936256022427112	1.9867104025953637
11.733333333333334	0.0	11.733333333333334	0.0	0.6010817682471681	-4.290683536427148	-0.8449799875867147	0.15932489286347404	1.9867020428021842
10.666666666666671	0.0	10.666666666666671	0.0	0.5427625618397398	-4.28527303320916	-0.8449720785140916	0.15938063197230032	1.9870544848145193
9.599999999999994	0.0	9.599999999999994	0.0	0.4844510393913435	-4.300873437500979	-0.8449714775533492	0.15923640139420558	1.9868979452726552
8.533333333333331	0.0	8.533333333333331	0.0	0.4261467099782665	-4.298454656365718	-0.845001901190916	0.15927380046895714	1.9869316741943037
7.466666666666669	0.0	7.466666666666669	0.0	0.36784906974439924	-4.292183834919701	-0.8449807495190841	0.15932944299480678	1.9875044112443712
6.400000000000006	0.0	6.400000000000006	0.0	0.30955760286978407	-4.301320101572515	-0.8449887444432416	0.1592592164395202	1.987824487228168
5.333333333333329	0.0	5.333333333333329	0.0	0.25127178266356687	-4.317556815975763	-0.8449852459932079	0.1591116054572515	1.987077535951554
4.266666666666666	0.0	4.266666666666666	0.0	0.19299107276954444	-4.318080360096516	-0.8450107975561869	0.15911516829593653	1.9879530928269702
3.200000000000003	0.0	3.200000000000003	0.0	0.13471492847247593	-4.330965752533009	-0.8450238255265597	0.1590046559080481	1.9872351164432767
2.13333333333334	0.0	2.13333333333334	0.0	0.07644279809335723	-4.339444278385078	-0.845035844741401	0.15891751660044914	1.9873499321393355
1.0666666666666629	0.0	1.0666666666666629	0.0	0.018174124461827576	-4.341433758921674	-0.8450171505697461	0.1589227642755005	1.9873592148365133
0.0	0.0	0.0	0.0	-0.0400916535461	-4.344126427915131	-0.8450450093927168	0.15888937875999057	1.9874801581858528
-1.0666666666666629	0.0	-1.0666666666666629	0.0	-0.09835509941681445	-4.355047118714189	-0.8450391500254824	0.15879658398255134	1.9875034239517233
-2.1333333333333258	0.0	-2.1333333333333258	0.0	-0.156616777366191	-4.36309212651096	-0.8450723423750389	0.15873092902148106	1.9877095534862506
-3.200000000000003	0.0	-3.200000000000003	0.0	-0.21487725067681432	-4.365366880965521	-0.8450305219462568	0.15871662400953163	1.9874418147442197
-4.266666666666666	0.0	-4.266666666666666	0.0	-0.27313708001714876	-4.378802249063969	-0.8450514375263687	0.15860019859719907	1.9872871424732323
-5.333333333333329	0.0	-5.333333333333329	0.0	-0.331396821754486	-4.3872987608125396	-0.8450637464901389	0.1585436009730271	1.98713491697098
-6.400000000000006	0.0	-6.400000000000006	0.0	-0.3896570262734731	-4.382164602952921	-0.8450743062288929	0.15858259903261016	1.9879776034400942
-7.466666666666669	0.0	-7.466666666666669	0.0	-0.4479182363120456	-4.39138820207929	-0.8450653132806458	0.15851149249909402	1.9876503159273908
-8.533333333333331	0.0	-8.533333333333331	0.0	-0.506180985326591	-4.394706063410443	-0.8450534550374315	0.15846942524714983	1.9885388578474121
-9.599999999999994	0.0	-9.599999999999994	0.0	-0.564445795898144	-4.407992393244863	-0.845074241840242	0.1583633664076179	1.9879820784513333
-10.666666666666671	0.0	-10.666666666666671	0.0	-0.6227131781914472	-4.413486955846646	-0.8450833742972328	0.15832739461462858	1.9879607765393152
-11.733333333333334	0.0	-11.733333333333334	0.0	-0.6809836284786798	-4.427297741974379	-0.8450726750497357	0.15820888730258248	1.987842923845222
-12.799999999999997	0.0	-12.799999999999997	0.0	-0.7392576277396917	-4.435286398970136	-0.8450922921253876	0.15815761247355453	1.987486607782386
-13.86666666666666	0.0	-13.86666666666666	0.0	-0.7975356403505398	-4.438487512945694	-0.8450984734358766	0.15811445061454438	1.9875669433558716
-14.933333333333337	0.0	-14.933333333333337	0.0	-0.8558181128721578	-4.4465558830913166	-0.8451125852818735	0.1580589905232056	1.9874997752615036
-16.0	0.0	-16.0	0.0	-0.9141054729509707	-4.45127918770075	-0.8451018967658189	0.15801528136066242	1.9875199503721306
-17.066666666666663	0.0	-17.066666666666663	0.0	-0.9723981283432802	-4.466513703483632	-0.8451450908191539	0.15788836059822747	1.9867114757395472
-18.133333333333326	0.0	-18.133333333333326	0.0	-1.0306964660752267	-4.469464474384366	-0.8451201187540336	0.15784842890320566	1.9862745880115094
-19.200000000000003	0.0	-19.200000000000003	0.0	-1.0890008517501555	-4.475963575060828	-0.8451381475762949	0.15781656725243462	1.9865548074203792
-20.266666666666666	0.0	-20.266666666666666	0.0	-1.147311629015197	-4.487672243438599	-0.8451299916805101	0.15771416783456416	1.9858446864521
-21.33333333333333	0.0	-21.33333333333333	0.0	-1.2056291191988913	-4.489533923234526	-0.8451413240830743	0.15769389614096146	1.9859061990766254
-22.400000000000006	0.0	-22.400000000000006	0.0	-1.263953621131659	-4.495374467520663	-0.8451406587336817	0.15765296642185037	1.9856995115071243
-23.46666666666667	0.0	-23.46666666666667	0.0	-1.322285411160945	-4.493920603976878	-0.8451398968013117	0.15766626267826844	1.9859567012418429
-24.53333333333333	0.0	-24.53333333333333	0.0	-1.3806247433728562	-4.503652004198842	-0.8451338871938914	0.15758598076199415	1.9863549772422016
-25.599999999999994	0.0	-25.599999999999994	0.0	-1.438971850032102	-4.50918488877937	-0.8451582153725026	0.15754909679645004	1.9856790251846845
-26.66666666666667	0.0	-26.66666666666667	0.0	-1.497326942252062	-4.514916455273807	-0.8451532252520557	0.15749776831021298	1.9858017070276006
-27.733333333333334	0.0	-27.733333333333334	0.0	-1.555690210906793	-4.514089329395339	-0.8451716296747814	0.15750040824490136	1.98622242247281
-28.799999999999997	0.0	-28.799999999999997	0.0	-1.614061827796803	-4.519467294881718	-0.8451403904476362	0.15746700126650778	1.9857901492647567
-29.86666666666666	0.0	-29.86666666666666	0.0	-1.6724419470803977	-4.5234115075462835	-0.8451704921419478	0.15742923732273426	1.9862148246119988
-30.933333333333337	0.0	-30.933333333333337	0.0	-1.7308307069824265	-4.532578079790807	-0.8451517550445259	0.15734781787362684	1.9854540727012013
-32.0	0.0	-32.0	0.0	-1.7892282317922377	-4.529605577720386	-0.8451967090543203	0.15736749933792932	1.9861519598258035
-33.06666666666666	0.0	-33.06666666666666	0.0	-1.8476346341626735	-4.540956277393278	-0.8451575607545517	0.1572714958593851	1.9858643893792853
-34.133333333333326	0.0	-34.133333333333326	0.0	-1.9060500177219062	-4.54703346070305	-0.8451821894135345	0.15723719817132042	1.9855751984850514
-35.2	0.0	-35.2	0.0	-1.9644744800099465	-4.5488495855284405	-0.8451723272185003	0.1572082876670504	1.9859680873016168
-36.266666666666666	0.0	-36.266666666666666	0.0	-2.0229081157516333	-4.548150196001984	-0.8451851727543611	0.15722623063777758	1.985980310413853
-37.33333333333333	0.0	-37.33333333333333	0.0	-2.0813510204779293	-4.560047866533125	-0.845187297579842	0.15713117152611375	1.9859182826801176
-38.39999999999999	0.0	-38.39999999999999	0.0	-2.139803294507338	-4.559561839532989	-0.84519058140104	0.15713479875344966	1.9857853093844955
-39.46666666666667	0.0	-39.46666666666667	0.0	-2.1982650472992535	-4.568567805019192	-0.8451859024924053	0.15704963403114616	1.9857790744167962
-40.53333333333333	0.0	-40.53333333333333	0.0	-2.256736402191068	-4.56798074149429	-0.8452044034981071	0.15704652191301768	1.9856830494753692
-41.599999999999994	0.0	-41.599999999999994	0.0	-2.315217501530861	-4.575731815099537	-0.8452078375594906	0.15701922112502115	1.9854348097631305
-42.66666666666667	0.0	-42.66666666666667	0.0	-2.37370851221747	-4.5718159870985895	-0.845211668684221	0.15702682971727336	1.9858341159819046
-43.733333333333334	0.0	-43.733333333333334	0.0	-2.432209631659771	-4.581160347139787	-0.8451946164231648	0.15696366445070603	1.9858230625968263
-44.8	0.0	-44.8	0.0	-2.4907210941669966	-4.576984142165903	-0.8452020962381149	0.15699537586129156	1.9854322234856507
-45.86666666666666	0.0	-45.86666666666666	0.0	-2.549243177781886	-4.576361868780381	-0.8451809016405163	0.1570028449448	1.9864330162871355
-46.93333333333334	0.0	-46.93333333333334	0.0	-2.6077762115685053	-4.578290995688167	-0.8452090180180906	0.15697905333827958	1.986027657535174
-48.0	0.0	-48.0	0.0	-2.666320583366545	-4.578976917255132	-0.8451924808662424	0.15697880651511753	1.9859252795801856
-49.06666666666666	0.0	-49.06666666666666	0.0	-2.724876748023921	-4.59720038640875	-0.8452230332811114	0.1568365397908763	1.9846924837379407
-50.133333333333326	0.0	-50.133333333333326	0.0	-2.7834452361194826	-4.581078584284539	-0.8451963549167401	0.15696329958168392	1.9855329487985975
-51.19999999999999	0.0	-51.19999999999999	0.0	-2.842026663187659	-4.580616305965152	-0.845219180693497	0.15696287032401116	1.9858006553463017
-52.26666666666665	0.0	-52.26666666666665	0.0	-2.9006217394568647	-4.577960832149048	-0.8451937471763774	0.15699419540269102	1.9861288443001193
-53.33333333333334	0.0	-53.33333333333334	0.0	-2.9592312801134577	-4.580631845092909	-0.8452209621128395	0.15696070257276298	1.9858840064549377
-54.400000000000006	0.0	-54.400000000000006	0.0	-3.0178562161030937	-4.5873683467253725	-0.8451985655937558	0.1569007245444169	1.9852989282467732
-55.46666666666667	0.0	-55.46666666666667	0.0	-3.076497605481298	-4.5822635822849085	-0.8452137720468182	0.15693834897944658	1.9856782203265488
-56.53333333333333	0.0	-56.53333333333333	0.0	-3.135156645325031	-4.578548410783159	-0.8451907745669927	0.15696385761665876	1.9862706924981277
-57.599999999999994	0.0	-57.599999999999994	0.0	-3.193834684217122	-4.585174324907643	-0.845217173913876	0.15692649073623297	1.9858939974272747
-58.66666666666666	0.0	-58.66666666666666	0.0	-3.25253323531534	-4.585095641976198	-0.8452005187161675	0.15693007503780143	1.985799034898587
-59.73333333333332	0.0	-59.73333333333332	0.0	-3.311253990017958	-4.5819883422650465	-0.845210799437433	0.1569436395802651	1.985593742416521
-60.80000000000001	0.0	-60.80000000000001	0.0	-3.3699988322376004	-4.583874382433913	-0.8451827796428346	0.156938810431445	1.9858108716789167
-61.866666666666674	0.0	-61.866666666666674	0.0	-3.4287698532951953	-4.586261505815799	-0.8452238810650153	0.156918431423424	1.9857305146425486
-62.93333333333334	0.0	-62.93333333333334	0.0	-3.4875693674458788	-4.5853836953376	-0.8451881668266297	0.15691936505886264	1.985631441971643
-64.0	0.0	-64.0	0.0	-3.546399928048623	-4.585056890739778	-0.8451869005164947	0.15692356105261518	1.9856597407837295
-65.06666666666666	0.0	-65.06666666666666	0.0	-3.605264344391439	-4.578547863479628	-0.8451947022746996	0.15697239984434957	1.9862312115236633
-66.13333333333333	0.0	-66.13333333333333	0.0	-3.6641656991839646	-4.579143082900313	-0.845212452079474	0.15697296861076615	1.9861703535170876
-67.19999999999999	0.0	-67.19999999999999	0.0	-3.723107366729244	-4.578599095382887	-0.8451959685848347	0.15696744191822753	1.9863476047416717
-68.26666666666665	0.0	-68.26666666666665	0.0	-3.782093031786535	-4.586144339933981	-0.8452156929749044	0.1569229386289894	1.9858016748332752
-69.33333333333334	0.0	-69.33333333333334	0.0	-3.8411267091369456	-4.582454816578186	-0.8451822859965114	0.1569572148541707	1.9858501702188704
-70.4	0.0	-70.4	0.0	-3.9002127638637214	-4.587821084792983	-0.8452197494599133	0.15689910409670174	1.9857431240866916
-71.46666666666667	0.0	-71.46666666666667	0.0	-3.959355932359017	-4.586767396714755	-0.845193983268097	0.15691624220929226	1.9857179803185008
-72.53333333333333	0.0	-72.53333333333333	0.0	-4.018561344068946	-4.586576988742499	-0.8452161866212284	0.15691292619376918	1.9856396085988703
-73.6	0.0	-73.6	0.0	-4.077834543988736	-4.585066817323468	-0.8452068180725172	0.15691919335579346	1.9856523146259892
-74.66666666666666	0.0	-74.66666666666666	0.0	-4.137181515919814	-4.586280940456936	-0.8452041996007124	0.1569168324385925	1.9857041796843171
-75.73333333333332	0.0	-75.73333333333332	0.0	-4.19660870650064	-4.583045228312938	-0.8452044034981067	0.15695188132758475	1.9860119467043447
-76.80000000000001	0.0	-76.80000000000001	0.0	-4.256123050023082	-4.582594668728017	-0.8452132784004941	0.1569606274526702	1.9860757773203057
-77.86666666666667	0.0	-77.86666666666667	0.0	-4.315731994046186	-4.5808447461672275	-0.8452051761619185	0.15694164353208617	1.98640177705999
-78.93333333333334	0.0	-78.93333333333334	0.0	-4.375443525819141	-4.589942991321661	-0.8452222606173	0.15688582930316725	1.9858445576747974
-80.0	0.0	-80.0	0.0	-4.435266199525242	-4.5814189856191545	-0.8451991128972886	0.15694962772480217	1.9859709847909093
-80.0	0.0	-80.0	0.0	-4.380060909566294	-4.578588642958553	-0.8421596251670117	0.15696920187468644	1.9863221068358998
-78.93333333333334	0.0	-78.93333333333334	0.0	-4.318197730509417	-4.577291147253554	-0.845181438212607	0.15699058963823867	1.9864669491061777
-77.86666666666666	0.0	-77.86666666666666	0.0	-4.256627645195748	-4.573846794417641	-0.8452074190332592	0.15701390906131915	1.9867903518369419
-76.8	0.0	-76.8	0.0	-4.195328882143961	-4.578013630842824	-0.8451989948514292	0.15697559781401263	1.986530500704651
-75.73333333333333	0.0	-75.73333333333333	0.0	-4.1342809326230165	-4.586861897791443	-0.8452154890775101	0.15690787168467074	1.9859045464345857
-74.66666666666667	0.0	-74.66666666666667	0.0	-4.073464498932334	-4.583845600706947	-0.8451998962925414	0.15693326227602278	1.985957881700443
-73.6	0.0	-73.6	0.0	-4.012861444010001	-4.584988209512116	-0.8452212411303267	0.15692919505957215	1.9860680936079609
-72.53333333333333	0.0	-72.53333333333333	0.0	-3.9524547423527756	-4.586548432375804	-0.8451881668266296	0.15690890190308562	1.9860306623388844
-71.46666666666667	0.0	-71.46666666666667	0.0	-3.8922284322315646	-4.58007798464901	-0.8452092004526017	0.15698467661379445	1.9864766288667022
-70.4	0.0	-70.4	0.0	-3.832167569186148	-4.581313055556923	-0.8452050259217326	0.1569555192863626	1.9862481135445336
-69.33333333333333	0.0	-69.33333333333333	0.0	-3.7722581807828357	-4.578624893769028	-0.8452095116644148	0.15699572999887174	1.9860620732690974
-68.26666666666667	0.0	-68.26666666666667	0.0	-3.712487222618799	-4.588833446088753	-0.8452098228762277	0.156883361071548	1.9859730559591804
-67.2	0.0	-67.2	0.0	-3.652842535556789	-4.583528840738667	-0.8452076229306539	0.15694059185078754	1.9860769363160236
-66.13333333333333	0.0	-66.13333333333333	0.0	-3.5933128041739804	-4.578656572985288	-0.8451944447200964	0.15696804287896957	1.9864346474662924
-65.06666666666666	0.0	-65.06666666666666	0.0	-3.533887516408651	-4.585898589916246	-0.8452117974615228	0.1569280789896224	1.9857130331238206
-64.0	0.0	-64.0	0.0	-3.474556924388418	-4.588684171733001	-0.8452030191421126	0.1568880292487409	1.9855690708317717
-62.93333333333334	0.0	-62.93333333333334	0.0	-3.4153120064237723	-4.586902591418835	-0.8452043820352236	0.15690130404227542	1.9856787354357561
-61.86666666666667	0.0	-61.86666666666667	0.0	-3.356144430150613	-4.593140757087382	-0.8451994348405435	0.15685222915882083	1.9853196721238167
-60.8	0.0	-60.8	0.0	-3.2970465168055205	-4.582416398016462	-0.845205562493824	0.1569428347221285	1.985833332586652
-59.733333333333334	0.0	-59.733333333333334	0.0	-3.2380112066174873	-4.5823568814401145	-0.8451979217072466	0.1569609923216921	1.9858449654695867
-58.66666666666667	0.0	-58.66666666666667	0.0	-3.179032025299821	-4.58981717589774	-0.845233850574468	0.15688284596234062	1.9854206335284823
-57.6	0.0	-57.6	0.0	-3.1201030516259602	-4.588415960807526	-0.8452010874825844	0.15689398519895234	1.9855601422721758
-56.53333333333333	0.0	-56.53333333333333	0.0	-3.061218886072913	-4.5846704729826335	-0.8452096619046003	0.15692440883651906	1.9856922999782198
-55.46666666666667	0.0	-55.46666666666667	0.0	-3.002374620516045	-4.584930678252502	-0.8451993489890088	0.15690542491593512	1.9856228138924183
-54.4	0.0	-54.4	0.0	-2.943565808958942	-4.585431246356315	-0.8452097799504606	0.15691320521125657	1.9857619470356482
-53.33333333333333	0.0	-53.33333333333333	0.0	-2.884788439282071	-4.593336638094969	-0.8451899911717393	0.1568468312435842	1.9851732952573564
-52.266666666666666	0.0	-52.266666666666666	0.0	-2.826038905993961	-4.589860509459818	-0.845216390518623	0.15687274767558557	1.9850611838846368
-51.2	0.0	-51.2	0.0	-2.7673139839686236	-4.5840064113626555	-0.845210692123015	0.1569209318493688	1.9855002822896883
-50.13333333333333	0.0	-50.13333333333333	0.0	-2.7086108031529483	-4.585765187362949	-0.8452082024285126	0.15692104989522862	1.9858431411244784
-49.06666666666666	0.0	-49.06666666666666	0.0	-2.649926824227785	-4.594718214646645	-0.8452048542186635	0.15684556493344917	1.9855123551617393
-48.0	0.0	-48.0	0.0	-2.591259815206436	-4.5930115827221645	-0.8452276478010944	0.15685104870022046	1.984831112503403
-46.93333333333334	0.0	-46.93333333333334	0.0	-2.532607828954294	-4.587851325996036	-0.8452048971444313	0.15690001626925645	1.9851435906263928
-45.86666666666667	0.0	-45.86666666666667	0.0	-2.473969181613334	-4.583138666976888	-0.8451887033987207	0.15692100696946137	1.9853789204141186
-44.8	0.0	-44.8	0.0	-2.415342431915193	-4.583683083751982	-0.8452023323298357	0.1569347539464361	1.9858920872306292
-43.733333333333334	0.0	-43.733333333333334	0.0	-2.356726361366558	-4.584506550208795	-0.8452086638805111	0.15692666243930192	1.9854400896325055
-42.666666666666664	0.0	-42.666666666666664	0.0	-2.29811995529058	-4.5838797803491484	-0.8451974817181315	0.15692051332313753	1.9857234211595056
-41.6	0.0	-41.6	0.0	-2.2395223847080508	-4.582745917669065	-0.8452079877996758	0.15692712389130026	1.9857410421869768
-40.53333333333333	0.0	-40.53333333333333	0.0	-2.180932989042046	-4.5833991512642465	-0.8452049078758728	0.1569495418732676	1.98573151266664
-39.46666666666667	0.0	-39.46666666666667	0.0	-2.122351259629783	-4.584741633173357	-0.8452020103865808	0.15692021284276658	1.9855935277876853
-38.4	0.0	-38.4	0.0	-2.0637768240253935	-4.586399415574662	-0.8452007118821205	0.15691737974212536	1.9850933030900126
-37.333333333333336	0.0	-37.333333333333336	0.0	-2.0052094310773465	-4.589287740215423	-0.8452359110112982	0.1568986104503778	1.9850453979337155
-36.266666666666666	0.0	-36.266666666666666	0.0	-1.946648936764245	-4.591353542766256	-0.845183348409251	0.1568993509198636	1.9851623813810235
-35.2	0.0	-35.2	0.0	-1.8880952907727155	-4.5841094332041505	-0.8451983509649191	0.15693624561684957	1.9850883773582157
-34.13333333333333	0.0	-34.13333333333333	0.0	-1.8295485238011158	-4.581426519091311	-0.8451959363905097	0.156947459973554	1.9859900974887956
-33.06666666666667	0.0	-33.06666666666667	0.0	-1.771008735572786	-4.582652693633953	-0.8452177856060598	0.15694212644696828	1.985797350062221
-32.0	0.0	-32.0	0.0	-1.7124760835425616	-4.569344020937656	-0.8452121837934287	0.15702982378954192	1.986408344702387
-30.933333333333337	0.0	-30.933333333333337	0.0	-1.6539507722802793	-4.581682861042125	-0.8451966661285535	0.15696773166715672	1.9860174412025577
-29.866666666666667	0.0	-29.866666666666667	0.0	-1.5954330435149888	-4.582947593655237	-0.8451925345234511	0.15694430492965808	1.9856868698686574
-28.799999999999997	0.0	-28.799999999999997	0.0	-1.536923166823607	-4.571209950384547	-0.8452035449827617	0.15702059474957442	1.9861965596980187
-27.733333333333334	0.0	-27.733333333333334	0.0	-1.478421430947724	-4.573921367206868	-0.8451968271001804	0.15701282518569512	1.9860504511176043
-26.666666666666664	0.0	-26.666666666666664	0.0	-1.4199281357222944	-4.578194616609155	-0.8452102735967838	0.1569661219508833	1.9856203456607997
-25.6	0.0	-25.6	0.0	-1.3614435845999364	-4.577783216055448	-0.8451751388562573	0.1569882072581541	1.9856352623649338
-24.53333333333333	0.0	-24.53333333333333	0.0	-1.302968077754553	-4.574798952324788	-0.8452083634001392	0.15701064670300494	1.9858179115047525
-23.46666666666667	0.0	-23.46666666666667	0.0	-1.2445019057480127	-4.577585306805357	-0.8451775319677841	0.1569953865927334	1.9857428987264132
-22.4	0.0	-22.4	0.0	-1.1860453437435996	-4.582497720882594	-0.8452027830503915	0.15694558197123504	1.9852367073470871
-21.333333333333336	0.0	-21.333333333333336	0.0	-1.1275986462499692	-4.570315119839617	-0.8451850225141763	0.15705150130202325	1.985780512430001
-20.266666666666666	0.0	-20.266666666666666	0.0	-1.0691620423793182	-4.575048501272932	-0.84520118406556	0.15702449026295612	1.9854142697834818
-19.200000000000003	0.0	-19.200000000000003	0.0	-1.010735731603509	-4.565413716221693	-0.8451869434422618	0.15709355782252576	1.986175654849348
-18.133333333333333	0.0	-18.133333333333333	0.0	-0.9523198799918556	-4.56793305096683	-0.8452075692734448	0.15707245980790266	1.9859083560964328
-17.06666666666667	0.0	-17.06666666666667	0.0	-0.8939146169143085	-4.556741466381843	-0.8451783368259206	0.15716271123363013	1.9865077071222197
-16.0	0.0	-16.0	0.0	-0.8355200321937496	-4.557875983679878	-0.8452055732252657	0.15714558385248148	1.9865202092519443
-14.933333333333337	0.0	-14.933333333333337	0.0	-0.7771361736911329	-4.556873280681747	-0.8451783046315944	0.15713898401576054	1.9865931508620107
-13.866666666666674	0.0	-13.866666666666674	0.0	-0.7187630453071814	-4.549458433880243	-0.8451947344690249	0.1572083627871432	1.9867852436706348
-12.799999999999997	0.0	-12.799999999999997	0.0	-0.6604006053843748	-4.537583589125855	-0.8451673692923777	0.15731424992360596	1.9871449723319674
-11.733333333333334	0.0	-11.733333333333334	0.0	-0.6020487654929477	-4.540882402147775	-0.845169483386417	0.15728650914649475	1.9874192465220677
-10.666666666666671	0.0	-10.666666666666671	0.0	-0.5437073895846136	-4.5378929443992675	-0.8451580007436668	0.1573210643891634	1.9870166564820946
-9.599999999999994	0.0	-9.599999999999994	0.0	-0.4853762934977529	-4.528874079719994	-0.8451867824706351	0.15737300456758424	1.987171360947409
-8.533333333333331	0.0	-8.533333333333331	0.0	-0.4270552447977797	-4.521855158733092	-0.8451507999462035	0.15742584618711844	1.9872162827628779
-7.466666666666669	0.0	-7.466666666666669	0.0	-0.36874396293640566	-4.515388982120138	-0.8451818782017219	0.157483377446729	1.9873708691823326
-6.400000000000006	0.0	-6.400000000000006	0.0	-0.31044211971353775	-4.506256428546191	-0.8451423650329312	0.15756436763816353	1.9871593953897773
-5.333333333333329	0.0	-5.333333333333329	0.0	-0.2521493400255208	-4.491229609088344	-0.8451468078498459	0.15768863773446845	1.98803328889171
-4.266666666666666	0.0	-4.266666666666666	0.0	-0.1938652028834597	-4.485924638869241	-0.8451204836230555	0.15772876259544294	1.9879856090956942
-3.200000000000003	0.0	-3.200000000000003	0.0	-0.1355892426853284	-4.47874870615703	-0.8451416352948874	0.15779742236022337	1.9876214376174461
-2.13333333333334	0.0	-2.13333333333334	0.0	-0.07732095072560852	-4.464290234589541	-0.8451102458275563	0.15790104516246148	1.9876269106527749
-1.0666666666666629	0.0	-1.0666666666666629	0.0	-0.01905977692616606	-4.456503199922751	-0.8451141842667051	0.15797733498237793	1.988221378872534
0.0	0.0	0.0	0.0	0.0391948682279	-4.450947210547974	-0.8451101707074637	0.15801996026929702	1.9878512407126339
1.0666666666666629	0.0	1.0666666666666629	0.0	0.0974436115637267	-4.43942589168154	-0.845107981493332	0.15811827100783327	1.9875498910948155
2.1333333333333258	0.0	2.1333333333333258	0.0	0.1556871149237345	-4.435335441659262	-0.8450888044067948	0.15814708492912657	1.9877927006974914
3.200000000000003	0.0	3.200000000000003	0.0	0.2139260727125422	-4.431448019784815	-0.8450974324860205	0.15817918267161782	1.9876844633752686
4.266666666666666	0.0	4.266666666666666	0.0	0.27216120930401666	-4.423862993778893	-0.8450768817749302	0.15824613613714855	1.9872963822446414
5.333333333333329	0.0	5.333333333333329	0.0	0.33039327632474647	-4.418130171705767	-0.8450755725390279	0.15829972895761021	1.9875207659617091
6.400000000000006	0.0	6.400000000000006	0.0	0.38862304983020113	-4.413672062486642	-0.8450805411965915	0.158326707802352	1.987302949887037
7.466666666666669	0.0	7.466666666666669	0.0	0.44685132738985966	-4.404867579820653	-0.8451019396915855	0.15840106596274028	1.9874008206364586
8.533333333333331	0.0	8.533333333333331	0.0	0.5050789250975919	-4.398311355679374	-0.8450593465989923	0.1584499047544745	1.987178604670639
9.599999999999994	0.0	9.599999999999994	0.0	0.5633066745235548	-4.398636636412456	-0.8450785022226452	0.15844547266900197	1.9868649675519339
10.666666666666671	0.0	10.666666666666671	0.0	0.621535419623892	-4.392339276110812	-0.8450634352783263	0.15850381951819092	1.9870181481525089
11.733333333333334	0.0	11.733333333333334	0.0	0.6797660136245051	-4.387016717058557	-0.8450582412604846	0.15855173540592848	1.986693006928169
12.799999999999997	0.0	12.799999999999997	0.0	0.7379993158951843	-4.380179168169894	-0.8450430240759799	0.15859598114056278	1.9871441460109467
13.86666666666666	0.0	13.86666666666666	0.0	0.7962361888303604	-4.375991040564144	-0.8450535194260829	0.15862183318391332	1.986855395105828
14.933333333333337	0.0	14.933333333333337	0.0	0.8544774947527677	-4.372957648292822	-0.8450397831805496	0.1586676242461699	1.9865959839626515
16.0	0.0	16.0	0.0	0.9127240928562825	-4.369955935237762	-0.8450393539228769	0.15867365531647423	1.986682393532208
17.066666666666663	0.0	17.066666666666663	0.0	0.9709768362042303	-4.376784780927107	-0.8450458786395049	0.15862343216874483	1.9856901429584142
18.133333333333326	0.0	18.133333333333326	0.0	1.0292365687994187	-4.368054087655094	-0.845055064753705	0.15871689229557717	1.9860025459613075
19.200000000000003	0.0	19.200000000000003	0.0	1.0875041227421884	-4.363256253182189	-0.8450359198614936	0.15873796884731659	1.9858573388220089
20.266666666666666	0.0	20.266666666666666	0.0	1.1457803154927464	-4.360641655427991	-0.8450629845577702	0.15876255458053204	1.9856987173804301
21.33333333333333	0.0	21.33333333333333	0.0	1.2040659472540736	-4.354866594399854	-0.8450230421313067	0.15880546961638026	1.986029750166328
22.400000000000006	0.0	22.400000000000006	0.0	1.2623617984916657	-4.356497902334176	-0.845039654403248	0.15879702397166603	1.9860387323831352
23.46666666666667	0.0	23.46666666666667	0.0	1.3206686276063948	-4.345683592317901	-0.8450173330042564	0.1588806970235561	1.9859205577457844
24.53333333333333	0.0	24.53333333333333	0.0	1.3789871687767694	-4.344878219072006	-0.845042734327051	0.15889404693718345	1.9858705063011255
25.599999999999994	0.0	25.599999999999994	0.0	1.4373181299868607	-4.342561483217034	-0.8450012894987323	0.15892275354405863	1.9859393377689745
26.66666666666667	0.0	26.66666666666667	0.0	1.4956621912561816	-4.346673149299798	-0.8450509438800451	0.15886676761207055	1.9852806847956745
27.733333333333334	0.0	27.733333333333334	0.0	1.5540200030877847	-4.346691929322986	-0.8450254996314834	0.15887706979622	1.9850634374874196
28.799999999999997	0.0	28.799999999999997	0.0	1.6123921851508696	-4.3360535612953885	-0.845030382437513	0.15895310206153287	1.985264963233405
29.86666666666666	0.0	29.86666666666666	0.0	1.670779325214162	-4.329636373714354	-0.8450026309289602	0.1590190789658576	1.9856517565910143
30.933333333333337	0.0	30.933333333333337	0.0	1.7291819783463485	-4.3231440123833575	-0.8450249415965093	0.15905702534414204	1.9857915014264271
32.0	0.0	32.0	0.0	1.7876006663998416	-4.319207097099231	-0.8449892380895652	0.15908410077186028	1.9857019046186508
33.06666666666666	0.0	33.06666666666666	0.0	1.8460358777941588	-4.316847907660406	-0.8450206275568967	0.1591027305548643	1.9853280748427635
34.133333333333326	0.0	34.133333333333326	0.0	1.9044880676151767	-4.3148406343932715	-0.8449994973479475	0.15913535413800461	1.9851757312946514
35.2	0.0	35.2	0.0	1.9629576580465535	-4.311718106766174	-0.8449939491925258	0.15915213811301507	1.985104356475089
36.266666666666666	0.0	36.266666666666666	0.0	2.021445039149582	-4.310932994482434	-0.8449893132096585	0.15916572411836247	1.984772926625842
37.33333333333333	0.0	37.33333333333333	0.0	2.079950570007767	-4.301354216826071	-0.8449998622169703	0.15923546775876704	1.9853030813147585
38.39999999999999	0.0	38.39999999999999	0.0	2.1384745802523812	-4.293841102211795	-0.8449666591359707	0.1592995559293311	1.9856745716363287
39.46666666666667	0.0	39.46666666666667	0.0	2.1970173719853	-4.296268511426286	-0.8450093058857735	0.15927384339472442	1.985443534425332
40.53333333333333	0.0	40.53333333333333	0.0	2.2555792221153697	-4.288950118823883	-0.844977047171655	0.15935163561649582	1.9854024115402678
41.599999999999994	0.0	41.599999999999994	0.0	2.3141603851246044	-4.291870788030298	-0.844995634028892	0.15932048224088496	1.9853351361314815
42.66666666666667	0.0	42.66666666666667	0.0	2.3727610962804784	-4.288620524051184	-0.8449664659700185	0.1593509380727774	1.9849936616526895
43.733333333333334	0.0	43.733333333333334	0.0	2.4313815753105863	-4.288413600389962	-0.8449963101097263	0.1593566901255942	1.9851773410109232
44.8	0.0	44.8	0.0	2.490022030555963	-4.2931850355159735	-0.8449783778704415	0.15929920179175108	1.9849978039892333
45.86666666666666	0.0	45.86666666666666	0.0	2.548682663619322	-4.289396364369187	-0.8449791719971361	0.15935799936149658	1.9850465998552016
46.93333333333334	0.0	46.93333333333334	0.0	2.607363674524507	-4.292731213572739	-0.8449581812969313	0.15931289511151653	1.9849418824458969
48.0	0.0	48.0	0.0	2.6660652674034075	-4.291875144995676	-0.8449833894537726	0.15933516285329818	1.9847513778906631
49.06666666666666	0.0	49.06666666666666	0.0	2.724787656726653	-4.288632779357746	-0.844963418240541	0.15934643086721195	1.9850301270920037
50.133333333333326	0.0	50.133333333333326	0.0	2.783531074094322	-4.286591347911289	-0.8449881112881741	0.15935613209061944	1.9847436619839929
51.19999999999999	0.0	51.19999999999999	0.0	2.8422957756029708	-4.281176391144946	-0.8449626885024967	0.15941255801172236	1.985565787010575
52.26666666666665	0.0	52.26666666666665	0.0	2.901082049805243	-4.2884937964547	-0.8449792149229031	0.15935298777816542	1.9850969195859065
53.33333333333334	0.0	53.33333333333334	0.0	2.9598902262783517	-4.287130517011335	-0.8449702112432145	0.15935543454690096	1.9847995942587724
54.400000000000006	0.0	54.400000000000006	0.0	3.0187206848176857	-4.283260662507159	-0.844963976275515	0.15938953906901293	1.985179605345149
55.46666666666667	0.0	55.46666666666667	0.0	3.0775738652718507	-4.2861022517187815	-0.8449659830551358	0.15937527698283083	1.9850233662836538
56.53333333333333	0.0	56.53333333333333	0.0	3.13645027803539	-4.28677598236784	-0.8449913951093714	0.15937915103332873	1.9850922621401554
57.599999999999994	0.0	57.599999999999994	0.0	3.195350515215478	-4.288839906916362	-0.8449797836893197	0.1593409900262079	1.984813910002163
58.66666666666666	0.0	58.66666666666666	0.0	3.2542752624888656	-4.284521961058885	-0.8449830031218667	0.15936988979903596	1.9850534465150826
59.73333333333332	0.0	59.73333333333332	0.0	3.3132253116653385	-4.281126146534327	-0.8449497141893336	0.1594110878041926	1.985499810106249
60.80000000000001	0.0	60.80000000000001	0.0	3.372201573973985	-4.2855268640025885	-0.8449867483950629	0.15937672572747683	1.9853315732927985
61.866666666666674	0.0	61.866666666666674	0.0	3.431205094088528	-4.286719835464232	-0.8449633860462155	0.15937196096730782	1.9849680457010592
62.93333333333334	0.0	62.93333333333334	0.0	3.490237064908026	-4.285721306996966	-0.8449796441805765	0.15938961418910572	1.985203547191855
64.0	0.0	64.0	0.0	3.549298843109189	-4.2795891465107445	-0.8449684512867551	0.15941938320872134	1.985205017399384
65.06666666666666	0.0	65.06666666666666	0.0	3.6083919654866037	-4.277513299330361	-0.8449767681541676	0.15942846200850325	1.9855089103689147
66.13333333333333	0.0	66.13333333333333	0.0	3.667518166097146	-4.283336877206978	-0.8449494566347296	0.15939798471372732	1.9854722410322063
67.19999999999999	0.0	67.19999999999999	0.0	3.7266793942248477	-4.273193593516424	-0.844968569332616	0.15946771762269005	1.9860922500835034
68.26666666666665	0.0	68.26666666666665	0.0	3.7858778331825	-4.2787827323149905	-0.8449629138627749	0.1594244913750289	1.9853450519837261
69.33333333333334	0.0	69.33333333333334	0.0	3.845115919966272	-4.287348129188612	-0.8449836899341433	0.1593589222654934	1.9850821423905172
70.4	0.0	70.4	0.0	3.9043963657796077	-4.280830420192029	-0.8449603490481788	0.15942100365643655	1.9853214857374852
71.46666666666667	0.0	71.46666666666667	0.0	3.9637221774427083	-4.287228967258616	-0.84498025587276	0.15937459017055416	1.9848664940670926
72.53333333333333	0.0	72.53333333333333	0.0	4.023096679703835	-4.28288789514401	-0.8449623772906841	0.15939597793410637	1.9851660408026857
73.6	0.0	73.6	0.0	4.082523538468745	-4.278901325478568	-0.8449704044091672	0.15943857102670014	1.9854268148389724
74.66666666666666	0.0	74.66666666666666	0.0	4.142006784964515	-4.2911314882716995	-0.8449684727496388	0.1593254723613326	1.9846970124063896
75.73333333333332	0.0	75.73333333333332	0.0	4.201550840854042	-4.276432128029626	-0.8449809212221533	0.15944914149689526	1.9856133702236152
76.80000000000001	0.0	76.80000000000001	0.0	4.261160544317486	-4.277985386187582	-0.8449495854120314	0.1594496888004283	1.985792660422144
77.86666666666667	0.0	77.86666666666667	0.0	4.320841177116942	-4.284880219512688	-0.8449736238417139	0.1593739355526031	1.985134576215262
78.93333333333334	0.0	78.93333333333334	0.0	4.380598492660622	-4.287676457651177	-0.8449870918012009	0.15935349215593114	1.9845595104423177
80.0	0.0	80.0	0.0	4.440438745082791	-4.2811595857070515	-0.8449747506431051	0.15941916857988483	1.985011422188907
