Hysterese	V-MOKE
Charge	2020_0446
Sample	1
Sample State	bFC
User	Meike Reginka
Sample Angle	45.0
Magnetic Field Angle	90.0
Detektor Averages	300
Hysteresus Points	150
Magnetic Field [kA/m]	80
Hysteresis Averages	100
Polarization	p-polarization
Measurement Method	Scan Both Angles
Max Voltage Correction	No
Training Effect Elimination	No
Magnetic field [kA/m]	Magnetic field transversal [kA/m]	Magnetic field longitudinal [kA/m]	Magnetic field transversal [V]	Magnetic field longitudinal [V]	Detector diff transversal [V]	Detector diff longitudinal [V]	Detector raw transversal [V]	Detector raw longitudinal [V]
80.0	80.0	0.0	-4.342489581062203	0.0	-10.564330034502342	-0.8456461525692898	0.08598398730844688	1.0706525077061066
78.93333333333334	78.93333333333334	0.0	-4.283945631442396	0.0	-10.564309923780375	-0.8463107185670325	0.08599404266943454	1.0705395485494829
77.86666666666666	77.86666666666666	0.0	-4.225481927972428	0.0	-10.56436611360975	-0.8463406163639506	0.08601197490871998	1.070685903953059
76.8	76.8	0.0	-4.167093947216811	0.0	-10.564333178814804	-0.8463437928707301	0.0860106978671431	1.0707027201223946
75.73333333333333	75.73333333333333	0.0	-4.108777426500553	0.0	-10.564308636007354	-0.8463328253371877	0.08601408900275904	1.0708074482631407
74.66666666666667	74.66666666666667	0.0	-4.050528351430542	0.0	-10.564287216049474	-0.8463280069198088	0.08597472607415402	1.0704202149164157
73.6	73.6	0.0	-3.992342943813344	0.0	-10.56429295737085	-0.8463269981642777	0.085962878562382	1.0703252738506128
72.53333333333333	72.53333333333333	0.0	-3.934217649963252	0.0	-10.564292946639409	-0.8463154725957606	0.08601358462499333	1.070406682568279
71.46666666666667	71.46666666666667	0.0	-3.876149129394453	0.0	-10.564246157553058	-0.846318337890727	0.08597385682736634	1.070270811783364
70.4	70.4	0.0	-3.818134243891202	0.0	-10.564232947148176	-0.8463329648459313	0.08595989522155525	1.070333021951609
69.33333333333333	69.33333333333333	0.0	-3.760170046949834	0.0	-10.564207384853763	-0.8463068015907679	0.08596559361716306	1.0702026242020226
68.26666666666667	68.26666666666667	0.0	-3.7022537735865026	0.0	-10.564270249639957	-0.8463377832633092	0.08599101640284056	1.070552683834274
67.2	67.2	0.0	-3.6443828305044987	0.0	-10.564265280982386	-0.8463301317452899	0.08596927450170819	1.070380218832744
66.13333333333333	66.13333333333333	0.0	-3.586554786615013	0.0	-10.564304976585692	-0.846322812901967	0.08600527848902274	1.0703982261921225
65.06666666666666	65.06666666666666	0.0	-3.5287673639052177	0.0	-10.564307090679733	-0.8463214500088557	0.085986702363228	1.0703769242801044
64.0	64.0	0.0	-3.4710184286475108	0.0	-10.564217214854473	-0.8463173184037537	0.0859615049378287	1.0702075713967025
62.93333333333334	62.93333333333334	0.0	-3.4133059829438133	0.0	-10.564281850328566	-0.846313433621814	0.08597811720976992	1.0701923542121987
61.86666666666667	61.86666666666667	0.0	-3.3556281565987605	0.0	-10.56431605143365	-0.8463360555011762	0.08597480119424677	1.0702151692575133
60.8	60.8	0.0	-3.2979831993156687	0.0	-10.564288171147796	-0.8463165350085007	0.08597372805006456	1.0702275855357017
59.733333333333334	59.733333333333334	0.0	-3.2403694732091295	0.0	-10.564270807674923	-0.8463357228264797	0.0859641985297261	1.0701481728662159
58.66666666666667	58.66666666666667	0.0	-3.1827854456281033	0.0	-10.564194829066821	-0.8463318380445398	0.08596618384646336	1.0701314854741812
57.6	57.6	0.0	-3.1252296822833725	0.0	-10.564265227325182	-0.8463293268871523	0.0859900613045184	1.0702296245096476
56.53333333333333	56.53333333333333	0.0	-3.0677008406732234	0.0	-10.564319464032149	-0.8463249806532152	0.08597524118336147	1.0701858831527802
55.46666666666667	55.46666666666667	0.0	-3.0101976638012173	0.0	-10.564319099163127	-0.8463339843329044	0.08598315025598474	1.0702770574825045
54.4	54.4	0.0	-2.9527189741799083	0.0	-10.564322179086936	-0.8463394144424659	0.08597265490588223	1.0701365399832796
53.33333333333333	53.33333333333333	0.0	-2.895263668114395	0.0	-10.564320118650098	-0.8463347891910407	0.08597374951294816	1.0702859538477758
52.266666666666666	52.266666666666666	0.0	-2.837830710259539	0.0	-10.564263059573932	-0.8463280283826932	0.08597115250402715	1.0701125230164812
51.2	51.2	0.0	-2.7804191284447413	0.0	-10.564289308680632	-0.846325710391259	0.08597411438197015	1.0700212735666634
50.13333333333333	50.13333333333333	0.0	-2.7230280087601257	0.0	-10.564277278734345	-0.8463240899435437	0.08596420926116798	1.0699306680033558
49.06666666666666	49.06666666666666	0.0	-2.665656490897999	0.0	-10.564262598121935	-0.8463301961339407	0.08597064812626147	1.0698865188516984
48.0	48.0	0.0	-2.6083037637434527	0.0	-10.56426169668082	-0.8463221046268066	0.08599055495084222	1.0701182428749723
46.93333333333334	46.93333333333334	0.0	-2.5509690612079656	0.0	-10.564287602381375	-0.8463234460570345	0.0859759816528473	1.0701008364763362
45.86666666666667	45.86666666666667	0.0	-2.4936516582998802	0.0	-10.564296573866745	-0.8463230489936874	0.08598302147868281	1.0699022082196428
44.8	44.8	0.0	-2.4363508674256087	0.0	-10.564298537720596	-0.8463307863632411	0.08598775404452662	1.0699929747545778
43.733333333333334	43.733333333333334	0.0	-2.3790660349154367	0.0	-10.564316459228436	-0.8463204734476497	0.08599586701454437	1.0699754395786407
42.666666666666664	42.666666666666664	0.0	-2.3217965377677903	0.0	-10.564299846956493	-0.8463328468000713	0.08598107908771294	1.0699720699059072
41.6	41.6	0.0	-2.264541780605829	0.0	-10.564312145188829	-0.8463261611118154	0.08595318807041619	1.0698214755828122
40.53333333333333	40.53333333333333	0.0	-2.207301192840227	0.0	-10.564290735962391	-0.8463372037654509	0.0859695642506374	1.0698528543187005
39.46666666666667	39.46666666666667	0.0	-2.1500742260320136	0.0	-10.564265173667977	-0.8463334048350458	0.08596603360627776	1.06978666278554
38.4	38.4	0.0	-2.092860351449327	0.0	-10.564292624696156	-0.846318627639656	0.0859740929190865	1.0697188186103381
37.333333333333336	37.333333333333336	0.0	-2.0356590578119564	0.0	-10.564250654027191	-0.8463365169531744	0.0859734061068098	1.0697493710252068
36.266666666666666	36.266666666666666	0.0	-1.978469849217529	0.0	-10.564273082740591	-0.8463241650636364	0.08598129371654938	1.0697170586538793
35.2	35.2	0.0	-1.9212922432432114	0.0	-10.564312112994504	-0.8463292088412929	0.08599839963481454	1.0699831125595434
34.13333333333333	34.13333333333333	0.0	-1.8641257692167834	0.0	-10.564316942143325	-0.8463336945839748	0.08600178003898862	1.0698320460530077
33.06666666666667	33.06666666666667	0.0	-1.8069699666509589	0.0	-10.564320730342288	-0.8463303678370095	0.0860025956285671	1.0699113192137508
32.0	32.0	0.0	-1.7498243838348049	0.0	-10.564276237784489	-0.8463393393223736	0.08601742648116587	1.0699867397868796
30.933333333333337	30.933333333333337	0.0	-1.6926885765761346	0.0	-10.564294137829451	-0.8463244655440074	0.08602118248580375	1.0701253148951337
29.866666666666667	29.866666666666667	0.0	-1.6355621070887316	0.0	-10.564321975189541	-0.84631670671157	0.08601860693976639	1.0699558654287549
28.799999999999997	28.799999999999997	0.0	-1.5784445430182759	0.0	-10.564306876050896	-0.8463208705109967	0.08601480800936118	1.0698810994735781
27.733333333333334	27.733333333333334	0.0	-1.5213354566008253	0.0	-10.564337492854408	-0.8463179730217053	0.08598066056148192	1.0695200079191338
26.666666666666664	26.666666666666664	0.0	-1.4642344239477312	0.0	-10.56435066033353	-0.8463390066476772	0.0860186713284172	1.0698806165586965
25.6	25.6	0.0	-1.4071410244508409	0.0	-10.564300866443467	-0.8463307649003579	0.08601215734323103	1.0697485125098616
24.53333333333333	24.53333333333333	0.0	-1.3500548403018546	0.0	-10.564351379340131	-0.8463189388514691	0.08598442729756157	1.0696640453312758
23.46666666666667	23.46666666666667	0.0	-1.292975456119707	0.0	-10.564285048298224	-0.8463226411988978	0.08602557164550914	1.0697235297132985
22.4	22.4	0.0	-1.2359024586798253	0.0	-10.564347666261265	-0.8463396934599539	0.08602050640496897	1.0695787196373445
21.333333333333336	21.333333333333336	0.0	-1.1788354367391438	0.0	-10.564311147164744	-0.846331280009565	0.08602032397045795	1.069530353029051
20.266666666666666	20.266666666666666	0.0	-1.121773980950723	0.0	-10.564340991304448	-0.8463402836892544	0.08604645503129581	1.0697792580906829
19.200000000000003	19.200000000000003	0.0	-1.0647176838618537	0.0	-10.564365738009297	-0.8463332009376511	0.08603499385142928	1.069632634401061
18.133333333333333	18.133333333333333	0.0	-1.0076661399894944	0.0	-10.564362314679352	-0.8463210744083917	0.0860404776182006	1.0695260604523211
17.06666666666667	17.06666666666667	0.0	-0.9506189459669213	0.0	-10.56435836550876	-0.8463241650636371	0.08603928642815833	1.0694583450544217
16.0	16.0	0.0	-0.8935757007554419	0.0	-10.564316781171696	-0.8463279210682743	0.0860531943767603	1.069638386453878
14.933333333333337	14.933333333333337	0.0	-0.8365360059150497	0.0	-10.564333801238426	-0.8463265045179539	0.0860870306128267	1.0695204371768066
13.866666666666674	13.866666666666674	0.0	-0.77949946592787	0.0	-10.564280605481313	-0.8463338984813693	0.08608125709712619	1.0695661853132976
12.799999999999997	12.799999999999997	0.0	-0.7224656885682738	0.0	-10.564322865899205	-0.8463363559815467	0.08605560895117038	1.0692870175857248
11.733333333333334	11.733333333333334	0.0	-0.6654342853135198	0.0	-10.564291648134947	-0.8463356477063868	0.08608480920436952	1.0693903506390339
10.666666666666671	10.666666666666671	0.0	-0.6084048717887804	0.0	-10.56432107374843	-0.8463426338750131	0.0860813000228935	1.069112921405039
9.599999999999994	9.599999999999994	0.0	-0.551377068240432	0.0	-10.564353085639382	-0.8463370642567074	0.08611483577858893	1.0693043917900351
8.533333333333331	8.533333333333331	0.0	-0.49435050003146297	0.0	-10.564347108226286	-0.8463277386337634	0.08612954858532755	1.0693105945634083
7.466666666666669	7.466666666666669	0.0	-0.4373247981528619	0.0	-10.56429327931411	-0.8463188744628178	0.08612333508051236	1.0690500888131682
6.400000000000006	6.400000000000006	0.0	-0.3802995997448602	0.0	-10.564273072009152	-0.8463314731755176	0.08613901371701507	1.0690064976964841
5.333333333333329	5.333333333333329	0.0	-0.3232745486218845	0.0	-10.564310750101395	-0.8463312048894726	0.08613078270113717	1.06901777644184
4.266666666666666	4.266666666666666	0.0	-0.2662492957950903	0.0	-10.564306951170988	-0.8463312692781231	0.08611092953376552	1.0687428905595562
3.200000000000003	3.200000000000003	0.0	-0.20922349998633066	0.0	-10.564345487778574	-0.8463182198448673	0.08610864373665729	1.068602158431495
2.13333333333334	2.13333333333334	0.0	-0.15219682812743746	0.0	-10.564317146040718	-0.8463278030224147	0.0861295593167694	1.0685092134138698
1.0666666666666629	1.0666666666666629	0.0	-0.09516895583866962	0.0	-10.564364278533201	-0.8463222763298761	0.0860909797834174	1.068221106395261
0.0	0.0	0.0	-0.0381395678802	0.0	-10.564366542867429	-0.8463287581207365	0.08606631893010923	1.0679669000013703
-1.0666666666666629	-1.0666666666666629	0.0	0.01889164142950607	0.0	-10.564338093815154	-0.8463350360142027	0.08608846862603092	1.0679254229787247
-2.1333333333333258	-2.1333333333333258	0.0	0.07592496783454125	0.0	-10.564295039270565	-0.8463309473348687	0.08607635282821331	1.0677915267791058
-3.200000000000003	-3.200000000000003	0.0	0.13296069680778344	0.0	-10.564341946402772	-0.846331151232262	0.08602223416710235	1.0674519303026324
-4.266666666666666	-4.266666666666666	0.0	0.1899991032686266	0.0	-10.564310996924553	-0.8463447479690521	0.08604935252058783	1.0673446051529645
-5.333333333333329	-5.333333333333329	0.0	0.2470404513583625	0.0	-10.564258434322506	-0.8463351111342959	0.08606125368956903	1.0675752560320555
-6.400000000000006	-6.400000000000006	0.0	0.3040849942793354	0.0	-10.564243721515767	-0.8463289942124562	0.08602932765014704	1.0673679567703709
-7.466666666666669	-7.466666666666669	0.0	0.36113297420401097	0.0	-10.564274520753793	-0.8463271376730209	0.08601368120796979	1.0674137049068597
-8.533333333333331	-8.533333333333331	0.0	0.4181846222601038	0.0	-10.564290671573742	-0.8463297561448261	0.08601363828220246	1.067165368611645
-9.599999999999994	-9.599999999999994	0.0	0.4752401585978824	0.0	-10.564242240576798	-0.8463453918555617	0.0860021127136851	1.0672095714205114
-10.666666666666671	-10.666666666666671	0.0	0.5322997925458017	0.0	-10.564292968102293	-0.846322523153038	0.08596085031987748	1.066785797514382
-11.733333333333334	-11.733333333333334	0.0	0.5893637228605886	0.0	-10.564309634031439	-0.8463349501626677	0.08593426853848307	1.0668410322454425
-12.799999999999997	-12.799999999999997	0.0	0.6464321380779278	0.0	-10.564312853463987	-0.8463331902062096	0.08590319028296509	1.066397083228687
-13.86666666666666	-13.86666666666666	0.0	0.7035052169698697	0.0	-10.56433468121666	-0.8463223192556429	0.08589762066465921	1.066333499435888
-14.933333333333337	-14.933333333333337	0.0	0.7605831291151076	0.0	-10.564312145188824	-0.8463279425311581	0.08585743141503377	1.0661326712336225
-16.0	-16.0	0.0	0.8176660355882505	0.0	-10.56419187792032	-0.8463259357515373	0.08583402614041896	1.0658676904721398
-17.066666666666663	-17.066666666666663	0.0	0.8747540897742391	0.0	-10.564196664143381	-0.8463285112975751	0.08581672705620097	1.065901612559741
-18.133333333333326	-18.133333333333326	0.0	0.9318474383140274	0.0	-10.564205506851442	-0.846333694583975	0.08580240058136797	1.0658235949776904
-19.200000000000003	-19.200000000000003	0.0	0.9889462221876749	0.0	-10.564194861261154	-0.8463273630332993	0.08576649317702983	1.065727087121381
-20.266666666666666	-20.266666666666666	0.0	1.0460505779409777	0.0	-10.564226207802715	-0.84631900324012	0.08576172841686053	1.0655357025879189
-21.33333333333333	-21.33333333333333	0.0	1.1031606390617854	0.0	-10.564224265411745	-0.8463289834810149	0.08573442762886403	1.065447436478928
-22.400000000000006	-22.400000000000006	0.0	1.1602765375121282	0.0	-10.564271258395484	-0.8463237465374057	0.08571087211406367	1.0653075521347717
-23.46666666666667	-23.46666666666667	0.0	1.2173984054222904	0.0	-10.564297164096047	-0.8463198724869074	0.08568647954680103	1.0651927793644793
-24.53333333333333	-24.53333333333333	0.0	1.2745263769529795	0.0	-10.564147417556859	-0.8463257747799093	0.085683582057509	1.0650731989082514
-25.599999999999994	-25.599999999999994	0.0	1.3316605903317076	0.0	-10.564226508283086	-0.8463288868980382	0.0856420299147721	1.0650047752351908
-26.66666666666667	-26.66666666666667	0.0	1.3888011900695343	0.0	-10.564249591614447	-0.8463272342559978	0.08566778537514623	1.0651447883566485
-27.733333333333334	-27.733333333333334	0.0	1.4459483293643003	0.0	-10.564226830226339	-0.8463271913302308	0.08564872633446934	1.065002349929338
-28.799999999999997	-28.799999999999997	0.0	1.5031021726964937	0.0	-10.564206472681205	-0.8463263328148847	0.08563540861516764	1.0649570417819638
-29.86666666666666	-29.86666666666666	0.0	1.5602628986238758	0.0	-10.564273265175105	-0.8463161272137115	0.08560957803470082	1.0648362164784846
-30.933333333333337	-30.933333333333337	0.0	1.6174307027810082	0.0	-10.56424846481305	-0.846319582737978	0.08558749272743008	1.0646658119137844
-32.0	-32.0	0.0	1.6746058010898164	0.0	-10.564169084337896	-0.8463289620181317	0.08557319844692245	1.06458882455015
-33.06666666666666	-33.06666666666666	0.0	1.731788433187324	0.0	-10.56412509615786	-0.846320451984766	0.08553515548566162	1.064311931888245
-34.133333333333326	-34.133333333333326	0.0	1.788978866076694	0.0	-10.5640817411329	-0.8463156335673875	0.08554700299743369	1.0642550445151442
-35.2	-35.2	0.0	1.8461773980077143	0.0	-10.56412259573192	-0.8463063830645369	0.08553855735271938	1.0643321821189637
-36.266666666666666	-36.266666666666666	0.0	1.903384362592853	0.0	-10.564168193628227	-0.8463137448336272	0.08547841835274593	1.0640428195216614
-37.33333333333333	-37.33333333333333	0.0	1.9606001331650438	0.0	-10.564169417012593	-0.8463246479785185	0.08547082049193562	1.063992435402305
-38.39999999999999	-38.39999999999999	0.0	2.0178251273833046	0.0	-10.564151946225302	-0.8463348965054588	0.08545420821999433	1.063851381330989
-39.46666666666667	-39.46666666666667	0.0	2.0750598120923507	0.0	-10.564112722805442	-0.8463211387970426	0.0854337970176479	1.0637147700765888
-40.53333333333333	-40.53333333333333	0.0	2.1323047084423257	0.0	-10.564174471521689	-0.8463173505980791	0.08541978175462761	1.0634649099166358
-41.599999999999994	-41.599999999999994	0.0	2.18956039727479	0.0	-10.56417913969888	-0.8463063830645364	0.08542676792325413	1.0635671161685527
-42.66666666666667	-42.66666666666667	0.0	2.246827524781106	0.0	-10.564125214203727	-0.8463271913302307	0.08536901130336531	1.0633900903042488
-43.733333333333334	-43.733333333333334	0.0	2.304106808439335	0.0	-10.564151130635722	-0.8463233387426164	0.08538128807281029	1.0632305459586735
-44.8	-44.8	0.0	2.3613990432358243	0.0	-10.56412820827599	-0.846316932071848	0.08534165685815971	1.0629557781222487
-45.86666666666666	-45.86666666666666	0.0	2.4187051081775675	0.0	-10.564087300019766	-0.8463165457399426	0.08536310901036293	1.0629606716597204
-46.93333333333334	-46.93333333333334	0.0	2.4760259731015175	0.0	-10.564142137687476	-0.8462999334680013	0.08533769695612721	1.0629610472601838
-48.0	-48.0	0.0	2.53336270578696	0.0	-10.564038010507478	-0.8463113839164261	0.08531434533872137	1.0627823580223958
-49.06666666666666	-49.06666666666666	0.0	2.5907164793770994	0.0	-10.56397171165989	-0.8463214070830883	0.08532997031801495	1.0629638910922665
-50.133333333333326	-50.133333333333326	0.0	2.6480885801159855	0.0	-10.564080013370763	-0.8463156979560383	0.0853265362566318	1.0629166405539219
-51.19999999999999	-51.19999999999999	0.0	2.705480415406914	0.0	-10.564077577333473	-0.8463070484139295	0.08529154102484852	1.0626378698896997
-52.26666666666665	-52.26666666666665	0.0	2.762893522198445	0.0	-10.564085947858096	-0.8463160735565023	0.08530338853662058	1.0627382625279476
-53.33333333333334	-53.33333333333334	0.0	2.820329575704172	0.0	-10.563888371282703	-0.8463251952820514	0.08530441875503555	1.0626988352106919
-54.400000000000006	-54.400000000000006	0.0	2.877790398462363	0.0	-10.56404168066058	-0.8463241221378693	0.08528696943063206	1.0626369469857013
-55.46666666666667	-55.46666666666667	0.0	2.935277969741645	0.0	-10.564055449100438	-0.846323467519918	0.08528857914690552	1.0626423770952644
-56.53333333333333	-56.53333333333333	0.0	2.9927944352988205	0.0	-10.56409543445267	-0.8463209778254154	0.08526513094652335	1.062688286203382
-57.599999999999994	-57.599999999999994	0.0	3.050342117494992	0.0	-10.563998776356163	-0.8463196578580713	0.08527356585979576	1.0625890310979633
-58.66666666666666	-58.66666666666666	0.0	3.1079235257761075	0.0	-10.563978858800144	-0.8463170608491498	0.08529516825218457	1.0628510070557355
-59.73333333333332	-59.73333333333332	0.0	3.1655413675240673	0.0	-10.564051821873093	-0.8462986349635412	0.08527339415672662	1.0627760050088382
-60.80000000000001	-60.80000000000001	0.0	3.223198559284539	0.0	-10.563858720308945	-0.8463067586650004	0.08529877401663694	1.0627550572344007
-61.866666666666674	-61.866666666666674	0.0	3.28089823837759	0.0	-10.564007919544604	-0.8463269659699525	0.08528480167938399	1.062698931793669
-62.93333333333334	-62.93333333333334	0.0	3.338643774897311	0.0	-10.564028341478393	-0.8463104932067554	0.08528688357909754	1.0626345753370585
-64.0	-64.0	0.0	3.39643878410653	0.0	-10.564027955146484	-0.8463094844512234	0.08528136761800079	1.0627436819060687
-65.06666666666666	-65.06666666666666	0.0	3.454287139232773	0.0	-10.564089768251387	-0.8463117595168898	0.08527174151468596	1.0626628634177036
-66.13333333333333	-66.13333333333333	0.0	3.5121929846716027	0.0	-10.563960357794446	-0.8463221368211323	0.0852752506961619	1.0627946133289585
-67.19999999999999	-67.19999999999999	0.0	3.570160749603466	0.0	-10.564042421130067	-0.8463081644838795	0.08526513094652324	1.062618542562976
-68.26666666666665	-68.26666666666665	0.0	3.628195162030197	0.0	-10.564087611231573	-0.8463229094849435	0.08530040519579389	1.0627872837541934
-69.33333333333334	-69.33333333333334	0.0	3.6863012632373016	0.0	-10.563969758537473	-0.8463131224100009	0.08527463900397805	1.0629066817759105
-70.4	-70.4	0.0	3.7444844226881497	0.0	-10.56393637302197	-0.8462971540245694	0.08530667235781825	1.0629464739621892
-71.46666666666667	-71.46666666666667	0.0	3.802750353356249	0.0	-10.563988581486438	-0.8463148716350182	0.08530102761941963	1.0630276143938089
-72.53333333333333	-72.53333333333333	0.0	3.861105127501684	0.0	-10.564039824121139	-0.8463081859467626	0.08527049666743448	1.062900897528769
-73.6	-73.6	0.0	3.9195551928979	0.0	-10.564034254502838	-0.8463212353800192	0.08531080396291996	1.0630681148552474
-74.66666666666666	-74.66666666666666	0.0	3.9781073895149364	0.0	-10.564068004887366	-0.84631270388377	0.08527856671168506	1.0628481524922109
-75.73333333333332	-75.73333333333332	0.0	4.036768966665268	0.0	-10.564039223160398	-0.8463172110893357	0.0852986023135677	1.0630205316422054
-76.80000000000001	-76.80000000000001	0.0	4.09554760061838	0.0	-10.564063401098833	-0.8463100854119655	0.08527560483374205	1.063139575526344
-77.86666666666667	-77.86666666666667	0.0	4.1544514126901975	0.0	-10.564089897028685	-0.8463125643750264	0.08529755063226911	1.063053573751577
-78.93333333333334	-78.93333333333334	0.0	4.213488987813546	0.0	-10.563980790459675	-0.8463068337850932	0.08529394486781675	1.062878447352476
-80.0	-80.0	0.0	4.272669393595734	0.0	-10.564020174851164	-0.8463291659155258	0.08529262490047258	1.0631892621019816
-80.0	-80.0	0.0	4.334632001425141	0.0	-10.564200892331455	-0.845631568539853	0.0852616324964891	1.0629174454120598
-78.93333333333334	-78.93333333333334	0.0	4.2765525217646445	0.0	-10.564092139900021	-0.8463229631421523	0.08532052664921115	1.0630408891873442
-77.86666666666666	-77.86666666666666	0.0	4.2185409905834925	0.0	-10.564053764264067	-0.8463282644744123	0.08529564043562471	1.063053090836696
-76.8	-76.8	0.0	4.160591136621887	0.0	-10.56403466229763	-0.84631588039055	0.08528407194134005	1.0632719693241086
-75.73333333333333	-75.73333333333333	0.0	4.1026972267289015	0.0	-10.564004356705915	-0.8463175330325905	0.08528353536924893	1.0629768332111054
-74.66666666666667	-74.66666666666667	0.0	4.044854034561523	0.0	-10.56397906269754	-0.8463199046812329	0.08529550092688104	1.063024233989635
-73.6	-73.6	0.0	3.9870568103551984	0.0	-10.564078135368447	-0.8463152043097145	0.08528693723630663	1.0631080036245004
-72.53333333333333	-72.53333333333333	0.0	3.9293012517491834	0.0	-10.564024188410407	-0.8463062542872344	0.08527165566315137	1.0630692094623126
-71.46666666666667	-71.46666666666667	0.0	3.8715834756500076	0.0	-10.564019745593491	-0.8463150755324134	0.08530699430107297	1.0630109591961012
-70.4	-70.4	0.0	3.813899991116364	0.0	-10.564068616579554	-0.8463096776171766	0.08530339926806244	1.0630439691111466
-69.33333333333333	-69.33333333333333	0.0	3.7562476732487218	0.0	-10.56403893341147	-0.846326386472094	0.08528825720365081	1.0629555849562968
-68.26666666666667	-68.26666666666667	0.0	3.6986237380669853	0.0	-10.563980371933445	-0.8463379549663785	0.08527374829430677	1.0629168551827588
-67.2	-67.2	0.0	3.641025718359479	0.0	-10.564066931743175	-0.8463199046812332	0.08531823012066111	1.0632445290273689
-66.13333333333333	-66.13333333333333	0.0	3.583451440486598	0.0	-10.564102989387706	-0.8463073703571844	0.08525051472276099	1.0627285076473303
-65.06666666666666	-65.06666666666666	0.0	3.5258990021224057	0.0	-10.563979985601545	-0.846316223796688	0.08528028374237669	1.0628872364033286
-64.0	-64.0	0.0	3.4683667509174954	0.0	-10.563967129334237	-0.8463060074640731	0.08527056105608549	1.0628052159934789
-62.93333333333334	-62.93333333333334	0.0	3.4108532640664255	0.0	-10.563980994357069	-0.8463117165911224	0.08532139589599874	1.0631545244248022
-61.86666666666667	-61.86666666666667	0.0	3.353357328763028	0.0	-10.564068584385227	-0.8463130580213497	0.08527448876379248	1.0628619209320689
-60.8	-60.8	0.0	3.2958779235269047	0.0	-10.56402991900034	-0.8463185095937961	0.0852855958060788	1.0628381293255496
-59.733333333333334	-59.733333333333334	0.0	3.238414200384411	0.0	-10.563956161800695	-0.8463206236878353	0.08530372121131709	1.0628780610205701
-58.66666666666667	-58.66666666666667	0.0	3.1809654678874364	0.0	-10.5638990705302	-0.8463225446159212	0.08528574604626432	1.0627645760232969
-57.6	-57.6	0.0	3.1235311749532944	0.0	-10.564063851819379	-0.8463164706198496	0.08525746869706201	1.0627293876255615
-56.53333333333333	-56.53333333333333	0.0	3.066110895509022	0.0	-10.563928496143674	-0.8463311297693792	0.08529014593741151	1.0628520694684767
-55.46666666666667	-55.46666666666667	0.0	3.0087043139233947	0.0	-10.564047014187159	-0.8463296702932915	0.08528751673416508	1.062801095119819
-54.4	-54.4	0.0	2.9513112112099673	0.0	-10.563923699189177	-0.8463304751514278	0.08531372291509566	1.0630291704528738
-53.33333333333333	-53.33333333333333	0.0	2.8939314519844546	0.0	-10.564093513524579	-0.846311823905541	0.08527339415672662	1.0626733373049213
-52.266666666666666	-52.266666666666666	0.0	2.836564972159741	0.0	-10.563986274226444	-0.8463244333496823	0.08528265539101948	1.0628359401114162
-51.2	-51.2	0.0	2.7792117673618404	0.0	-10.56399476279693	-0.8463084327699248	0.08527602335997315	1.0628072549674246
-50.13333333333333	-50.13333333333333	0.0	2.7218718820501118	0.0	-10.563982325055854	-0.8463171574321264	0.08529635944222681	1.0629045354875462
-49.06666666666666	-49.06666666666666	0.0	2.6645453993250308	0.0	-10.563944582574974	-0.8463192822576074	0.08528019789084215	1.0627510973323686
-48.0	-48.0	0.0	2.60723243140683	0.0	-10.564039974361322	-0.8463258391685611	0.08528074519437505	1.0628247257547123
-46.93333333333334	-46.93333333333334	0.0	2.549933110768312	0.0	-10.564098353404843	-0.8463214929346229	0.08528631481268098	1.0626497817901217
-45.86666666666667	-45.86666666666667	0.0	2.492647581905143	0.0	-10.564084509844886	-0.8463179622902635	0.08527751503038647	1.0626359382301702
-44.8	-44.8	0.0	2.435375993726936	0.0	-10.564148007786157	-0.8463056640579343	0.08530101688797785	1.0628422287363246
-43.733333333333334	-43.733333333333334	0.0	2.378118492552427	0.0	-10.564094500817227	-0.8463173398666377	0.08530004032677198	1.0626911193040223
-42.666666666666664	-42.666666666666664	0.0	2.32087521569205	0.0	-10.564130805284915	-0.8463079498550425	0.08530235831820564	1.0627282393612858
-41.6	-41.6	0.0	2.2636462856012263	0.0	-10.564049965333666	-0.8463220080438305	0.08527440291225787	1.0626586781553922
-40.53333333333333	-40.53333333333333	0.0	2.2064318045876616	0.0	-10.564072866230514	-0.8463223514499684	0.0852988169424042	1.0627217253761012
-39.46666666666667	-39.46666666666667	0.0	2.1492318500559726	0.0	-10.56402057191452	-0.8462981305857751	0.08531071811138533	1.0628361762031375
-38.4	-38.4	0.0	2.092046470272937	0.0	-10.56402614153282	-0.8463099780975472	0.08528971667973868	1.0627094915324222
-37.333333333333336	-37.333333333333336	0.0	2.0348756806366817	0.0	-10.564053077451788	-0.846314699931949	0.08529070397238639	1.0627988951742455
-36.266666666666666	-36.266666666666666	0.0	1.977719460433113	0.0	-10.563945902542311	-0.8463150218752041	0.08530092030500133	1.0626993932456665
-35.2	-35.2	0.0	1.920577750062899	0.0	-10.563966142041588	-0.8463141526284165	0.08529975057784274	1.0626001059459254
-34.13333333333333	-34.13333333333333	0.0	1.8634504487223043	0.0	-10.563963673809969	-0.8463031421691063	0.08531302537137721	1.0626185211000927
-33.06666666666667	-33.06666666666667	0.0	1.8063374125211922	0.0	-10.56391371894829	-0.8463103322351272	0.08532079493525674	1.0627051560299254
-32.0	-32.0	0.0	1.7492384530214933	0.0	-10.563973138941657	-0.8463143243314855	0.08529939644026265	1.0626262906639719
-30.933333333333337	-30.933333333333337	0.0	1.692153336179458	0.0	-10.56399400086456	-0.846305427966215	0.08532569920416956	1.0627176366967652
-29.866666666666667	-29.866666666666667	0.0	1.635081781674985	0.0	-10.56403959876087	-0.8463251201619586	0.08533367266544371	1.062992984031048
-28.799999999999997	-28.799999999999997	0.0	1.5780234626113472	0.0	-10.5640266244477	-0.8463046982281709	0.08530344219382967	1.0625701008345898
-27.733333333333334	-27.733333333333334	0.0	1.5209780055686137	0.0	-10.56400980827836	-0.8463096668857344	0.08531006349343423	1.0623518876965696
-26.666666666666664	-26.666666666666664	0.0	1.4639449909940745	0.0	-10.564070161907175	-0.8463267620725573	0.0853247226429637	1.0627358050277702
-25.6	-25.6	0.0	1.4069239539129832	0.0	-10.563958597837987	-0.8463098278573616	0.08532868254499622	1.06264524239023
-24.53333333333333	-24.53333333333333	0.0	1.3499143849429092	0.0	-10.564101862586314	-0.8463062864815604	0.0853188954700542	1.062604377059771
-23.46666666666667	-23.46666666666667	0.0	1.2929157315950264	0.0	-10.564023405015154	-0.846322158284016	0.08531251026216967	1.0625422634745028
-22.4	-22.4	0.0	1.235927399845624	0.0	-10.563953650643304	-0.8463189495829109	0.08532253342883202	1.062737414744045
-21.333333333333336	-21.333333333333336	0.0	1.1789487559611669	0.0	-10.563976143745364	-0.8463041723875213	0.08536500847556551	1.0628656232794975
-20.266666666666666	-20.266666666666666	0.0	1.1219791285601926	0.0	-10.563984138669525	-0.8463329219201634	0.0853731107141415	1.0627861354899186
-19.200000000000003	-19.200000000000003	0.0	1.0650178108953703	0.0	-10.563978751485728	-0.8463166959801285	0.08537669501571027	1.0629659086033298
-18.133333333333333	-18.133333333333333	0.0	1.0080640633390137	0.0	-10.564026903465184	-0.8463170930434757	0.08540378117487034	1.062900811677234
-17.06666666666667	-17.06666666666667	0.0	0.9511171160553648	0.0	-10.5641281868131	-0.8463150540695294	0.08540592746323482	1.0628774493283861
-16.0	-16.0	0.0	0.8941761718429497	0.0	-10.56404370890308	-0.8463111585561481	0.08538065491774277	1.0627793854130125
-14.933333333333337	-14.933333333333337	0.0	0.8372404091303182	0.0	-10.56405791733206	-0.8463273952276252	0.08542502942967888	1.0629075080969315
-13.866666666666674	-13.866666666666674	0.0	0.780308985108466	0.0	-10.564034640834741	-0.8463360662326176	0.08541947054281485	1.062881913608184
-12.799999999999997	-12.799999999999997	0.0	0.7233810389832572	0.0	-10.564077384167522	-0.8463169535347325	0.08544436748784308	1.0627733221483822
-11.733333333333334	-11.733333333333334	0.0	0.6664556953311475	0.0	-10.564084284484615	-0.8463204949105336	0.08544471089398135	1.0627950103923065
-10.666666666666671	-10.666666666666671	0.0	0.6095320675415111	0.0	-10.564119998722994	-0.846336227204245	0.08548845225085006	1.062964288155614
-9.599999999999994	-9.599999999999994	0.0	0.5526092613288888	0.0	-10.564128873625384	-0.8463181232618905	0.0855254220679286	1.0630859183172299
-8.533333333333331	-8.533333333333331	0.0	0.49568637829845885	0.0	-10.564108076091136	-0.8463052455317037	0.08556203774742706	1.0632936253737055
-7.466666666666669	-7.466666666666669	0.0	0.4387625195480302	0.0	-10.56408249233382	-0.8463230060679199	0.0855720072568802	1.0633627251276003
-6.400000000000006	-6.400000000000006	0.0	0.3818367892898798	0.0	-10.564042066992478	-0.8463321277934688	0.08560522106932086	1.0634218768349262
-5.333333333333329	-5.333333333333329	0.0	0.3249082984757282	0.0	-10.564112894508504	-0.846311276602008	0.08567175600862054	1.0638027357052082
-4.266666666666666	-4.266666666666666	0.0	0.26797616840817	0.0	-10.56412507469498	-0.8463218363407613	0.08567371986247407	1.0638903793905727
-3.200000000000003	-3.200000000000003	0.0	0.21103953432185357	0.0	-10.564093717421972	-0.8463361091583849	0.08569245695989619	1.0641603931982677
-2.13333333333334	-2.13333333333334	0.0	0.15409754891773225	0.0	-10.56420589318335	-0.8463275669306942	0.08570862924272277	1.0642356206054457
-1.0666666666666629	-1.0666666666666629	0.0	0.09714938583368175	0.0	-10.564172056947278	-0.8463192071375149	0.085707341469704	1.0642875715153077
0.0	0.0	0.0	0.0401942430348	0.0	-10.564170275527935	-0.8463155691787366	0.08576933700911271	1.064823177776669
1.0666666666666629	1.0666666666666629	0.0	-0.01676865389331629	0.0	-10.56418914140266	-0.8463260001401884	0.08578391030710776	1.0650331813616958
2.1333333333333258	2.1333333333333258	0.0	-0.07374004856499573	0.0	-10.564226111219737	-0.8463340165272296	0.08580103768825642	1.0654404610417436
3.200000000000003	3.200000000000003	0.0	-0.13072065074532263	0.0	-10.564212171076809	-0.8463342204246245	0.08579919188026298	1.0656837964850678
4.266666666666666	4.266666666666666	0.0	-0.1877111334480573	0.0	-10.56424471953986	-0.8463154082071095	0.08581009502515463	1.0655531411808807
5.333333333333329	5.333333333333329	0.0	-0.244712130197352	0.0	-10.564176617810054	-0.8463245728584262	0.0858368485096182	1.0658949376029276
6.400000000000006	6.400000000000006	0.0	-0.30172423246994073	0.0	-10.564237540205278	-0.846329101526875	0.08581112524356961	1.0659168297442454
7.466666666666669	7.466666666666669	0.0	-0.35874798733450286	0.0	-10.564153212535437	-0.846330743437474	0.08582404589952398	1.06617546822361
8.533333333333331	8.533333333333331	0.0	-0.4157838953049008	0.0	-10.564167506815938	-0.8463388134817242	0.0858480628663227	1.0664615684625978
9.599999999999994	9.599999999999994	0.0	-0.47283240842397	0.0	-10.564180030408547	-0.8463199046812329	0.0858577533582885	1.0666080204491504
10.666666666666671	10.666666666666671	0.0	-0.5298939285945675	0.0	-10.564201718652477	-0.8463413353705523	0.08582993746108453	1.0667581747831312
11.733333333333334	11.733333333333334	0.0	-0.5869688061745607	0.0	-10.564186533662301	-0.8463262684262344	0.08583933820412104	1.0665559729563119
12.799999999999997	12.799999999999997	0.0	-0.6440573388524645	0.0	-10.564225617573422	-0.8463240255548928	0.08581538562597324	1.0662389447019898
13.86666666666666	13.86666666666666	0.0	-0.7011597708204031	0.0	-10.56419397055148	-0.8463241114064277	0.08582210350855414	1.0665789382418114
14.933333333333337	14.933333333333337	0.0	-0.7582762922611015	0.0	-10.564223374702069	-0.846323907509033	0.0858386406604026	1.0667365509278577
16.0	16.0	0.0	-0.815407039165591	0.0	-10.564146623430155	-0.8463255708825155	0.0858258487817502	1.0667369050654387
17.066666666666663	17.066666666666663	0.0	-0.8725520934983348	0.0	-10.56425362663657	-0.8463188959257021	0.08583086036508131	1.066846108217425
18.133333333333326	18.133333333333326	0.0	-0.9297114837264504	0.0	-10.56419573050794	-0.8463245835898676	0.08583603292003975	1.067147919287242
19.200000000000003	19.200000000000003	0.0	-0.9868851857297346	0.0	-10.564196771457794	-0.8463196900523964	0.08583607584580699	1.0670192707626733
20.266666666666666	20.266666666666666	0.0	-1.0440731241081747	0.0	-10.564201031840199	-0.8463302712540337	0.08584525122856528	1.0671589619408768
21.33333333333333	21.33333333333333	0.0	-1.1012751739036517	0.0	-10.564223256656215	-0.8463187564169583	0.08585239836881911	1.0673704893906406
22.400000000000006	22.400000000000006	0.0	-1.1584911627525145	0.0	-10.56419898213481	-0.8463191964060726	0.08587489147087908	1.0676207788082677
23.46666666666667	23.46666666666667	0.0	-1.2157208734857228	0.0	-10.564180770878036	-0.8463212246485767	0.08586886040057484	1.0674523380974217
24.53333333333333	24.53333333333333	0.0	-1.272964047193262	0.0	-10.564211301830028	-0.846327255718881	0.08586546926495892	1.0676124297465293
25.599999999999994	25.599999999999994	0.0	-1.3302203867695057	0.0	-10.564191115987953	-0.8463271913302308	0.08589961671283816	1.0678771207590827
26.66666666666667	26.66666666666667	0.0	-1.3874895609562332	0.0	-10.5642507613416	-0.846332106330585	0.08590197763003912	1.0679453619976318
27.733333333333334	27.733333333333334	0.0	-1.4447712088999851	0.0	-10.564275508046446	-0.8463248196815877	0.0859190191596533	1.068461834098224
28.799999999999997	28.799999999999997	0.0	-1.5020649452404609	0.0	-10.564128551682124	-0.846337665217449	0.08591495194320256	1.068466341303789
29.86666666666666	29.86666666666666	0.0	-1.5593703657466396	0.0	-10.564248572127479	-0.8463303249112423	0.08591972743481356	1.0686182770571124
30.933333333333337	30.933333333333337	0.0	-1.616687053517327	0.0	-10.564310986193112	-0.8463415070736217	0.08593477291624882	1.0687624861723248
32.0	32.0	0.0	-1.6740145857628108	0.0	-10.564318551859596	-0.8463316556100287	0.0859746724169449	1.0690281430146407
33.06666666666666	33.06666666666666	0.0	-1.731352541184335	0.0	-10.564301284969707	-0.846347806429971	0.08593730553651892	1.0691068366775252
34.133333333333326	34.133333333333326	0.0	-1.788700507968065	0.0	-10.564282526409396	-0.8463221260896897	0.08595041935842598	1.06899580918043
35.2	35.2	0.0	-1.8460580924102532	0.0	-10.564227892639085	-0.8463318058502144	0.08596724625920368	1.069110624876489
36.266666666666666	36.266666666666666	0.0	-1.9034249281902877	0.0	-10.564221968883194	-0.8463273093760907	0.0859693710846846	1.0691775032219264
37.33333333333333	37.33333333333333	0.0	-1.9608006863083274	0.0	-10.56431193055999	-0.8463312585466816	0.08599422510394554	1.0694629381115213
38.39999999999999	38.39999999999999	0.0	-2.018185085704204	0.0	-10.564325548759665	-0.846336570610383	0.0859695105934283	1.0694221264382706
39.46666666666667	39.46666666666667	0.0	-2.0755779045742972	0.0	-10.56427002427968	-0.8463179193644957	0.08600067470048087	1.0696440097293927
40.53333333333333	40.53333333333333	0.0	-2.132978992403061	0.0	-10.564310953998788	-0.8463281786228783	0.08596249223047632	1.0695787947574384
41.599999999999994	41.599999999999994	0.0	-2.1903882827259142	0.0	-10.564248657979007	-0.8463322029135617	0.08602024885036515	1.0698830204016643
42.66666666666667	42.66666666666667	0.0	-2.247805806640169	0.0	-10.564264948307693	-0.8463210958712756	0.08599071592246958	1.069791867534824
43.733333333333334	43.733333333333334	0.0	-2.3052317070806954	0.0	-10.56430639313601	-0.8463347677281574	0.08600776818352557	1.0698300500048277
44.8	44.8	0.0	-2.3626662538770318	0.0	-10.56434264394649	-0.846324315303822	0.08599314122832145	1.069981406260294
45.86666666666666	45.86666666666666	0.0	-2.420109859608605	0.0	-10.564278684553226	-0.8463297561448264	0.08599926888160214	1.0699873729419478
46.93333333333334	46.93333333333334	0.0	-2.4775630962747797	0.0	-10.564274756845519	-0.8463308614833338	0.08600200539926686	1.0700125381730203
48.0	48.0	0.0	-2.5350267127964097	0.0	-10.564292238364246	-0.846323789463173	0.0859933558571579	1.070077291692978
49.06666666666666	49.06666666666666	0.0	-2.5925016533656065	0.0	-10.564238098240253	-0.846330872214776	0.08598876280005785	1.0700273260998516
50.133333333333326	50.133333333333326	0.0	-2.6499890766603915	0.0	-10.564285874619248	-0.8463121136544696	0.08598189467729149	1.0699870509986926
51.19999999999999	51.19999999999999	0.0	-2.707490375940949	0.0	-10.564232271067342	-0.846332514125375	0.08597001497119391	1.0700845139533244
52.26666666666665	52.26666666666665	0.0	-2.765007200044159	0.0	-10.5642488618764	-0.8463216324433667	0.08597605677294005	1.0698936337976268
53.33333333333334	53.33333333333334	0.0	-2.822541475293108	0.0	-10.564141268440695	-0.8463287151949694	0.08601213588034731	1.0701572194716726
54.400000000000006	54.400000000000006	0.0	-2.8800954283382634	0.0	-10.564241371330011	-0.8463322351078872	0.0859745972968522	1.0699777575700746
55.46666666666667	55.46666666666667	0.0	-2.9376716099470257	0.0	-10.564223428359277	-0.846327223524556	0.08596307172833476	1.069941614074015
56.53333333333333	56.53333333333333	0.0	-2.9952729197583214	0.0	-10.564243657127115	-0.8463178764387282	0.08599965521350773	1.07014726069366
57.599999999999994	57.599999999999994	0.0	-3.052902632018954	0.0	-10.564272438854085	-0.8463122746260968	0.08596628042943967	1.0701837797901825
58.66666666666666	58.66666666666666	0.0	-3.110564422318395	0.0	-10.56426383223774	-0.8463300995509649	0.0859975625823523	1.0702321249355935
59.73333333333332	59.73333333333332	0.0	-3.1682623953387075	0.0	-10.564264572707229	-0.8463296059046412	0.08599129542032793	1.0702026778592317
60.80000000000001	60.80000000000001	0.0	-3.2260011136363067	0.0	-10.564283116638698	-0.8463200119956512	0.08599127395744438	1.07027055422876
61.866666666666674	61.866666666666674	0.0	-3.2837856274722257	0.0	-10.564242530325725	-0.8463310009920773	0.08594748967480849	1.0701846704998548
62.93333333333334	62.93333333333334	0.0	-3.341621505707621	0.0	-10.564201600606614	-0.8463219758495046	0.08595628945710292	1.070067150480456
64.0	64.0	0.0	-3.3995148677811597	0.0	-10.564316126553749	-0.8463107400299162	0.08599653236393742	1.0703066011418418
65.06666666666666	65.06666666666666	0.0	-3.4574724167850257	0.0	-10.564303087851929	-0.8463244333496824	0.08598646627150788	1.0702475030917247
66.13333333333333	66.13333333333333	0.0	-3.51550147365621	0.0	-10.564316083627977	-0.8463371930340097	0.08594289661770846	1.0701669421579634
67.19999999999999	67.19999999999999	0.0	-3.5736100124997923	0.0	-10.564310224260744	-0.8463241650636367	0.08599903278988204	1.0703527356102365
68.26666666666665	68.26666666666665	0.0	-3.6318066970609046	0.0	-10.564318820145646	-0.8463424836348276	0.08599089835698065	1.0704561008578715
69.33333333333334	69.33333333333334	0.0	-3.6901009183620634	0.0	-10.564316437765555	-0.8463436104362196	0.08596748235092382	1.0701939210027045
70.4	70.4	0.0	-3.748502833522565	0.0	-10.564320354741819	-0.8463376544860077	0.08597746259181877	1.0702730331918204
71.46666666666667	71.46666666666667	0.0	-3.8070234057766568	0.0	-10.564215970007213	-0.8463363345186634	0.08598027422957628	1.0703211851712777
72.53333333333333	72.53333333333333	0.0	-3.865674445707142	0.0	-10.564279478679923	-0.846317661809892	0.08600745697171278	1.070354098503348
73.6	73.6	0.0	-3.9244686537111386	0.0	-10.56429455635568	-0.8463226948561069	0.08597161395602544	1.0703860996628634
74.66666666666666	74.66666666666666	0.0	-3.9834196637146766	0.0	-10.564261471320538	-0.8463358086780136	0.08596616238357967	1.070101630603031
75.73333333333332	75.73333333333332	0.0	-4.042542088152829	0.0	-10.564334166107448	-0.8463242509151715	0.08597594945852176	1.0703249733702416
76.80000000000001	76.80000000000001	0.0	-4.1018515642320645	0.0	-10.564350402778928	-0.8463480854474591	0.08599003984163478	1.0704498444272887
77.86666666666667	77.86666666666667	0.0	-4.161364801491512	0.0	-10.564293569063032	-0.8463130902156755	0.08598191614017514	1.0705890741534945
78.93333333333334	78.93333333333334	0.0	-4.221099630679855	0.0	-10.564304182459	-0.846328650806318	0.08597832110716458	1.0704492971237562
80.0	80.0	0.0	-4.28107505396451	0.0	-10.564319185014664	-0.8463379013091687	0.08598805452489763	1.0704149779728072
