Hysterese	V-MOKE
Charge	2020_0446
Sample	1
Sample State	bFC
User	Meike Reginka
Sample Angle	40.0
Magnetic Field Angle	0.0
Detektor Averages	300
Hysteresus Points	150
Magnetic Field [kA/m]	80
Hysteresis Averages	100
Polarization	p-polarization
Measurement Method	Scan Both Angles
Max Voltage Correction	No
Training Effect Elimination	No
Magnetic field [kA/m]	Magnetic field transversal [kA/m]	Magnetic field longitudinal [kA/m]	Magnetic field transversal [V]	Magnetic field longitudinal [V]	Detector diff transversal [V]	Detector diff longitudinal [V]	Detector raw transversal [V]	Detector raw longitudinal [V]
80.0	0.0	80.0	0.0	4.381030188287403	-10.564406957477331	-0.8454674526000611	0.08115242391390108	1.0115943892844894
78.93333333333334	0.0	78.93333333333334	0.0	4.319818714176459	-10.564406957477331	-0.8462083513434879	0.0811606978555462	1.011629921088364
77.86666666666666	0.0	77.86666666666666	0.0	4.258793669369702	-10.564399144987682	-0.8461986823144061	0.08115040640283841	1.0116290625730173
76.8	0.0	76.8	0.0	4.197942654193435	-10.564406957477331	-0.8462061728607979	0.08112288025456361	1.011444556893763
75.73333333333333	0.0	75.73333333333333	0.0	4.137253993604595	-10.564406957477331	-0.8461948941154425	0.08112794549510387	1.0113580507412328
74.66666666666667	0.0	74.66666666666667	0.0	4.0767167056162315	-10.564404639485899	-0.8462113561471987	0.0811244041193024	1.0114353707795631
73.6	0.0	73.6	0.0	4.0163204706037074	-10.564406764311379	-0.8461934990280051	0.08114028665319978	1.011440639917497
72.53333333333333	0.0	72.53333333333333	0.0	3.9560556014798554	-10.564406957477331	-0.8462060548149378	0.08114037250473433	1.011514601014538
71.46666666666667	0.0	71.46666666666667	0.0	3.89591301472721	-10.56440511166934	-0.8461958277508812	0.08112726941426905	1.011510877204226
70.4	0.0	70.4	0.0	3.8358842022755653	-10.564403652193251	-0.8461955809277194	0.08115173710162443	1.0115852460960566
69.33333333333333	0.0	69.33333333333333	0.0	3.775961204212982	-10.564406957477331	-0.8462069455246091	0.08114090907682542	1.0113709392028605
68.26666666666667	0.0	68.26666666666667	0.0	3.716136582318465	-10.564405777018727	-0.8461867060253319	0.08116082663284807	1.0116030710209243
67.2	0.0	67.2	0.0	3.6564033944044745	-10.564406957477331	-0.8461896249775074	0.08119023078344177	1.0115597589217271
66.13333333333333	0.0	66.13333333333333	0.0	3.596755169457454	-10.564405272640965	-0.8461888523136966	0.08115829401257796	1.01156907381323
65.06666666666666	0.0	65.06666666666666	0.0	3.5371858835645753	-10.56440578775017	-0.8462116351646854	0.08115303560608496	1.0115428569008575
64.0	0.0	64.0	0.0	3.4776899366148504	-10.564406957477331	-0.8462019554041619	0.08111956423904054	1.0113163268954262
62.93333333333334	0.0	62.93333333333334	0.0	3.4182621297628257	-10.564406957477331	-0.8461870494314705	0.08113177661983455	1.0113890860709829
61.86666666666667	0.0	61.86666666666667	0.0	3.3588976436430196	-10.564406957477331	-0.8461979847706875	0.08115370095547793	1.0114589048314802
60.8	0.0	60.8	0.0	3.2995920173232944	-10.564404660948783	-0.8462095854592977	0.08114715477596617	1.0113425760021242
59.733333333333334	0.0	59.733333333333334	0.0	3.2403411279853396	-10.564406399442362	-0.8461858475099859	0.08114046908771075	1.0115206535477268
58.66666666666667	0.0	58.66666666666667	0.0	3.181141171320454	-10.564406957477331	-0.8461971799125511	0.08113082152151233	1.0116022125055786
57.6	0.0	57.6	0.0	3.121988642628807	-10.564406957477331	-0.8461862231104499	0.08112592798404124	1.0114122659853195
56.53333333333333	0.0	56.53333333333333	0.0	3.062880318610361	-10.564406957477331	-0.8461840875535276	0.08116814547617103	1.0116363921477824
55.46666666666667	0.0	55.46666666666667	0.0	3.003813239835633	-10.564404017062273	-0.8461907410474567	0.08114310902239907	1.0115770043487367
54.4	0.0	54.4	0.0	2.9447846938844906	-10.564405025817802	-0.8461962677399956	0.08116162075954296	1.0116191574522162
53.33333333333333	0.0	53.33333333333333	0.0	2.885792199141142	-10.564406957477331	-0.8461951624014887	0.0811363911398182	1.0113112187291187
52.266666666666666	0.0	52.266666666666666	0.0	2.8268334892335334	-10.564405100937895	-0.8462048636248961	0.0811515546671134	1.0114358858887709
51.2	0.0	51.2	0.0	2.7679064981053	-10.564403244398461	-0.846205679214474	0.08114631772350402	1.0114815267108417
50.13333333333333	0.0	50.13333333333333	0.0	2.7090093457084867	-10.564405991647568	-0.8461953019102316	0.08111850182630001	1.0113394853468802
49.06666666666666	0.0	49.06666666666666	0.0	2.6501403243051973	-10.564406957477331	-0.8461951945958133	0.08112357779828207	1.011262551640454
48.0	0.0	48.0	0.0	2.591297885366365	-10.564406957477331	-0.8461871674773306	0.08115056737446577	1.0113871114856876
46.93333333333334	0.0	46.93333333333334	0.0	2.532480627055822	-10.564405766287289	-0.846193627805307	0.0811653016440881	1.0117760511316616
45.86666666666667	0.0	45.86666666666667	0.0	2.4736872822878553	-10.564406957477331	-0.8462026207535548	0.08116342364176912	1.011575791695811
44.8	0.0	44.8	0.0	2.4149167073464275	-10.564405540927012	-0.8461976628274327	0.08113196978578728	1.0115453358639188
43.733333333333334	0.0	43.733333333333334	0.0	2.356167871054244	-10.564406957477331	-0.8462004851966322	0.08112383535288585	1.0113148674193377
42.666666666666664	0.0	42.666666666666664	0.0	2.2974398444798476	-10.564405712630082	-0.84618310026088	0.08114546993960005	1.011485626121618
41.6	0.0	41.6	0.0	2.2387317911709355	-10.564406957477331	-0.8462100791056208	0.08115348632664146	1.0115275216704924
40.53333333333333	0.0	40.53333333333333	0.0	2.1800429579020566	-10.564406957477331	-0.8461861587217987	0.08112446850795338	1.0113563766363078
39.46666666666667	0.0	39.46666666666667	0.0	2.1213726659248966	-10.564406399442362	-0.8461890240167653	0.08114584554006385	1.0114582072877618
38.4	0.0	38.4	0.0	2.0627203027093186	-10.564406957477331	-0.8461966862662268	0.08112638943603961	1.0114122552538773
37.333333333333336	0.0	37.333333333333336	0.0	2.0040853141633432	-10.564406957477331	-0.8462036617034117	0.08111467070156943	1.0113853729921123
36.266666666666666	0.0	36.266666666666666	0.0	1.9454671973202513	-10.564406957477331	-0.8462125258743569	0.08109996862627251	1.0111322826681701
35.2	0.0	35.2	0.0	1.8868654934810003	-10.564404832651851	-0.8462016871181157	0.08114038323617617	1.0114151205488446
34.13333333333333	0.0	34.13333333333333	0.0	1.8282797818001153	-10.564406957477331	-0.8461921039405685	0.08113542531005413	1.011418951673575
33.06666666666667	0.0	33.06666666666667	0.0	1.7697096733032631	-10.564404950697712	-0.8461997018013787	0.08113198051722914	1.0114964863407427
32.0	0.0	32.0	0.0	1.7111548053246695	-10.564405444344038	-0.8462085552408829	0.08115576139230785	1.0116572648021278
30.933333333333337	0.0	30.933333333333337	0.0	1.652614836352576	-10.564405551658451	-0.8461837656102724	0.08113978227543414	1.0116126863927963
29.866666666666667	0.0	29.866666666666667	0.0	1.5940894412709112	-10.564406957477331	-0.8462008929914211	0.0811526278112956	1.0117017358970406
28.799999999999997	0.0	28.799999999999997	0.0	1.5355783069853621	-10.56440165614507	-0.8462016549237908	0.0811485927891704	1.0117764374635672
27.733333333333334	0.0	27.733333333333334	0.0	1.4770811284220267	-10.564406957477331	-0.8461945077835363	0.0811389881487393	1.0115067026733577
26.666666666666664	0.0	26.666666666666664	0.0	1.4185976048868278	-10.564406603339751	-0.8461931234275414	0.08112178564749772	1.0115469885059598
25.6	0.0	25.6	0.0	1.360127436773878	-10.564406217007845	-0.8462113239528732	0.08112268708861084	1.0115761458333912
24.53333333333333	0.0	24.53333333333333	0.0	1.3016703226109647	-10.564399091330477	-0.8461971799125504	0.0810964487133548	1.0113706387224894
23.46666666666667	0.0	23.46666666666667	0.0	1.243225956430354	-10.56440444631994	-0.8461939390171201	0.0811490435097269	1.0116850270421218
22.4	0.0	22.4	0.0	1.1847940254530787	-10.564400132280333	-0.8462092849789268	0.08115115760376604	1.0117876732831557
21.333333333333336	0.0	21.333333333333336	0.0	1.1263742080749082	-10.564400947869908	-0.8461886269534182	0.08115729598848848	1.011793575576157
20.266666666666666	0.0	20.266666666666666	0.0	1.0679661721421683	-10.564403244398461	-0.8461943146175845	0.08115642674170086	1.01198678445473
19.200000000000003	0.0	19.200000000000003	0.0	1.0095695735056076	-10.564406893088677	-0.8462037690178299	0.08116562358734276	1.011992407730245
18.133333333333333	0.0	18.133333333333333	0.0	0.9511840548404781	-10.564406957477331	-0.8462124614857064	0.08114588846583114	1.0119482049213786
17.06666666666667	0.0	17.06666666666667	0.0	0.8928092447210244	-10.564402224911493	-0.8462147258199311	0.08114613528899305	1.012039572417055
16.0	0.0	16.0	0.0	0.8344447569375557	-10.564405755555844	-0.8462083191491626	0.08114463288713786	1.0118157574664037
14.933333333333337	0.0	14.933333333333337	0.0	0.7760901900442883	-10.564405272640963	-0.8461936492681913	0.08111149419479005	1.0119009758459179
13.866666666666674	0.0	13.866666666666674	0.0	0.7177451271261349	-10.564406592608314	-0.8461902795954586	0.0811331073186205	1.0119313029005084
12.799999999999997	0.0	12.799999999999997	0.0	0.6594091357726295	-10.564406957477331	-0.8462061621293561	0.08111886669532202	1.0120295814447184
11.733333333333334	0.0	11.733333333333334	0.0	0.6010817682471681	-10.564406957477331	-0.8461938853599115	0.08113104688179057	1.012124758602242
10.666666666666671	0.0	10.666666666666671	0.0	0.5427625618397398	-10.564405508732689	-0.8462017085809996	0.08108623238073973	1.0119649352391789
9.599999999999994	0.0	9.599999999999994	0.0	0.4844510393913435	-10.564406957477331	-0.8461895605888564	0.08113277464392396	1.0121806801455788
8.533333333333331	0.0	8.533333333333331	0.0	0.4261467099782665	-10.56440560531566	-0.8461983281768255	0.08109223125671852	1.0120017977418394
7.466666666666669	0.0	7.466666666666669	0.0	0.36784906974439924	-10.564406957477331	-0.8462034685374588	0.08109540776349794	1.012269804769916
6.400000000000006	0.0	6.400000000000006	0.0	0.30955760286978407	-10.564403974136503	-0.8462088127954869	0.0810735370850637	1.0122710066913994
5.333333333333329	0.0	5.333333333333329	0.0	0.25127178266356687	-10.564406957477331	-0.8461929409930318	0.08108148908345415	1.0124042697359514
4.266666666666666	0.0	4.266666666666666	0.0	0.19299107276954444	-10.564405176057987	-0.846204799236244	0.0810563560467058	1.012367943805382
3.200000000000003	0.0	3.200000000000003	0.0	0.13471492847247593	-10.564406957477331	-0.8461971047924577	0.08103728627458719	1.0123512027561385
2.13333333333334	0.0	2.13333333333334	0.0	0.07644279809335723	-10.564405830675941	-0.8461961282312521	0.08101936476674361	1.0123289457457993
1.0666666666666629	0.0	1.0666666666666629	0.0	0.018174124461827576	-10.564406592608314	-0.8461949477726517	0.08100625094483645	1.012461178571935
0.0	0.0	0.0	0.0	-0.0400916535461	-10.564406957477331	-0.846205582631498	0.08097680386847542	1.0122832405350763
-1.0666666666666629	0.0	-1.0666666666666629	0.0	-0.09835509941681445	-10.564406957477331	-0.8461992188864967	0.08095950478425758	1.012551193905943
-2.1333333333333258	0.0	-2.1333333333333258	0.0	-0.156616777366191	-10.564405498001243	-0.8461992618122643	0.08092574366828387	1.0122725198246965
-3.200000000000003	0.0	-3.200000000000003	0.0	-0.21487725067681432	-10.564406957477331	-0.8462025134391369	0.0809211720740675	1.0124480003613792
-4.266666666666666	0.0	-4.266666666666666	0.0	-0.27313708001714876	-10.564406957477331	-0.8462026422164385	0.08091486198627588	1.0124842940976229
-5.333333333333329	0.0	-5.333333333333329	0.0	-0.331396821754486	-10.564406689191289	-0.8461962677399957	0.08090112574074305	1.0126181259085902
-6.400000000000006	0.0	-6.400000000000006	0.0	-0.3896570262734731	-10.564406957477331	-0.8462001847162608	0.08087403958158296	1.0124636682664392
-7.466666666666669	0.0	-7.466666666666669	0.0	-0.4479182363120456	-10.56440618481352	-0.8462066343127964	0.08083515956785989	1.01243016470507
-8.533333333333331	0.0	-8.533333333333331	0.0	-0.506180985326591	-10.564406163350636	-0.8461987574344989	0.0807917723485715	1.012237503130029
-9.599999999999994	0.0	-9.599999999999994	0.0	-0.564445795898144	-10.564406957477331	-0.8462042090069449	0.08076986947581177	1.0124521641608046
-10.666666666666671	0.0	-10.666666666666671	0.0	-0.6227131781914472	-10.56440506874357	-0.8461978237990602	0.08073450937500651	1.0124072960025463
-11.733333333333334	0.0	-11.733333333333334	0.0	-0.6809836284786798	-10.564406957477331	-0.8461907088531315	0.0807149352251222	1.0121962407362217
-12.799999999999997	0.0	-12.799999999999997	0.0	-0.7392576277396917	-10.564406957477331	-0.8462015798036973	0.0806726855386669	1.0121710647737068
-13.86666666666666	0.0	-13.86666666666666	0.0	-0.7975356403505398	-10.564403491221622	-0.8461991115720786	0.08061194557795151	1.0122280379983422
-14.933333333333337	0.0	-14.933333333333337	0.0	-0.8558181128721578	-10.564406957477331	-0.846208179640419	0.08058693058706319	1.0122104277023114
-16.0	0.0	-16.0	0.0	-0.9141054729509707	-10.564406957477331	-0.8462142536364907	0.08055089440542312	1.0121927208233037
-17.066666666666663	0.0	-17.066666666666663	0.0	-0.9723981283432802	-10.564406957477331	-0.8462062372494483	0.08056118585813092	1.0123739963385703
-18.133333333333326	0.0	-18.133333333333326	0.0	-1.0306964660752267	-10.56440578775017	-0.846207643068327	0.08050456677107536	1.0122588265049313
-19.200000000000003	0.0	-19.200000000000003	0.0	-1.0890008517501555	-10.564406957477331	-0.846192737095636	0.0804773411031715	1.012144493723755
-20.266666666666666	0.0	-20.266666666666666	0.0	-1.147311629015197	-10.564405959453243	-0.8462032324457384	0.08044405217063808	1.0120092882882328
-21.33333333333333	0.0	-21.33333333333333	0.0	-1.2056291191988913	-10.564406957477331	-0.8461969545522726	0.08043171101254218	1.0120729257382393
-22.400000000000006	0.0	-22.400000000000006	0.0	-1.263953621131659	-10.564406957477331	-0.8462033612230403	0.08040700723346672	1.0120371041854357
-23.46666666666667	0.0	-23.46666666666667	0.0	-1.322285411160945	-10.564406957477331	-0.8461964179801814	0.08036870671760214	1.0121030488954363
-24.53333333333333	0.0	-24.53333333333333	0.0	-1.3806247433728562	-10.564405025817802	-0.8461980062335711	0.08034475413945424	1.0120056717923378
-25.599999999999994	0.0	-25.599999999999994	0.0	-1.438971850032102	-10.564406957477331	-0.8461994120524498	0.0803287535596969	1.0121359300331796
-26.66666666666667	0.0	-26.66666666666667	0.0	-1.497326942252062	-10.564402139059958	-0.8461906444644808	0.08030109863412026	1.0121311545415679
-27.733333333333334	0.0	-27.733333333333334	0.0	-1.555690210906793	-10.564406957477331	-0.8462037797492712	0.08024230106437467	1.011841384149477
-28.799999999999997	0.0	-28.799999999999997	0.0	-1.614061827796803	-10.564406957477331	-0.8461998520415648	0.0802302818495334	1.0120504219047377
-29.86666666666666	0.0	-29.86666666666666	0.0	-1.6724419470803977	-10.564406957477331	-0.8461837978045983	0.08022961650014038	1.0122650614726298
-30.933333333333337	0.0	-30.933333333333337	0.0	-1.7308307069824265	-10.564406957477331	-0.8462054109284287	0.0802042044459047	1.012277391899284
-32.0	0.0	-32.0	0.0	-1.7892282317922377	-10.564406957477331	-0.8462166896737843	0.08013901093683287	1.0118982500596942
-33.06666666666666	0.0	-33.06666666666666	0.0	-1.8476346341626735	-10.564406957477331	-0.8462051641052666	0.08012493128516172	1.0119021777674013
-34.133333333333326	0.0	-34.133333333333326	0.0	-1.9060500177219062	-10.564406957477331	-0.8461963106657627	0.08009253306229948	1.0118671396098515
-35.2	0.0	-35.2	0.0	-1.9644744800099465	-10.564406957477331	-0.8462127834289604	0.08006660589885625	1.012035923726836
-36.266666666666666	0.0	-36.266666666666666	0.0	-2.0229081157516333	-10.564406957477331	-0.8461983174453839	0.08002253186729119	1.0115939278324904
-37.33333333333333	0.0	-37.33333333333333	0.0	-2.0813510204779293	-10.564406957477331	-0.8462031358627624	0.08000414890744915	1.01180400653761
-38.39999999999999	0.0	-38.39999999999999	0.0	-2.139803294507338	-10.564406957477331	-0.8462151336147196	0.07994525475472715	1.011547428495073
-39.46666666666667	0.0	-39.46666666666667	0.0	-2.1982650472992535	-10.564406957477331	-0.846212933669146	0.07994366650133743	1.012029044872628
-40.53333333333333	0.0	-40.53333333333333	0.0	-2.256736402191068	-10.564406957477331	-0.8462067094328891	0.07990941173904	1.01195851783697
-41.599999999999994	0.0	-41.599999999999994	0.0	-2.315217501530861	-10.564406957477331	-0.846204520218757	0.07988127389858125	1.0119774802946708
-42.66666666666667	0.0	-42.66666666666667	0.0	-2.37370851221747	-10.564406957477331	-0.8462104761689687	0.07985052831775973	1.011797041831866
-43.733333333333334	0.0	-43.733333333333334	0.0	-2.432209631659771	-10.564406957477331	-0.8462078576971642	0.07981672427601878	1.0117878771805489
-44.8	0.0	-44.8	0.0	-2.4907210941669966	-10.564406957477331	-0.8462199091063308	0.07983572965948649	1.0120757695703226
-45.86666666666666	0.0	-45.86666666666666	0.0	-2.549243177781886	-10.564406957477331	-0.8462102400772484	0.07982576015003343	1.0121392031229361
-46.93333333333334	0.0	-46.93333333333334	0.0	-2.6077762115685053	-10.564406957477331	-0.8462221305147877	0.07979075418680831	1.0121247049450326
-48.0	0.0	-48.0	0.0	-2.666320583366545	-10.564406957477331	-0.8462067952844237	0.07980043394733222	1.0122660809596031
-49.06666666666666	0.0	-49.06666666666666	0.0	-2.724876748023921	-10.564406957477331	-0.8462069025988417	0.07974713087579971	1.0118165408616586
-50.133333333333326	0.0	-50.133333333333326	0.0	-2.7834452361194826	-10.564406957477331	-0.8461998949673312	0.07973888912848003	1.0118188803159742
-51.19999999999999	0.0	-51.19999999999999	0.0	-2.842026663187659	-10.564406957477331	-0.8462102722715739	0.07974077786224075	1.0116789423146084
-52.26666666666665	0.0	-52.26666666666665	0.0	-2.9006217394568647	-10.564406957477331	-0.846195334104557	0.07973693600606829	1.0119272034897315
-53.33333333333334	0.0	-53.33333333333334	0.0	-2.9592312801134577	-10.564406957477331	-0.8461944219320021	0.07972193345040042	1.011955137432796
-54.400000000000006	0.0	-54.400000000000006	0.0	-3.0178562161030937	-10.564406957477331	-0.846197813067618	0.07971143810029795	1.0118318546291383
-55.46666666666667	0.0	-55.46666666666667	0.0	-3.076497605481298	-10.564406957477331	-0.8462066021184711	0.07974287049339622	1.0119125550716437
-56.53333333333333	0.0	-56.53333333333333	0.0	-3.135156645325031	-10.564406957477331	-0.846209124007299	0.07974138955442465	1.0120115418910143
-57.599999999999994	0.0	-57.599999999999994	0.0	-3.193834684217122	-10.564406957477331	-0.8462019339412781	0.07973530482691132	1.0122467536328812
-58.66666666666666	0.0	-58.66666666666666	0.0	-3.25253323531534	-10.564406957477331	-0.8462045953388504	0.07973169906245899	1.0123131383319954
-59.73333333333332	0.0	-59.73333333333332	0.0	-3.311253990017958	-10.564406957477331	-0.8462092635160429	0.07973008934618556	1.0122843029478177
-60.80000000000001	0.0	-60.80000000000001	0.0	-3.3699988322376004	-10.564406957477331	-0.8461950121613026	0.07972409047020675	1.0124159348132133
-61.866666666666674	0.0	-61.866666666666674	0.0	-3.4287698532951953	-10.564406957477331	-0.8462001203276107	0.07970436608013703	1.012036524687577
-62.93333333333334	0.0	-62.93333333333334	0.0	-3.4875693674458788	-10.564406957477331	-0.8462039943781074	0.07972561433494557	1.012126421975725
-64.0	0.0	-64.0	0.0	-3.546399928048623	-10.564406957477331	-0.846210368854551	0.0797006100754991	1.012043543050529
-65.06666666666666	0.0	-65.06666666666666	0.0	-3.605264344391439	-10.564406957477331	-0.8461915780999192	0.07970635139687415	1.012036975408134
-66.13333333333333	0.0	-66.13333333333333	0.0	-3.6641656991839646	-10.564406957477331	-0.846198778897382	0.07972784647484465	1.0120468805289364
-67.19999999999999	0.0	-67.19999999999999	0.0	-3.723107366729244	-10.564406957477331	-0.8461840124334344	0.07971264002178219	1.0119902292475564
-68.26666666666665	0.0	-68.26666666666665	0.0	-3.782093031786535	-10.564406957477331	-0.8462025134391367	0.0796953194746806	1.011983736725252
-69.33333333333334	0.0	-69.33333333333334	0.0	-3.8411267091369456	-10.564406957477331	-0.8461930375760071	0.07971518337349398	1.0119621879900718
-70.4	0.0	-70.4	0.0	-3.9002127638637214	-10.564406957477331	-0.8461997232642624	0.0797051387439482	1.012037340277156
-71.46666666666667	0.0	-71.46666666666667	0.0	-3.959355932359017	-10.564406957477331	-0.8462078576971642	0.07970656602571057	1.0121825152221309
-72.53333333333333	0.0	-72.53333333333333	0.0	-4.018561344068946	-10.564406957477331	-0.8462036938977368	0.07968387975769776	1.011807354747458
-73.6	0.0	-73.6	0.0	-4.077834543988736	-10.564406957477331	-0.8462110020096181	0.07968304270523564	1.0118717863241593
-74.66666666666666	0.0	-74.66666666666666	0.0	-4.137181515919814	-10.564406957477331	-0.8461967721177618	0.07968391195202323	1.0118560325675643
-75.73333333333332	0.0	-75.73333333333332	0.0	-4.19660870650064	-10.564406957477331	-0.8462098537453427	0.07970024520647706	1.0119318287411563
-76.80000000000001	0.0	-76.80000000000001	0.0	-4.256123050023082	-10.564406957477331	-0.8461928229471706	0.07969950473699135	1.0120961700412265
-77.86666666666667	0.0	-77.86666666666667	0.0	-4.315731994046186	-10.564406957477331	-0.846204445098665	0.07969014691972214	1.0121038859478975
-78.93333333333334	0.0	-78.93333333333334	0.0	-4.375443525819141	-10.564406957477331	-0.8462008607970958	0.07968091787975468	1.0119138213817787
-80.0	0.0	-80.0	0.0	-4.435266199525242	-10.564406957477331	-0.8461932736677277	0.07968502802197276	1.0118720116844384
-80.0	0.0	-80.0	0.0	-4.380060909566294	-10.564406957477331	-0.8455180191539288	0.07968118616580028	1.011957369572694
-78.93333333333334	0.0	-78.93333333333334	0.0	-4.318197730509417	-10.564406957477331	-0.8461902795954586	0.0797030568442346	1.0118832796983512
-77.86666666666666	0.0	-77.86666666666666	0.0	-4.256627645195748	-10.564406957477331	-0.8462089415727881	0.07966457389385906	1.0117493834987321
-76.8	0.0	-76.8	0.0	-4.195328882143961	-10.564406957477331	-0.8462168399139695	0.07968673432122256	1.0120446698519208
-75.73333333333333	0.0	-75.73333333333333	0.0	-4.1342809326230165	-10.564406957477331	-0.8462152087348126	0.07969748722592873	1.012019848026985
-74.66666666666667	0.0	-74.66666666666667	0.0	-4.073464498932334	-10.564406957477331	-0.8461823061341849	0.07969296928892143	1.0118845245456023
-73.6	0.0	-73.6	0.0	-4.012861444010001	-10.564406957477331	-0.8461896893661586	0.07968954595898003	1.0117821358591736
-72.53333333333333	0.0	-72.53333333333333	0.0	-3.9524547423527756	-10.564406957477331	-0.8461915888313609	0.07970593287064302	1.012019043168848
-71.46666666666667	0.0	-71.46666666666667	0.0	-3.8922284322315646	-10.564406957477331	-0.8462053572712199	0.07969586677821353	1.0121750246757388
-70.4	0.0	-70.4	0.0	-3.832167569186148	-10.564406957477331	-0.8462076001425604	0.07970049202963911	1.0120197299811249
-69.33333333333333	0.0	-69.33333333333333	0.0	-3.7722581807828357	-10.564406957477331	-0.8461891957198345	0.07967299807568977	1.0118218636568015
-68.26666666666667	0.0	-68.26666666666667	0.0	-3.712487222618799	-10.564406957477331	-0.8461942824232582	0.07970913084030616	1.0120596831390303
-67.2	0.0	-67.2	0.0	-3.652842535556789	-10.564406957477331	-0.8461954199560917	0.07968251686458627	1.011871797055602
-66.13333333333333	0.0	-66.13333333333333	0.0	-3.5933128041739804	-10.564406957477331	-0.8461940141372127	0.07967484388368322	1.0117556721236403
-65.06666666666666	0.0	-65.06666666666666	0.0	-3.533887516408651	-10.564406957477331	-0.8462181384184294	0.07969478290258944	1.0118924443496689
-64.0	0.0	-64.0	0.0	-3.474556924388418	-10.564406957477331	-0.8461929302615886	0.07969671456211752	1.0119246386751355
-62.93333333333334	0.0	-62.93333333333334	0.0	-3.4153120064237723	-10.564406957477331	-0.8462081045203261	0.07971312293666409	1.0119708160692988
-61.86666666666667	0.0	-61.86666666666667	0.0	-3.356144430150613	-10.564406120424866	-0.8462022666159745	0.07968004863296717	1.0118943652777541
-60.8	0.0	-60.8	0.0	-3.2970465168055205	-10.564406957477331	-0.8461902688640174	0.07970946351500272	1.0120328759973578
-59.733333333333334	0.0	-59.733333333333334	0.0	-3.2380112066174873	-10.564406957477331	-0.8461882942787214	0.07968610116615499	1.0117099561814755
-58.66666666666667	0.0	-58.66666666666667	0.0	-3.179032025299821	-10.564406957477331	-0.8462106264091546	0.07967951206087599	1.011620112550539
-57.6	0.0	-57.6	0.0	-3.1201030516259602	-10.564406957477331	-0.8462103473916668	0.07968847281479782	1.0119912916602953
-56.53333333333333	0.0	-56.53333333333333	0.0	-3.061218886072913	-10.564406957477331	-0.8462046704589429	0.07970704894059266	1.01196417330681
-55.46666666666667	0.0	-55.46666666666667	0.0	-3.002374620516045	-10.564406957477331	-0.8461867596825408	0.07966523924325204	1.0117964730654492
-54.4	0.0	-54.4	0.0	-2.943565808958942	-10.564406957477331	-0.8461941858402824	0.0796788037857157	1.0117060499366526
-53.33333333333333	0.0	-53.33333333333333	0.0	-2.884788439282071	-10.564406957477331	-0.8462203383640039	0.0796793081634814	1.0118261133077628
-52.266666666666666	0.0	-52.266666666666666	0.0	-2.826038905993961	-10.564406957477331	-0.8461979203820366	0.07969315172343244	1.0116981301325874
-51.2	0.0	-51.2	0.0	-2.7673139839686236	-10.564406957477331	-0.8462113024899893	0.07969536240044783	1.0120188178085694
-50.13333333333333	0.0	-50.13333333333333	0.0	-2.7086108031529483	-10.564406957477331	-0.8462030929369948	0.07967976961547973	1.0117172857562413
-49.06666666666666	0.0	-49.06666666666666	0.0	-2.649926824227785	-10.564406957477331	-0.8462086088980921	0.079674371700243	1.0119328911538972
-48.0	0.0	-48.0	0.0	-2.591259815206436	-10.564406957477331	-0.8461945292464205	0.07965516241938068	1.0114376458452288
-46.93333333333334	0.0	-46.93333333333334	0.0	-2.532607828954294	-10.564406957477331	-0.8461930805017743	0.07968754991080108	1.011783058763171
-45.86666666666667	0.0	-45.86666666666667	0.0	-2.473969181613334	-10.564406957477331	-0.8462102293458064	0.07971893937813196	1.012191357930193
-44.8	0.0	-44.8	0.0	-2.415342431915193	-10.564406957477331	-0.8462037368235045	0.0797051172810646	1.011952883830013
-43.733333333333334	0.0	-43.733333333333334	0.0	-2.356726361366558	-10.564406957477331	-0.8462195120429833	0.07969593116686445	1.0119070927677554
-42.666666666666664	0.0	-42.666666666666664	0.0	-2.29811995529058	-10.564406957477331	-0.8462051104480577	0.07969498679998409	1.0118308887993752
-41.6	0.0	-41.6	0.0	-2.2395223847080508	-10.564406957477331	-0.846205453854196	0.07970582555622485	1.0118753706257286
-40.53333333333333	0.0	-40.53333333333333	0.0	-2.180932989042046	-10.564406957477331	-0.8462006676311437	0.0796788252485994	1.0117160516404307
-39.46666666666667	0.0	-39.46666666666667	0.0	-2.122351259629783	-10.564406957477331	-0.8462071279591205	0.07970259539223623	1.0118835265215127
-38.4	0.0	-38.4	0.0	-2.0637768240253935	-10.564406957477331	-0.8462054538541958	0.07969126298967169	1.0118386583632542
-37.333333333333336	0.0	-37.333333333333336	0.0	-2.0052094310773465	-10.564406957477331	-0.8462068596730742	0.07969424633049835	1.011642283709343
-36.266666666666666	0.0	-36.266666666666666	0.0	-1.946648936764245	-10.564406957477331	-0.8461960209168339	0.07968944937600365	1.0115595872186594
-35.2	0.0	-35.2	0.0	-1.8880952907727155	-10.564406957477331	-0.846215552140951	0.07971147029462354	1.0119532057732674
-34.13333333333333	0.0	-34.13333333333333	0.0	-1.8295485238011158	-10.564406957477331	-0.8462093815619027	0.07970799330747297	1.0118512248816287
-33.06666666666667	0.0	-33.06666666666667	0.0	-1.771008735572786	-10.564406957477331	-0.8462035973147606	0.07969801306657803	1.011779892987834
-32.0	0.0	-32.0	0.0	-1.7124760835425616	-10.564406957477331	-0.8462031680570874	0.07970502069808812	1.0119003104965243
-30.933333333333337	0.0	-30.933333333333337	0.0	-1.6539507722802793	-10.564406957477331	-0.8461981993995238	0.07968882695237803	1.011722801717338
-29.866666666666667	0.0	-29.866666666666667	0.0	-1.5954330435149888	-10.564406957477331	-0.8462036187776445	0.07972212661635322	1.011869200046681
-28.799999999999997	0.0	-28.799999999999997	0.0	-1.536923166823607	-10.564406957477331	-0.8462149726430923	0.07970409779409143	1.0116695415715722
-27.733333333333334	0.0	-27.733333333333334	0.0	-1.478421430947724	-10.564406957477331	-0.8462097571623667	0.07967760186423155	1.0115642446644098
-26.666666666666664	0.0	-26.666666666666664	0.0	-1.4199281357222944	-10.564406957477331	-0.8462047026532683	0.07972461631085602	1.0117883922897566
-25.6	0.0	-25.6	0.0	-1.3614435845999364	-10.564406957477331	-0.8461926083183345	0.07971770526232232	1.0117465074723233
-24.53333333333333	0.0	-24.53333333333333	0.0	-1.302968077754553	-10.564406957477331	-0.8461958277508812	0.07973666772002272	1.01180378117733
-23.46666666666667	0.0	-23.46666666666667	0.0	-1.2445019057480127	-10.564406957477331	-0.8462073425879564	0.07972632261010582	1.0117479776798532
-22.4	0.0	-22.4	0.0	-1.1860453437435996	-10.564406957477331	-0.8462040051095496	0.07971811305711168	1.0117121668584925
-21.333333333333336	0.0	-21.333333333333336	0.0	-1.1275986462499692	-10.564406957477331	-0.8461955165390684	0.07974577871413012	1.0119739281874272
-20.266666666666666	0.0	-20.266666666666666	0.0	-1.0691620423793182	-10.564406957477331	-0.8462011290831414	0.07974057396484613	1.0118267464628308
-19.200000000000003	0.0	-19.200000000000003	0.0	-1.010735731603509	-10.564406925283004	-0.8461938746284691	0.07976265927211695	1.011705663604747
-18.133333333333333	0.0	-18.133333333333333	0.0	-0.9523198799918556	-10.564406957477331	-0.8462104976318521	0.07975492190256292	1.0118983466426703
-17.06666666666667	0.0	-17.06666666666667	0.0	-0.8939146169143085	-10.564406957477331	-0.8462000666704008	0.07976772451265716	1.0118881732358225
-16.0	0.0	-16.0	0.0	-0.8355200321937496	-10.564406957477331	-0.8461963965172978	0.07978145002674819	1.011889997580934
-14.933333333333337	0.0	-14.933333333333337	0.0	-0.7771361736911329	-10.564406957477331	-0.8462036938977368	0.07979620575925414	1.012262668361104
-13.866666666666674	0.0	-13.866666666666674	0.0	-0.7187630453071814	-10.564406957477331	-0.8462171082000154	0.07983230632954505	1.0121469619553727
-12.799999999999997	0.0	-12.799999999999997	0.0	-0.6604006053843748	-10.564406957477331	-0.8462148438657903	0.07981221707045337	1.0119384285778783
-11.733333333333334	0.0	-11.733333333333334	0.0	-0.6020487654929477	-10.564406957477331	-0.8462036509719695	0.0798895049144591	1.012269815501358
-10.666666666666671	0.0	-10.666666666666671	0.0	-0.5437073895846136	-10.564406957477331	-0.8461994764411007	0.07989246679240222	1.012412640260573
-9.599999999999994	0.0	-9.599999999999994	0.0	-0.4853762934977529	-10.564406957477331	-0.8462066128499127	0.07990916491587798	1.0121963695135243
-8.533333333333331	0.0	-8.533333333333331	0.0	-0.4270552447977797	-10.564406957477331	-0.8461896786347167	0.07995663008305905	1.0123593049947146
-7.466666666666669	0.0	-7.466666666666669	0.0	-0.36874396293640566	-10.564406957477331	-0.8461993583952411	0.08000688542511393	1.0124462082105938
-6.400000000000006	0.0	-6.400000000000006	0.0	-0.31044211971353775	-10.564406957477331	-0.8462121395424512	0.08003689053644965	1.012506433062102
-5.333333333333329	0.0	-5.333333333333329	0.0	-0.2521493400255208	-10.564406957477331	-0.8462027280679729	0.08006273184835838	1.012277037761704
-4.266666666666666	0.0	-4.266666666666666	0.0	-0.1938652028834597	-10.564406957477331	-0.8461935956109822	0.08013051163490939	1.0123549051035687
-3.200000000000003	0.0	-3.200000000000003	0.0	-0.1355892426853284	-10.564406957477331	-0.8461985642685456	0.08012714196217707	1.0122488248011527
-2.13333333333334	0.0	-2.13333333333334	0.0	-0.07732095072560852	-10.564406957477331	-0.8462097893566921	0.08019407396482425	1.0124403381119171
-1.0666666666666629	0.0	-1.0666666666666629	0.0	-0.01905977692616606	-10.564406957477331	-0.8461999056987733	0.0801860790406664	1.0119056547545524
0.0	0.0	0.0	0.0	0.0391948682279	-10.564406957477331	-0.8462076323368859	0.0802353578215154	1.0121271302508856
1.0666666666666629	0.0	1.0666666666666629	0.0	0.0974436115637267	-10.564406957477331	-0.8461933380563785	0.08027966794480061	1.012055100813373
2.1333333333333258	0.0	2.1333333333333258	0.0	0.1556871149237345	-10.564406957477331	-0.8461964179801814	0.08034198542746408	1.0124594722726874
3.200000000000003	0.0	3.200000000000003	0.0	0.2139260727125422	-10.564406957477331	-0.8462161852960186	0.0803271545748653	1.0119639050207638
4.266666666666666	0.0	4.266666666666666	0.0	0.27216120930401666	-10.564406957477331	-0.8461990901091951	0.08039288465602829	1.0121315086791487
5.333333333333329	0.0	5.333333333333329	0.0	0.33039327632474647	-10.564406957477331	-0.8461943253490257	0.08042433851201013	1.0122233590897072
6.400000000000006	0.0	6.400000000000006	0.0	0.38862304983020113	-10.564406957477331	-0.8462104761689688	0.08046973251091934	1.0121245332419637
7.466666666666669	0.0	7.466666666666669	0.0	0.44685132738985966	-10.564406957477331	-0.8462026958736475	0.08048549699895663	1.0120366212705543
8.533333333333331	0.0	8.533333333333331	0.0	0.5050789250975919	-10.564406957477331	-0.8462010968888158	0.08049853570077102	1.0119449103687383
9.599999999999994	0.0	9.599999999999994	0.0	0.5633066745235548	-10.564405476538361	-0.8462091883959498	0.08052644818095142	1.011957079823766
10.666666666666671	0.0	10.666666666666671	0.0	0.621535419623892	-10.564406957477331	-0.846210207882923	0.08053929371681297	1.0119246494065777
11.733333333333334	0.0	11.733333333333334	0.0	0.6797660136245051	-10.564402976112415	-0.8462075464853516	0.08058332482261071	1.0120644800935248
12.799999999999997	0.0	12.799999999999997	0.0	0.7379993158951843	-10.564406957477331	-0.8461942931547007	0.08057829177639597	1.0119927833307094
13.86666666666666	0.0	13.86666666666666	0.0	0.7962361888303604	-10.564406957477331	-0.8461985213427787	0.0806374327522799	1.0118175925429564
14.933333333333337	0.0	14.933333333333337	0.0	0.8544774947527677	-10.564406957477331	-0.8462022451530911	0.08062977050281869	1.0117157618915023
16.0	0.0	16.0	0.0	0.9127240928562825	-10.564406957477331	-0.8462109376209672	0.08060897296856664	1.0116307903351511
17.066666666666663	0.0	17.066666666666663	0.0	0.9709768362042303	-10.564406957477331	-0.8462040587667592	0.08061828786006858	1.0116327863833297
18.133333333333326	0.0	18.133333333333326	0.0	1.0292365687994187	-10.564406957477331	-0.8462089952299973	0.0806785127115766	1.0115123581431986
19.200000000000003	0.0	19.200000000000003	0.0	1.0875041227421884	-10.564405143863668	-0.8461877147808634	0.08069917073708492	1.0116129332159582
20.266666666666666	0.0	20.266666666666666	0.0	1.1457803154927464	-10.564406957477331	-0.8462013222490938	0.0807089256177016	1.01166046277179
21.33333333333333	0.0	21.33333333333333	0.0	1.2040659472540736	-10.564406957477331	-0.8462087376753935	0.08073098946208875	1.011403305231397
22.400000000000006	0.0	22.400000000000006	0.0	1.2623617984916657	-10.564404843383288	-0.8461987467030564	0.08079817901933956	1.0117732180310206
23.46666666666667	0.0	23.46666666666667	0.0	1.3206686276063948	-10.564406957477331	-0.8461838407303656	0.08082472860640852	1.011817485228538
24.53333333333333	0.0	24.53333333333333	0.0	1.3789871687767694	-10.564406957477331	-0.8462038226750391	0.08080511153075687	1.0115484909078145
25.599999999999994	0.0	25.599999999999994	0.0	1.4373181299868607	-10.564406957477331	-0.8461993476637989	0.08086398422059529	1.0116086621021139
26.66666666666667	0.0	26.66666666666667	0.0	1.4956621912561816	-10.564405970184687	-0.8461921361348946	0.08087927652519243	1.011600527669212
27.733333333333334	0.0	27.733333333333334	0.0	1.5540200030877847	-10.564401151767308	-0.8462123756341715	0.0808908128251515	1.011434083006545
28.799999999999997	0.0	28.799999999999997	0.0	1.6123921851508696	-10.56440412437669	-0.8462038870636897	0.08089591026001727	1.011401792098101
29.86666666666666	0.0	29.86666666666666	0.0	1.670779325214162	-10.564406957477331	-0.8462004100765398	0.08099216056172345	1.0117052880042834
30.933333333333337	0.0	30.933333333333337	0.0	1.7291819783463485	-10.564405304835294	-0.8461842163308287	0.0809923322647926	1.011549982578228
32.0	0.0	32.0	0.0	1.7876006663998416	-10.564406957477331	-0.846208040131675	0.08102411879547093	1.011453689350754
33.06666666666666	0.0	33.06666666666666	0.0	1.8460358777941588	-10.564406109693431	-0.8462069240617255	0.08101933257241814	1.0116310049639876
34.133333333333326	0.0	34.133333333333326	0.0	1.9044880676151767	-10.564406506756775	-0.8461883801302563	0.08103798381830565	1.0114268392833146
35.2	0.0	35.2	0.0	1.9629576580465535	-10.564404102913805	-0.8462041338868519	0.0810552829025236	1.0114056661485977
36.266666666666666	0.0	36.266666666666666	0.0	2.021445039149582	-10.564406936014443	-0.8461949263097679	0.08107347269641274	1.011300498018738
37.33333333333333	0.0	37.33333333333333	0.0	2.079950570007767	-10.564406957477331	-0.8461978023361764	0.08110031203241092	1.0116235358804797
38.39999999999999	0.0	38.39999999999999	0.0	2.1384745802523812	-10.564405218983756	-0.8462006247053755	0.08109399121317747	1.011407029041711
39.46666666666667	0.0	39.46666666666667	0.0	2.1970173719853	-10.564404510708592	-0.846197813067618	0.08111767550527976	1.0115529444561702
40.53333333333333	0.0	40.53333333333333	0.0	2.2555792221153697	-10.56440452144004	-0.8462120966166837	0.08114305536519005	1.011717661356705
41.599999999999994	0.0	41.599999999999994	0.0	2.3141603851246044	-10.564406957477331	-0.846202846113833	0.0811189418154148	1.0115439407764817
42.66666666666667	0.0	42.66666666666667	0.0	2.3727610962804784	-10.564406667728399	-0.8462133414639353	0.08113064981844319	1.011617086283944
43.733333333333334	0.0	43.733333333333334	0.0	2.4313815753105863	-10.564406345785146	-0.8461993262009152	0.08109179126760376	1.011428148519217
44.8	0.0	44.8	0.0	2.490022030555963	-10.564403598536046	-0.8461890562110908	0.08113018836644478	1.0114287709428418
45.86666666666666	0.0	45.86666666666666	0.0	2.548682663619322	-10.564406098961985	-0.8462068704045166	0.08114184271226403	1.011503719332531
46.93333333333334	0.0	46.93333333333334	0.0	2.607363674524507	-10.564406957477331	-0.8461946902180477	0.08109174834183651	1.0112200336679529
48.0	0.0	48.0	0.0	2.6660652674034075	-10.56440618481352	-0.8462011505460254	0.08112969472012097	1.0113931747503173
49.06666666666666	0.0	49.06666666666666	0.0	2.724787656726653	-10.56440624920217	-0.8462039836466664	0.08113136882504532	1.0113099631504254
50.133333333333326	0.0	50.133333333333326	0.0	2.783531074094322	-10.564406957477331	-0.8461960853054851	0.08110950887805286	1.0114596453009659
51.19999999999999	0.0	51.19999999999999	0.0	2.8422957756029708	-10.56440467168022	-0.8461980706222222	0.08113944960073771	1.0114190053307843
52.26666666666665	0.0	52.26666666666665	0.0	2.901082049805243	-10.564401141035864	-0.8462044772929898	0.08113823694781166	1.0113808765179884
53.33333333333334	0.0	53.33333333333334	0.0	2.9598902262783517	-10.564406957477331	-0.8461989076746841	0.08110568848476393	1.0114710528236233
54.400000000000006	0.0	54.400000000000006	0.0	3.0187206848176857	-10.564406957477331	-0.8462156701868109	0.08109344390964447	1.0113964371086315
55.46666666666667	0.0	55.46666666666667	0.0	3.0775738652718507	-10.564398898164526	-0.8461896679032751	0.08114638211215493	1.0112416789861085
56.53333333333333	0.0	56.53333333333333	0.0	3.13645027803539	-10.56440657114543	-0.8461966969976686	0.08114069444798909	1.0113261890904608
57.599999999999994	0.0	57.599999999999994	0.0	3.195350515215478	-10.564406957477331	-0.846190923481968	0.08115015957967656	1.0115422452086733
58.66666666666666	0.0	58.66666666666666	0.0	3.2542752624888656	-10.564406388710914	-0.8462010110372816	0.08113265659806396	1.011446477821849
59.73333333333332	0.0	59.73333333333332	0.0	3.3132253116653385	-10.56440617408208	-0.8462083084177208	0.08112297683754013	1.0114085314435652
60.80000000000001	0.0	60.80000000000001	0.0	3.372201573973985	-10.564406957477331	-0.8461946472922807	0.08111988618229518	1.0112859461836268
61.866666666666674	0.0	61.866666666666674	0.0	3.431205094088528	-10.564406957477331	-0.8462020412556961	0.08114294805077177	1.0113871114856876
62.93333333333334	0.0	62.93333333333334	0.0	3.490237064908026	-10.564406957477331	-0.846219125711078	0.08112571335520474	1.011397177578117
64.0	0.0	64.0	0.0	3.549298843109189	-10.564406549682541	-0.8462012256661176	0.08112799915231297	1.0114179536494858
65.06666666666666	0.0	65.06666666666666	0.0	3.6083919654866037	-10.564406442368124	-0.8461989184061255	0.08113755013553504	1.0114191877652952
66.13333333333333	0.0	66.13333333333333	0.0	3.667518166097146	-10.564405540927012	-0.8461886806106272	0.08112321292926017	1.011198527858541
67.19999999999999	0.0	67.19999999999999	0.0	3.7266793942248477	-10.564405712630082	-0.8461869957742614	0.08114981617353818	1.011478135575226
68.26666666666665	0.0	68.26666666666665	0.0	3.7858778331825	-10.564405701898643	-0.8461972335697596	0.08112438265641873	1.011511274267574
69.33333333333334	0.0	69.33333333333334	0.0	3.845115919966272	-10.564406624802634	-0.8461933702507036	0.08114933325865618	1.0113606477501529
70.4	0.0	70.4	0.0	3.9043963657796077	-10.564406957477331	-0.8462058401861011	0.08114190710091501	1.011535441474558
71.46666666666667	0.0	71.46666666666667	0.0	3.9637221774427083	-10.564406957477331	-0.8461857831213352	0.08112793476366205	1.0113483065920568
72.53333333333333	0.0	72.53333333333333	0.0	4.023096679703835	-10.564406635534077	-0.8461842270622709	0.08112854645584594	1.0111881290914146
73.6	0.0	73.6	0.0	4.082523538468745	-10.564406957477331	-0.8462028783081581	0.08111732136769959	1.0113985297397858
74.66666666666666	0.0	74.66666666666666	0.0	4.142006784964515	-10.564406957477331	-0.8461915888313613	0.08111100054846611	1.0112722957896292
75.73333333333332	0.0	75.73333333333332	0.0	4.201550840854042	-10.564406957477331	-0.8461882835472799	0.08114054420780352	1.0114742615247279
76.80000000000001	0.0	76.80000000000001	0.0	4.261160544317486	-10.564404682411665	-0.8461953448359993	0.08116017201489695	1.011824471397164
77.86666666666667	0.0	77.86666666666667	0.0	4.320841177116942	-10.564403019038181	-0.8462084050006969	0.08116774841282365	1.0117040431570308
78.93333333333334	0.0	78.93333333333334	0.0	4.380598492660622	-10.564399499125267	-0.8461843665710149	0.08115287463445763	1.0117958721047067
80.0	0.0	80.0	0.0	4.440438745082791	-10.564402632706276	-0.846207578679677	0.08113709941497843	1.0114906162420656
