Hysterese	V-MOKE
Charge	2020_0446
Sample	1
Sample State	bFC
User	Meike Reginka
Sample Angle	65.0
Magnetic Field Angle	90.0
Detektor Averages	300
Hysteresus Points	150
Magnetic Field [kA/m]	80
Hysteresis Averages	100
Polarization	p-polarization
Measurement Method	Scan Both Angles
Max Voltage Correction	No
Training Effect Elimination	No
Magnetic field [kA/m]	Magnetic field transversal [kA/m]	Magnetic field longitudinal [kA/m]	Magnetic field transversal [V]	Magnetic field longitudinal [V]	Detector diff transversal [V]	Detector diff longitudinal [V]	Detector raw transversal [V]	Detector raw longitudinal [V]
80.0	80.0	0.0	-4.342489581062203	0.0	-10.281080141582017	-0.8454530510051353	0.11031549266707344	1.2688701150464203
78.93333333333334	78.93333333333334	0.0	-4.283945631442396	0.0	-10.28399347048223	-0.846336109158385	0.11030523340869115	1.2686766915390104
77.86666666666666	77.86666666666666	0.0	-4.225481927972428	0.0	-10.283440983662876	-0.8463399724774411	0.11030795919491404	1.2688815654948447
76.8	76.8	0.0	-4.167093947216811	0.0	-10.277847359121633	-0.8463530219106973	0.11035247321559384	1.2688711774591601
75.73333333333333	75.73333333333333	0.0	-4.108777426500553	0.0	-10.280079971204147	-0.8463339843329044	0.1103281986941913	1.2688352807862642
74.66666666666667	74.66666666666667	0.0	-4.050528351430542	0.0	-10.277663830003585	-0.846337933503495	0.1103500157154166	1.2691339690065104
73.6	73.6	0.0	-3.992342943813344	0.0	-10.280451654691678	-0.8463291122583166	0.11032463585550625	1.2685101932191338
72.53333333333333	72.53333333333333	0.0	-3.934217649963252	0.0	-10.283912158347546	-0.8463345316364371	0.11028715092922022	1.2685984700595667
71.46666666666667	71.46666666666667	0.0	-3.876149129394453	0.0	-10.281554439116244	-0.8463559301314314	0.1103153531583298	1.268773210126763
70.4	70.4	0.0	-3.818134243891202	0.0	-10.284471169883506	-0.8463380944751225	0.11027788969492733	1.2684761638171158
69.33333333333333	69.33333333333333	0.0	-3.760170046949834	0.0	-10.27564957056782	-0.8463454455127706	0.11036432072736595	1.2691157362868541
68.26666666666667	68.26666666666667	0.0	-3.7022537735865026	0.0	-10.286954017726464	-0.8463390924992116	0.11027508878861166	1.2683012091210832
67.2	67.2	0.0	-3.6443828305044987	0.0	-10.287220511621243	-0.8463423977832931	0.11025712435500075	1.2682000008932548
66.13333333333333	66.13333333333333	0.0	-3.586554786615013	0.0	-10.286718956224789	-0.8463631416603363	0.1102791989308297	1.2681134947407235
65.06666666666666	65.06666666666666	0.0	-3.5287673639052177	0.0	-10.27707286023386	-0.8463504785589854	0.11034116227591298	1.2686742876960428
64.0	64.0	0.0	-3.4710184286475108	0.0	-10.28184994009827	-0.846335572586294	0.11032110521114667	1.2688445956777665
62.93333333333334	62.93333333333334	0.0	-3.4133059829438133	0.0	-10.283151148882144	-0.8463392856651646	0.11029380442315016	1.2684587037612702
61.86666666666667	61.86666666666667	0.0	-3.3556281565987605	0.0	-10.28055689794164	-0.8463506609934963	0.11031020206625504	1.2684635651044156
60.8	60.8	0.0	-3.2979831993156687	0.0	-10.28265843619374	-0.8463448016262611	0.11031600777628091	1.268518198874734
59.733333333333334	59.733333333333334	0.0	-3.2403694732091295	0.0	-10.283650171658328	-0.8463700527088703	0.11029640143207117	1.2686516872795646
58.66666666666667	58.66666666666667	0.0	-3.1827854456281033	0.0	-10.283360411997675	-0.8463347140709478	0.11029238787282956	1.2684229251342343
57.6	57.6	0.0	-3.1252296822833725	0.0	-10.279162368539671	-0.8463370642567071	0.11033930573647766	1.2687949627593378
56.53333333333333	56.53333333333333	0.0	-3.0677008406732234	0.0	-10.28442123648471	-0.8463232528910818	0.11027556097205185	1.2683780140502068
55.46666666666667	55.46666666666667	0.0	-3.0101976638012173	0.0	-10.28156510616941	-0.8463414963421804	0.11031898038566582	1.2683355711977993
54.4	54.4	0.0	-2.9527189741799083	0.0	-10.280099953148829	-0.8463309044091015	0.11034059350949633	1.268638562726216
53.33333333333333	53.33333333333333	0.0	-2.895263668114395	0.0	-10.28307599659505	-0.84634538112412	0.11029778578806626	1.2684697249520216
52.266666666666666	52.266666666666666	0.0	-2.837830710259539	0.0	-10.281682583263057	-0.8463331365490003	0.11032490414155188	1.2685255069866155
51.2	51.2	0.0	-2.7804191284447413	0.0	-10.27683188570773	-0.8463365491474996	0.11036676749610144	1.2687940720496662
50.13333333333333	50.13333333333333	0.0	-2.7230280087601257	0.0	-10.277287864670775	-0.8463413782963198	0.11035223712387376	1.268921819133122
49.06666666666666	49.06666666666666	0.0	-2.665656490897999	0.0	-10.285978679904975	-0.8463314624440761	0.11027399418154574	1.2682315620636553
48.0	48.0	0.0	-2.6083037637434527	0.0	-10.284847714714186	-0.8463390173791187	0.11029283859338611	1.268249365525639
46.93333333333334	46.93333333333334	0.0	-2.5509690612079656	0.0	-10.28426269016323	-0.8463447587004943	0.11029639070062938	1.2681263510080274
45.86666666666667	45.86666666666667	0.0	-2.4936516582998802	0.0	-10.284476213661172	-0.8463312156209136	0.11028351297044231	1.2680522504022422
44.8	44.8	0.0	-2.4363508674256087	0.0	-10.283923029298107	-0.8463402407634871	0.1103072294568701	1.2680187790351973
43.733333333333334	43.733333333333334	0.0	-2.3790660349154367	0.0	-10.279643652242541	-0.8463491156658737	0.11032673921810351	1.2685091844636036
42.666666666666664	42.666666666666664	0.0	-2.3217965377677903	0.0	-10.287568564473867	-0.8463550072274348	0.11026640705217722	1.2678174893809322
41.6	41.6	0.0	-2.264541780605829	0.0	-10.285068396083823	-0.8463369140165217	0.11029182983785474	1.26805659663618
40.53333333333333	40.53333333333333	0.0	-2.207301192840227	0.0	-10.281537859038627	-0.8463339950643461	0.11031150057071551	1.268166325628816
39.46666666666667	39.46666666666667	0.0	-2.1500742260320136	0.0	-10.285419131796912	-0.8463399080887904	0.11028817041619332	1.2679503875564624
38.4	38.4	0.0	-2.092860351449327	0.0	-10.285241086445636	-0.8463499312554531	0.11028479001201927	1.267842547297588
37.333333333333336	37.333333333333336	0.0	-2.0356590578119564	0.0	-10.28294983776499	-0.8463348965054586	0.11029809699987922	1.2681256320014243
36.266666666666666	36.266666666666666	0.0	-1.978469849217529	0.0	-10.28334913325232	-0.8463438465279391	0.11030387051557966	1.2681688475176436
35.2	35.2	0.0	-1.9212922432432114	0.0	-10.284156684980912	-0.8463376544860074	0.11029984622489623	1.2679550879279815
34.13333333333333	34.13333333333333	0.0	-1.8641257692167834	0.0	-10.282947476847783	-0.8463523994870716	0.11028721531787115	1.2680383746479655
33.06666666666667	33.06666666666667	0.0	-1.8069699666509589	0.0	-10.282216547613816	-0.8463399617459991	0.11031483804912234	1.2678986727383201
32.0	32.0	0.0	-1.7498243838348049	0.0	-10.28495954706941	-0.8463362164728035	0.11030594168385145	1.2679010765812875
30.933333333333337	30.933333333333337	0.0	-1.6926885765761346	0.0	-10.28149599568408	-0.8463426124121298	0.11032218908677072	1.2681281538902531
29.866666666666667	29.866666666666667	0.0	-1.6355621070887316	0.0	-10.28693023685138	-0.8463431919099881	0.11025634095974772	1.2676076682304183
28.799999999999997	28.799999999999997	0.0	-1.5784445430182759	0.0	-10.280711935081642	-0.8463229524107108	0.11033782479750616	1.2680722752726832
27.733333333333334	27.733333333333334	0.0	-1.5213354566008253	0.0	-10.279634734414383	-0.8463400154032086	0.11033385416403176	1.268090711889734
26.666666666666664	26.666666666666664	0.0	-1.4642344239477312	0.0	-10.284641080801888	-0.8463272127931141	0.11026752312212676	1.267792495852929
25.6	25.6	0.0	-1.4071410244508409	0.0	-10.279096896013115	-0.8463398222372557	0.11033901598754847	1.268173075705721
24.53333333333333	24.53333333333333	0.0	-1.3500548403018546	0.0	-10.286262043626307	-0.8463436962877536	0.1102671367902212	1.2675225893596505
23.46666666666667	23.46666666666667	0.0	-1.292975456119707	0.0	-10.280358344805034	-0.846330163939616	0.11031659800558126	1.267651345198636
22.4	22.4	0.0	-1.2359024586798253	0.0	-10.283876712395191	-0.8463412280561344	0.11028549828717953	1.267523136663183
21.333333333333336	21.333333333333336	0.0	-1.1788354367391438	0.0	-10.286583729326367	-0.8463446084603083	0.11026447539264923	1.2672983666142104
20.266666666666666	20.266666666666666	0.0	-1.121773980950723	0.0	-10.283060886724963	-0.8463441362768681	0.11028246128914371	1.2673594821753884
19.200000000000003	19.200000000000003	0.0	-1.0647176838618537	0.0	-10.283066102205694	-0.84634897615713	0.11031761749255437	1.267624301965243
18.133333333333333	18.133333333333333	0.0	-1.0076661399894944	0.0	-10.282190416552975	-0.8463489761571303	0.11030935428235099	1.2675804640253983
17.06666666666667	17.06666666666667	0.0	-0.9506189459669213	0.0	-10.280793129170474	-0.846342655337897	0.11031466634605311	1.2676611108106959
16.0	16.0	0.0	-0.8935757007554419	0.0	-10.283888227232275	-0.8463484610479226	0.11029583266565458	1.2670634982784825
14.933333333333337	14.933333333333337	0.0	-0.8365360059150497	0.0	-10.279662507385817	-0.8463517985263301	0.11032672848666163	1.2674368666023714
13.866666666666674	13.866666666666674	0.0	-0.77949946592787	0.0	-10.279696300696116	-0.8463458533075598	0.11033466975361027	1.2673929964682014
12.799999999999997	12.799999999999997	0.0	-0.7224656885682738	0.0	-10.277393333281008	-0.8463340594529974	0.11035603605427896	1.267602710304297
11.733333333333334	11.733333333333334	0.0	-0.6654342853135198	0.0	-10.278167402911105	-0.8463426338750132	0.11035533851056047	1.2674300521368145
10.666666666666671	10.666666666666671	0.0	-0.6084048717887804	0.0	-10.278355492891935	-0.8463521312010261	0.11033529217723599	1.267221271936157
9.599999999999994	9.599999999999994	0.0	-0.551377068240432	0.0	-10.275289638009097	-0.8463443831000299	0.1103812012853528	1.267510162350019
8.533333333333331	8.533333333333331	0.0	-0.49435050003146297	0.0	-10.269672908673604	-0.8463490942029904	0.11041598188829954	1.267606519966143
7.466666666666669	7.466666666666669	0.0	-0.4373247981528619	0.0	-10.270059251310668	-0.8463327502170941	0.110427625502677	1.2676286696620653
6.400000000000006	6.400000000000006	0.0	-0.3802995997448602	0.0	-10.273034597213154	-0.8463379978921458	0.1104054114181044	1.2676585567275425
5.333333333333329	5.333333333333329	0.0	-0.3232745486218845	0.0	-10.269375497494929	-0.8463501673471727	0.11042374072073724	1.2674507530880899
4.266666666666666	4.266666666666666	0.0	-0.2662492957950903	0.0	-10.273871542360896	-0.8463407880670196	0.11039517362260572	1.2672895990262412
3.200000000000003	3.200000000000003	0.0	-0.20922349998633066	0.0	-10.275542406389782	-0.846341421222087	0.11038483924413056	1.2671150843193226
2.13333333333334	2.13333333333334	0.0	-0.15219682812743746	0.0	-10.278873091793917	-0.8463407773355778	0.11035361074842705	1.2666092148832515
1.0666666666666629	1.0666666666666629	0.0	-0.09516895583866962	0.0	-10.275477352389453	-0.8463293805443627	0.11037696236583287	1.2665954464433933
0.0	0.0	0.0	-0.0381395678802	0.0	-10.276783336664925	-0.8463412495190181	0.11036600556373205	1.2665276237310739
-1.0666666666666629	-1.0666666666666629	0.0	0.01889164142950607	0.0	-10.277226706183823	-0.8463394466367917	0.11034834161049219	1.2667285485163184
-2.1333333333333258	-2.1333333333333258	0.0	0.07592496783454125	0.0	-10.279365182058687	-0.8463475703382511	0.11033198689315465	1.2662819488334314
-3.200000000000003	-3.200000000000003	0.0	0.13296069680778344	0.0	-10.279773427568491	-0.8463412817133436	0.11033841502680632	1.2659531911131987
-4.266666666666666	-4.266666666666666	0.0	0.1899991032686266	0.0	-10.280625632826506	-0.8463417217024588	0.1103326093167804	1.2659068420159685
-5.333333333333329	-5.333333333333329	0.0	0.2470404513583625	0.0	-10.285587690553614	-0.8463389744533514	0.11026607437748077	1.265572514677428
-6.400000000000006	-6.400000000000006	0.0	0.3040849942793354	0.0	-10.283283199273757	-0.8463391783507465	0.11030354857232505	1.265785920129511
-7.466666666666669	-7.466666666666669	0.0	0.36113297420401097	0.0	-10.289502456141818	-0.8463340916473224	0.11023232399294886	1.2652923059999999
-8.533333333333331	-8.533333333333331	0.0	0.4181846222601038	0.0	-10.291294875212232	-0.8463284147145984	0.11021826580416139	1.265288174394899
-9.599999999999994	-9.599999999999994	0.0	0.4752401585978824	0.0	-10.29060752636349	-0.846324132869311	0.11023603707181945	1.2652249447396797
-10.666666666666671	-10.666666666666671	0.0	0.5322997925458017	0.0	-10.287348773813893	-0.8463464006110927	0.11026187838372817	1.265406617318294
-11.733333333333334	-11.733333333333334	0.0	0.5893637228605886	0.0	-10.297616134434806	-0.8463380730122391	0.11017133720907143	1.264877342607606
-12.799999999999997	-12.799999999999997	0.0	0.6464321380779278	0.0	-10.297089102595459	-0.8463469371831838	0.1101900635750518	1.2650632541057398
-13.86666666666666	-13.86666666666666	0.0	0.7035052169698697	0.0	-10.300835953313467	-0.846331355129658	0.11014902654152248	1.2645321872442687
-14.933333333333337	-14.933333333333337	0.0	0.7605831291151076	0.0	-10.305619472042977	-0.8463491585916415	0.11008711685364832	1.2640101025996027
-16.0	-16.0	0.0	0.8176660355882505	0.0	-10.309609282603851	-0.8463434494645916	0.11004918120680568	1.2639508865036273
-17.066666666666663	-17.066666666666663	0.0	0.8747540897742391	0.0	-10.306311929058024	-0.8463563915834301	0.11009820243305103	1.2643011500332724
-18.133333333333326	-18.133333333333326	0.0	0.9318474383140274	0.0	-10.310002922621333	-0.8463389637219098	0.11006444131707738	1.2640527386179645
-19.200000000000003	-19.200000000000003	0.0	0.9889462221876749	0.0	-10.313321524421976	-0.8463432777615222	0.1100052574154261	1.263744295517101
-20.266666666666666	-20.266666666666666	0.0	1.0460505779409777	0.0	-10.316957927140745	-0.8463449411350055	0.10997502694381209	1.2634651492524136
-21.33333333333333	-21.33333333333333	0.0	1.1031606390617854	0.0	-10.315583969912769	-0.8463406163639507	0.10998976121343441	1.2636394600619372
-22.400000000000006	-22.400000000000006	0.0	1.1602765375121282	0.0	-10.324220290885403	-0.8463462289080236	0.10991384699398188	1.2630964061799494
-23.46666666666667	-23.46666666666667	0.0	1.2173984054222904	0.0	-10.32468149606061	-0.8463521419324678	0.10991529573862786	1.2633181177680026
-24.53333333333333	-24.53333333333333	0.0	1.2745263769529795	0.0	-10.328905863745392	-0.8463478386242973	0.10985934200096523	1.262691283519708
-25.599999999999994	-25.599999999999994	0.0	1.3316605903317076	0.0	-10.32889742883212	-0.8463595573587672	0.1098573781471117	1.2627094518507131
-26.66666666666667	-26.66666666666667	0.0	1.3888011900695343	0.0	-10.326605439681991	-0.846347420098066	0.10988697546365826	1.2631192641510316
-27.733333333333334	-27.733333333333334	0.0	1.4459483293643003	0.0	-10.32713605582291	-0.8463492337117343	0.109896000606231	1.2629142721493376
-28.799999999999997	-28.799999999999997	0.0	1.5031021726964937	0.0	-10.324148154133466	-0.8463536228714393	0.10991528500718609	1.2633381533698858
-29.86666666666666	-29.86666666666666	0.0	1.5602628986238758	0.0	-10.334704984666107	-0.8463418182854346	0.1098232199677906	1.2624808292141263
-30.933333333333337	-30.933333333333337	0.0	1.6174307027810082	0.0	-10.334729377233359	-0.8463506609934964	0.10980271218246779	1.2625587072874327
-32.0	-32.0	0.0	1.6746058010898164	0.0	-10.331604435031853	-0.8463556189196185	0.1098441462793446	1.2628938180212237
-33.06666666666666	-33.06666666666666	0.0	1.731788433187324	0.0	-10.338851914266693	-0.8463462396394661	0.10976767402491719	1.262111903707151
-34.133333333333326	-34.133333333333326	0.0	1.788978866076694	0.0	-10.334141272758604	-0.8463402085691609	0.10980843204095919	1.2622611136742519
-35.2	-35.2	0.0	1.8461773980077143	0.0	-10.342253019392057	-0.8463479352072736	0.10974227270212333	1.2621225063716723
-36.266666666666666	-36.266666666666666	0.0	1.903384362592853	0.0	-10.344946750798258	-0.8463523887556298	0.10969628847391386	1.2617495565740133
-37.33333333333333	-37.33333333333333	0.0	1.9606001331650438	0.0	-10.343371664887643	-0.8463526248473502	0.10972148589931312	1.261644989404896
-38.39999999999999	-38.39999999999999	0.0	2.0178251273833046	0.0	-10.344383403759787	-0.8463480747160174	0.10971342658650447	1.2616518360647777
-39.46666666666667	-39.46666666666667	0.0	2.0750598120923507	0.0	-10.344233582100504	-0.8463508005022401	0.10971157004706913	1.2617424952852938
-40.53333333333333	-40.53333333333333	0.0	2.1323047084423257	0.0	-10.35103579235124	-0.846343234835755	0.10964185860098997	1.2611535430266325
-41.599999999999994	-41.599999999999994	0.0	2.18956039727479	0.0	-10.351036125025939	-0.8463358086780138	0.10964152592629349	1.261063967681739
-42.66666666666667	-42.66666666666667	0.0	2.246827524781106	0.0	-10.357074084915846	-0.8463472162006714	0.1095812474175764	1.2607507598207082
-43.733333333333334	-43.733333333333334	0.0	2.304106808439335	0.0	-10.356306615122477	-0.8463395539512101	0.10958624826946572	1.260576438279743
-44.8	-44.8	0.0	2.3613990432358243	0.0	-10.355491444070186	-0.8463533223910684	0.1095978811524013	1.2606953426551362
-45.86666666666666	-45.86666666666666	0.0	2.4187051081775675	0.0	-10.359943640264866	-0.8463528931333956	0.10954523269882001	1.2605444263887864
-46.93333333333334	-46.93333333333334	0.0	2.4760259731015175	0.0	-10.36183001310842	-0.8463571964415657	0.10954553317919101	1.260448090235545
-48.0	-48.0	0.0	2.53336270578696	0.0	-10.360224879160716	-0.8463568101096606	0.10955309884567578	1.2604585104655557
-49.06666666666666	-49.06666666666666	0.0	2.5907164793770994	0.0	-10.361625879622084	-0.8463562520746862	0.10952505758819363	1.2604559885767266
-50.133333333333326	-50.133333333333326	0.0	2.6480885801159855	0.0	-10.361273094203609	-0.8463452201524924	0.10953287007784042	1.2604750476174027
-51.19999999999999	-51.19999999999999	0.0	2.705480415406914	0.0	-10.36343674604098	-0.8463491800545249	0.10952046453109364	1.2601818431639287
-52.26666666666665	-52.26666666666665	0.0	2.762893522198445	0.0	-10.358758803236121	-0.8463562735375705	0.10955594267775885	1.2605074243773826
-53.33333333333334	-53.33333333333334	0.0	2.820329575704172	0.0	-10.362179149836685	-0.8463453167354686	0.10953094914975418	1.2602694975807354
-54.400000000000006	-54.400000000000006	0.0	2.877790398462363	0.0	-10.366669549964245	-0.8463534404369287	0.10946866386141622	1.260029821559071
-55.46666666666667	-55.46666666666667	0.0	2.935277969741645	0.0	-10.363217577804642	-0.8463528609390694	0.10950369128752502	1.2600366252931863
-56.53333333333333	-56.53333333333333	0.0	2.9927944352988205	0.0	-10.36812615002571	-0.8463428163095239	0.10948101575095404	1.2599334317486213
-57.599999999999994	-57.599999999999994	0.0	3.050342117494992	0.0	-10.365239563878504	-0.8463418290168765	0.10949981723702706	1.2598285855620142
-58.66666666666666	-58.66666666666666	0.0	3.1079235257761075	0.0	-10.364943300964116	-0.846351959497957	0.10949087794598893	1.2601185813143845
-59.73333333333332	-59.73333333333332	0.0	3.1655413675240673	0.0	-10.365945242029882	-0.8463437392135214	0.109491961821613	1.260048547925051
-60.80000000000001	-60.80000000000001	0.0	3.223198559284539	0.0	-10.360164976252449	-0.8463386739729808	0.10955654363850091	1.2602870542195574
-61.866666666666674	-61.866666666666674	0.0	3.28089823837759	0.0	-10.365499769148391	-0.8463354008832249	0.10948930042404104	1.260339198295372
-62.93333333333334	-62.93333333333334	0.0	3.338643774897311	0.0	-10.368776389548614	-0.8463456172158395	0.10944455031164108	1.259878100434584
-64.0	-64.0	0.0	3.39643878410653	0.0	-10.369224598947772	-0.8463499634497781	0.10945213744100961	1.2596039335589024
-65.06666666666666	-65.06666666666666	0.0	3.454287139232773	0.0	-10.369542979363764	-0.8463520453494912	0.10944013968905207	1.2595770405656952
-66.13333333333333	-66.13333333333333	0.0	3.5121929846716027	0.0	-10.362888648381338	-0.8463524102185136	0.10952184888708869	1.2603859766502779
-67.19999999999999	-67.19999999999999	0.0	3.570160749603466	0.0	-10.366455597208637	-0.8463447050432849	0.10948484687568463	1.260119053497825
-68.26666666666665	-68.26666666666665	0.0	3.628195162030197	0.0	-10.367522957143741	-0.846342054377155	0.1094916184154747	1.260136932079902
-69.33333333333334	-69.33333333333334	0.0	3.6863012632373016	0.0	-10.368194090783879	-0.8463455528271894	0.10946322302041217	1.2599188047934167
-70.4	-70.4	0.0	3.7444844226881497	0.0	-10.365572560518268	-0.8463545779697621	0.10951278081874866	1.2598659524424405
-71.46666666666667	-71.46666666666667	0.0	3.802750353356249	0.0	-10.365896532015457	-0.8463467762115572	0.10949638317564386	1.2602814416754837
-72.53333333333333	-72.53333333333333	0.0	3.861105127501684	0.0	-10.36769293245077	-0.8463648801539112	0.1094661634354717	1.2600069957823141
-73.6	-73.6	0.0	3.9195551928979	0.0	-10.365292984995905	-0.8463369462108474	0.10951340324237442	1.2604442161850478
-74.66666666666666	-74.66666666666666	0.0	3.9781073895149364	0.0	-10.364368449820017	-0.8463542452950655	0.10950743656072104	1.2604877965702888
-75.73333333333332	-75.73333333333332	0.0	4.036768966665268	0.0	-10.364442926026259	-0.8463448982092378	0.10950775850397573	1.260140849056167
-76.80000000000001	-76.80000000000001	0.0	4.09554760061838	0.0	-10.362479544356177	-0.846334617487972	0.10952385566670954	1.2605271273045693
-77.86666666666667	-77.86666666666667	0.0	4.1544514126901975	0.0	-10.36355890204325	-0.8463387061673058	0.10951006576396756	1.2603136681952767
-78.93333333333334	-78.93333333333334	0.0	4.213488987813546	0.0	-10.367608701363912	-0.8463533331225102	0.1094781075302201	1.2600253143535063
-80.0	-80.0	0.0	4.272669393595734	0.0	-10.363277856313356	-0.846347023034719	0.10951388615725641	1.2604092638790316
-80.0	-80.0	0.0	4.334632001425141	0.0	-10.364140911059044	-0.8455171499071413	0.1095119223034029	1.2605882857915152
-78.93333333333334	-78.93333333333334	0.0	4.2765525217646445	0.0	-10.367152690206545	-0.846351004399635	0.10946702195081746	1.260121886598466
-77.86666666666666	-77.86666666666666	0.0	4.2185409905834925	0.0	-10.36227484210341	-0.8463439001851483	0.10952485369079903	1.2605239829921142
-76.8	-76.8	0.0	4.160591136621887	0.0	-10.363292311565488	-0.8463539770090196	0.10951867238030927	1.26053897481634
-75.73333333333333	-75.73333333333333	0.0	4.1026972267289015	0.0	-10.36542154766894	-0.8463492659060594	0.10949350714923543	1.2603575490608885
-74.66666666666667	-74.66666666666667	0.0	4.044854034561523	0.0	-10.363168492189748	-0.8463477956985299	0.10952242838494715	1.2604170334429117
-73.6	-73.6	0.0	3.9870568103551984	0.0	-10.358228069049357	-0.8463528502076282	0.10955423637850911	1.2608053828595842
-72.53333333333333	-72.53333333333333	0.0	3.9293012517491834	0.0	-10.36641166268581	-0.8463631094660106	0.10947850459356757	1.2603805143463895
-71.46666666666667	-71.46666666666667	0.0	3.8715834756500076	0.0	-10.368428304501657	-0.8463511224454949	0.10946525126291679	1.2601047270229915
-70.4	-70.4	0.0	3.813899991116364	0.0	-10.365406244632895	-0.8463609309833209	0.10950471077449814	1.260182529976205
-69.33333333333333	-69.33333333333333	0.0	3.7562476732487218	0.0	-10.365648399617628	-0.846346507925511	0.10948746534748934	1.2602698839126412
-68.26666666666667	-68.26666666666667	0.0	3.6986237380669853	0.0	-10.368113883987704	-0.8463505966048456	0.10946697902505009	1.26009623845251
-67.2	-67.2	0.0	3.641025718359479	0.0	-10.364570855544232	-0.8463369784051729	0.10950315471543391	1.260045983110456
-66.13333333333333	-66.13333333333333	0.0	3.583451440486598	0.0	-10.363928868500084	-0.8463625299681522	0.10951166474879911	1.2605630776346743
-65.06666666666666	-65.06666666666666	0.0	3.5258990021224057	0.0	-10.369944260167834	-0.8463297561448263	0.10943846558412768	1.2598846466140958
-64.0	-64.0	0.0	3.4683667509174954	0.0	-10.366486310595132	-0.8463431060584534	0.10946848142690532	1.2599170662998416
-62.93333333333334	-62.93333333333334	0.0	3.4108532640664255	0.0	-10.36206275661867	-0.8463512190284708	0.10953443686834649	1.260348599038409
-61.86666666666667	-61.86666666666667	0.0	3.353357328763028	0.0	-10.363734768911836	-0.8463531614194415	0.10951724509854684	1.2604661405206914
-60.8	-60.8	0.0	3.2958779235269047	0.0	-10.372812270189227	-0.8463626050882452	0.10943316425186735	1.2597607199239294
-59.733333333333334	-59.733333333333334	0.0	3.238414200384411	0.0	-10.363835580076318	-0.8463448445520292	0.1095131564192125	1.2601501210219008
-58.66666666666667	-58.66666666666667	0.0	3.1809654678874364	0.0	-10.367902506778126	-0.8463360125754086	0.10946038991977117	1.259775658090946
-57.6	-57.6	0.0	3.1235311749532944	0.0	-10.365161814582509	-0.8463482464190865	0.10949189743296203	1.2602120950984268
-56.53333333333333	-56.53333333333333	0.0	3.066110895509022	0.0	-10.367289376581034	-0.8463628733742905	0.10946738681983938	1.2599116683846052
-55.46666666666667	-55.46666666666667	0.0	3.0087043139233947	0.0	-10.364833335879759	-0.8463557584283622	0.10949599684373833	1.2602090151746226
-54.4	-54.4	0.0	2.9513112112099673	0.0	-10.37138063146145	-0.8463578403280758	0.10943393691567856	1.2598096874929652
-53.33333333333333	-53.33333333333333	0.0	2.8939314519844546	0.0	-10.364803448814287	-0.8463498454039176	0.10949673731322401	1.26001250101197
-52.266666666666666	-52.266666666666666	0.0	2.836564972159741	0.0	-10.366081724506977	-0.8463575613105878	0.10948868873185706	1.2600733590185442
-51.2	-51.2	0.0	2.7792117673618404	0.0	-10.372011575851964	-0.846348643482434	0.1094030303632297	1.2595692710018158
-50.13333333333333	-50.13333333333333	0.0	2.7218718820501118	0.0	-10.37042356928539	-0.8463620255903866	0.10944090162142137	1.2594329924221115
-49.06666666666666	-49.06666666666666	0.0	2.6645453993250308	0.0	-10.366781639874086	-0.8463552003933872	0.10947776412408178	1.259770056278314
-48.0	-48.0	0.0	2.60723243140683	0.0	-10.366918658923275	-0.8463515517031677	0.10948028601291006	1.2598378789906333
-46.93333333333334	-46.93333333333334	0.0	2.549933110768312	0.0	-10.367496761694255	-0.8463218685350866	0.10946704341370107	1.2599713137382549
-45.86666666666667	-45.86666666666667	0.0	2.492647581905143	0.0	-10.364273465828438	-0.8463485898252245	0.1095003860034436	1.2599749302341479
-44.8	-44.8	0.0	2.435375993726936	0.0	-10.36736138455566	-0.8463442006655196	0.10948656390637627	1.2600189184141806
-43.733333333333334	-43.733333333333334	0.0	2.378118492552427	0.0	-10.368196505358297	-0.8463493732204777	0.10946987651434226	1.2598009091735547
-42.666666666666664	-42.666666666666664	0.0	2.32087521569205	0.0	-10.364784819031287	-0.8463414534164128	0.10949115696347622	1.2600039265899527
-41.6	-41.6	0.0	2.2636462856012263	0.0	-10.366083806406694	-0.8463362164728039	0.10948150939727785	1.2599581677220222
-40.53333333333333	-40.53333333333333	0.0	2.2064318045876616	0.0	-10.36370067512117	-0.8463388886018169	0.10950929310015631	1.2600717493022717
-39.46666666666667	-39.46666666666667	0.0	2.1492318500559726	0.0	-10.36472264105737	-0.8463652986801418	0.1094997099226089	1.2602963583796174
-38.4	-38.4	0.0	2.092046470272937	0.0	-10.363758313695199	-0.8463619933960607	0.10951356421400174	1.2603122731078396
-37.333333333333336	-37.333333333333336	0.0	2.0348756806366817	0.0	-10.367602981505422	-0.8463546638212961	0.10946943652522748	1.2598349707698993
-36.266666666666666	-36.266666666666666	0.0	1.977719460433113	0.0	-10.364468499052121	-0.8463533760482774	0.10950215669134439	1.259864149560214
-35.2	-35.2	0.0	1.920577750062899	0.0	-10.364521748466448	-0.8463583661687251	0.10949326032607348	1.2601806197795609
-34.13333333333333	-34.13333333333333	0.0	1.8634504487223043	0.0	-10.366358080596788	-0.846345552827189	0.10946929701648385	1.2597078568415112
-33.06666666666667	-33.06666666666667	0.0	1.8063374125211922	0.0	-10.365171741166199	-0.8463632919005211	0.10947479151469698	1.2599968009125828
-32.0	-32.0	0.0	1.7492384530214933	0.0	-10.369880676375043	-0.8463563593891046	0.10945282425328624	1.2596956981179261
-30.933333333333337	-30.933333333333337	0.0	1.692153336179458	0.0	-10.3645798806868	-0.8463565310921737	0.10951212620079748	1.259920596944201
-29.866666666666667	-29.866666666666667	0.0	1.635081781674985	0.0	-10.362863740704867	-0.8463519809608406	0.10951816800254362	1.260123957766738
-28.799999999999997	-28.799999999999997	0.0	1.5780234626113472	0.0	-10.362957168637372	-0.8463791422400934	0.10952206351592514	1.260143156316159
-27.733333333333334	-27.733333333333334	0.0	1.5209780055686137	0.0	-10.362331976299684	-0.8463484825108064	0.10951357494544356	1.2602534004180006
-26.666666666666664	-26.666666666666664	0.0	1.4639449909940745	0.0	-10.36322736487959	-0.8463491907859668	0.10950471077449811	1.2599287421085443
-25.6	-25.6	0.0	1.4069239539129832	0.0	-10.36384928412752	-0.846339822237256	0.10951280228163231	1.259940267677062
-24.53333333333333	-24.53333333333333	0.0	1.3499143849429092	0.0	-10.366653903522074	-0.8463390388420028	0.1094742871369313	1.259729437771017
-23.46666666666667	-23.46666666666667	0.0	1.2929157315950264	0.0	-10.36170859757565	-0.8463400154032084	0.10953167888779815	1.2598580648327007
-22.4	-22.4	0.0	1.235927399845624	0.0	-10.361224427114948	-0.8463388671389331	0.10953261252323675	1.2602034992135271
-21.333333333333336	-21.333333333333336	0.0	1.1789487559611669	0.0	-10.362413664034834	-0.8463480317902494	0.10953723777466219	1.2599948155958467
-20.266666666666666	-20.266666666666666	0.0	1.1219791285601926	0.0	-10.361549686385144	-0.8463560589087332	0.10953459783997381	1.2601646084683606
-19.200000000000003	-19.200000000000003	0.0	1.0650178108953703	0.0	-10.362919640785323	-0.8463622294877808	0.10951281301307421	1.2597621257428078
-18.133333333333333	-18.133333333333333	0.0	1.0080640633390137	0.0	-10.364010330874953	-0.8463518629149803	0.10950700730304824	1.259658256117408
-17.06666666666667	-17.06666666666667	0.0	0.9511171160553648	0.0	-10.362201911224792	-0.8463465830456043	0.10952605561228318	1.2598231125266843
-16.0	-16.0	0.0	0.8941761718429497	0.0	-10.35961533326519	-0.8463445869974251	0.10955440808157826	1.259792538648933
-14.933333333333337	-14.933333333333337	0.0	0.8372404091303182	0.0	-10.360187877149306	-0.846345306004027	0.10956171619345938	1.2599703264456068
-13.866666666666674	-13.866666666666674	0.0	0.780308985108466	0.0	-10.361326815801371	-0.8463541809064143	0.10953999575521055	1.2596024848142564
-12.799999999999997	-12.799999999999997	0.0	0.7233810389832572	0.0	-10.357786856550256	-0.8463512512227966	0.10957727678410203	1.2600468201629171
-11.733333333333334	-11.733333333333334	0.0	0.6664556953311475	0.0	-10.360521571332779	-0.8463640967586581	0.10953094914975421	1.2594474047484794
-10.666666666666671	-10.666666666666671	0.0	0.6095320675415111	0.0	-10.353361048971024	-0.8463529897163721	0.10963101984474928	1.2597512440607996
-9.599999999999994	-9.599999999999994	0.0	0.5526092613288888	0.0	-10.352075304194823	-0.8463406485582758	0.10964643019520638	1.2601481357051645
-8.533333333333331	-8.533333333333331	0.0	0.49568637829845885	0.0	-10.344891902399105	-0.8463432884929643	0.10970098884543214	1.2606334651615874
-7.466666666666669	-7.466666666666669	0.0	0.4387625195480302	0.0	-10.342742984831357	-0.8463506824563797	0.10971568018928712	1.2606341305109807
-6.400000000000006	-6.400000000000006	0.0	0.3818367892898798	0.0	-10.341299713220643	-0.8463498024781506	0.10973891376083288	1.2607693788722698
-5.333333333333329	-5.333333333333329	0.0	0.3249082984757282	0.0	-10.338726678340628	-0.8463410348901823	0.10976792084807921	1.2608382854602134
-4.266666666666666	-4.266666666666666	0.0	0.26797616840817	0.0	-10.33396439713449	-0.8463607914745767	0.1098074662111951	1.2610646759568997
-3.200000000000003	-3.200000000000003	0.0	0.21103953432185357	0.0	-10.330177400092614	-0.846349984912661	0.10985009149811419	1.2615658020956866
-2.13333333333334	-2.13333333333334	0.0	0.15409754891773225	0.0	-10.326592755117748	-0.8463380193550296	0.1098844428433881	1.261994437344962
-1.0666666666666629	-1.0666666666666629	0.0	0.09714938583368175	0.0	-10.325712905665608	-0.8463511009826108	0.10990137705858409	1.2621811429697907
0.0	0.0	0.0	0.0401942430348	0.0	-10.3269829181481	-0.8463454240498871	0.10988713643528561	1.262111431523711
1.0666666666666629	1.0666666666666629	0.0	-0.01676865389331629	0.0	-10.32207908922432	-0.8463482034933186	0.10994623448540217	1.2624931811036646
2.1333333333333258	2.1333333333333258	0.0	-0.07374004856499573	0.0	-10.319316043435386	-0.8463521741267932	0.109946674474517	1.2628258236058367
3.200000000000003	3.200000000000003	0.0	-0.13072065074532263	0.0	-10.320145487305295	-0.846347731309879	0.10994801590474478	1.263202905008596
4.266666666666666	4.266666666666666	0.0	-0.1877111334480573	0.0	-10.320894949739298	-0.8463396183398612	0.10994142679946574	1.2629216231869862
5.333333333333329	5.333333333333329	0.0	-0.244712130197352	0.0	-10.320005173703462	-0.8463449089406798	0.10994405600271225	1.2634125329931576
6.400000000000006	6.400000000000006	0.0	-0.30172423246994073	0.0	-10.320066836568179	-0.8463382554467499	0.10992346236585483	1.2632289824122251
7.466666666666669	7.466666666666669	0.0	-0.35874798733450286	0.0	-10.318297071571463	-0.8463599651535564	0.10996432769631498	1.2634261297299465
8.533333333333331	8.533333333333331	0.0	-0.4157838953049008	0.0	-10.32043391626716	-0.8463335980009988	0.1099490353917179	1.2635038146373005
9.599999999999994	9.599999999999994	0.0	-0.47283240842397	0.0	-10.31957118346472	-0.8463422475431078	0.10995563522843878	1.2635032244079996
10.666666666666671	10.666666666666671	0.0	-0.5298939285945675	0.0	-10.316322046287	-0.8463442435912869	0.10998493206461428	1.263651822682917
11.733333333333334	11.733333333333334	0.0	-0.5869688061745607	0.0	-10.313967975745923	-0.846352249246886	0.109998614652938	1.264188062099345
12.799999999999997	12.799999999999997	0.0	-0.6440573388524645	0.0	-10.312044332604907	-0.8463406592897177	0.11003269771216634	1.2642979306007256
13.86666666666666	13.86666666666666	0.0	-0.7011597708204031	0.0	-10.306443861403782	-0.8463588276207236	0.11008564664611868	1.264797629457749
14.933333333333337	14.933333333333337	0.0	-0.7582762922611015	0.0	-10.312372811307652	-0.8463402944206958	0.11002577593219076	1.2646853141876333
16.0	16.0	0.0	-0.815407039165591	0.0	-10.310093410138785	-0.8463351755229467	0.11003531618397101	1.2647265658499998
17.066666666666663	17.066666666666663	0.0	-0.8725520934983348	0.0	-10.311569434109948	-0.8463567564524513	0.1100288987817612	1.264860322540877
18.133333333333326	18.133333333333326	0.0	-0.9297114837264504	0.0	-10.306521288756537	-0.8463449304035633	0.11007104115379823	1.2648631556415173
19.200000000000003	19.200000000000003	0.0	-0.9868851857297346	0.0	-10.307281868964267	-0.8463486756767594	0.1100670490574402	1.2647993142941152
20.266666666666666	20.266666666666666	0.0	-1.0440731241081747	0.0	-10.307539906482882	-0.8463348213853666	0.11007132017128556	1.2651442657600591
21.33333333333333	21.33333333333333	0.0	-1.1012751739036517	0.0	-10.310637408387652	-0.8463441470083103	0.11005667175319783	1.2648475199307818
22.400000000000006	22.400000000000006	0.0	-1.1584911627525145	0.0	-10.303346713636591	-0.8463569174240786	0.11011209965021118	1.265398343376649
23.46666666666667	23.46666666666667	0.0	-1.2157208734857228	0.0	-10.303920083841732	-0.8463509078166588	0.11010951337273195	1.2656440075428492
24.53333333333333	24.53333333333333	0.0	-1.272964047193262	0.0	-10.304281014424548	-0.846365084051306	0.11009445715985494	1.2655931190457275
25.599999999999994	25.599999999999994	0.0	-1.3302203867695057	0.0	-10.302375561077424	-0.8463379871607044	0.1101166819758694	1.2657057026018868
26.66666666666667	26.66666666666667	0.0	-1.3874895609562332	0.0	-10.2988903321796	-0.8463287795836206	0.11014820022050215	1.266114634923976
27.733333333333334	27.733333333333334	0.0	-1.4447712088999851	0.0	-10.299160345987302	-0.8463521526639098	0.11016510224137259	1.2662757782543848
28.799999999999997	28.799999999999997	0.0	-1.5020649452404609	0.0	-10.298554963891208	-0.8463357335579211	0.11016002626939057	1.2663593869176233
29.86666666666666	29.86666666666666	0.0	-1.5593703657466396	0.0	-10.296588792046252	-0.8463400690604176	0.11019003138072632	1.2665111187735514
30.933333333333337	30.933333333333337	0.0	-1.616687053517327	0.0	-10.29210832923381	-0.8463437177506369	0.11021598000705318	1.2668984379718105
32.0	32.0	0.0	-1.6740145857628108	0.0	-10.289635161151402	-0.8463391890821882	0.110233042999551	1.2671316429340553
33.06666666666666	33.06666666666666	0.0	-1.731352541184335	0.0	-10.286688371615588	-0.8463455635586306	0.11026993769653679	1.2675078980157943
34.133333333333326	34.133333333333326	0.0	-1.788700507968065	0.0	-10.28697171387403	-0.8463510043996348	0.11028042231519745	1.2674867678068458
35.2	35.2	0.0	-1.8460580924102532	0.0	-10.286045837267897	-0.8463531292251153	0.11028261152932928	1.2677728251200677
36.266666666666666	36.266666666666666	0.0	-1.9034249281902877	0.0	-10.279746051660407	-0.8463430631326859	0.11032827381428406	1.2680120718840586
37.33333333333333	37.33333333333333	0.0	-1.9608006863083274	0.0	-10.281650292354609	-0.8463295737103153	0.11030130570098405	1.2679530060282667
38.39999999999999	38.39999999999999	0.0	-2.018185085704204	0.0	-10.278917917026403	-0.8463367745077782	0.11034663531124242	1.2681325537814
39.46666666666667	39.46666666666667	0.0	-2.0755779045742972	0.0	-10.278587667635753	-0.8463423655889675	0.11034389879357766	1.2684316605278783
40.53333333333333	40.53333333333333	0.0	-2.132978992403061	0.0	-10.282609565207679	-0.8463413782963197	0.11031076010122975	1.2683194847665067
41.599999999999994	41.599999999999994	0.0	-2.1903882827259142	0.0	-10.282355305156583	-0.846337203765451	0.11031223030875939	1.267988688072327
42.66666666666667	42.66666666666667	0.0	-2.247805806640169	0.0	-10.281706975830307	-0.846345831844676	0.11032541925075931	1.2681327576787949
43.733333333333334	43.733333333333334	0.0	-2.3052317070806954	0.0	-10.281720669150069	-0.8463565632864991	0.11031164007945916	1.2683021534879642
44.8	44.8	0.0	-2.3626662538770318	0.0	-10.282874621089253	-0.8463389744533519	0.1103160936278155	1.268157246829033
45.86666666666666	45.86666666666666	0.0	-2.420109859608605	0.0	-10.284845944026284	-0.8463380837436801	0.11029402978342841	1.2681109406575701
46.93333333333334	46.93333333333334	0.0	-2.4775630962747797	0.0	-10.286059187181534	-0.8463350682085289	0.1102809481558468	1.2678927275195497
48.0	48.0	0.0	-2.5350267127964097	0.0	-10.285385553115443	-0.846348074716017	0.110281838865518	1.2682024476619915
49.06666666666666	49.06666666666666	0.0	-2.5925016533656065	0.0	-10.278697697108766	-0.8463329648459313	0.11036057545416991	1.2683856119110175
50.133333333333326	50.133333333333326	0.0	-2.6499890766603915	0.0	-10.283366035273191	-0.8463564881664056	0.11030802358356499	1.2684089098712144
51.19999999999999	51.19999999999999	0.0	-2.707490375940949	0.0	-10.28722824899079	-0.8463540521291129	0.11026169594921717	1.2679456549906183
52.26666666666665	52.26666666666665	0.0	-2.765007200044159	0.0	-10.281741874479115	-0.8463475810696935	0.11031121082178631	1.2681484363152977
53.33333333333334	53.33333333333334	0.0	-2.822541475293108	0.0	-10.280595767223918	-0.8463556833082692	0.11031860478520196	1.2684797588501262
54.400000000000006	54.400000000000006	0.0	-2.8800954283382634	0.0	-10.282581459561545	-0.8463430524012445	0.11030539438031849	1.268369697182795
55.46666666666667	55.46666666666667	0.0	-2.9376716099470257	0.0	-10.285506560853444	-0.8463283825202725	0.11027372589550025	1.2681221442828319
56.53333333333333	56.53333333333333	0.0	-2.9952729197583214	0.0	-10.28580322083118	-0.846355812085571	0.11027431612480043	1.2678702773432575
57.599999999999994	57.599999999999994	0.0	-3.052902632018954	0.0	-10.283624341077852	-0.846348804454061	0.11029466293849603	1.26831444098885
58.66666666666666	58.66666666666666	0.0	-3.110564422318395	0.0	-10.281357978610798	-0.8463383198354001	0.11032101935961204	1.268621113401812
59.73333333333332	59.73333333333332	0.0	-3.1682623953387075	0.0	-10.282698947386619	-0.8463516375547023	0.11030104814638028	1.2684389364454336
60.80000000000001	60.80000000000001	0.0	-3.2260011136363067	0.0	-10.281181017135143	-0.8463338877499277	0.11032883184925887	1.2685335877623087
61.866666666666674	61.866666666666674	0.0	-3.2837856274722257	0.0	-10.282624739466414	-0.8463451450323994	0.11030525487157478	1.2684265845558955
62.93333333333334	62.93333333333334	0.0	-3.341621505707621	0.0	-10.282742055588416	-0.8463377939947513	0.11029283859338607	1.2683738824451054
64.0	64.0	0.0	-3.3995148677811597	0.0	-10.280765849845357	-0.8463449196721211	0.11031925940315315	1.2685933082360508
65.06666666666666	65.06666666666666	0.0	-3.4574724167850257	0.0	-10.28053913740542	-0.8463393285909315	0.11031218738299212	1.2688008435894556
66.13333333333333	66.13333333333333	0.0	-3.51550147365621	0.0	-10.280243593497625	-0.8463592568783966	0.11030757286300848	1.2687622211303369
67.19999999999999	67.19999999999999	0.0	-3.5736100124997923	0.0	-10.280930577477333	-0.8463449733293306	0.11030837772114513	1.2683917824900646
68.26666666666665	68.26666666666665	0.0	-3.6318066970609046	0.0	-10.278596810824192	-0.8463403051521377	0.11034193493972416	1.2688701257778627
69.33333333333334	69.33333333333334	0.0	-3.6901009183620634	0.0	-10.286697783090057	-0.8463285005661327	0.11027016305681515	1.268277278005819
70.4	70.4	0.0	-3.748502833522565	0.0	-10.278498360576908	-0.8463405090495324	0.11034570167580388	1.2688146978808483
71.46666666666667	71.46666666666667	0.0	-3.8070234057766568	0.0	-10.280610018578654	-0.8463338555556023	0.11033225517920026	1.2685841757790592
72.53333333333333	72.53333333333333	0.0	-3.865674445707142	0.0	-10.280888574614044	-0.8463441684711941	0.11031961354073334	1.2687433767184968
73.6	73.6	0.0	-3.9244686537111386	0.0	-10.284353166949236	-0.8463387168987482	0.1102880201760078	1.2686396895276073
74.66666666666666	74.66666666666666	0.0	-3.9834196637146766	0.0	-10.280894487638488	-0.8463337804355097	0.1103218564120742	1.2684659260216165
75.73333333333332	75.73333333333332	0.0	-4.042542088152829	0.0	-10.277847541556138	-0.8463454240498871	0.11034027156624168	1.268976549486416
76.80000000000001	76.80000000000001	0.0	-4.1018515642320645	0.0	-10.277046975996186	-0.8463414104906454	0.11036275393685985	1.2689771182528324
77.86666666666667	77.86666666666667	0.0	-4.161364801491512	0.0	-10.27864923391749	-0.8463565525550565	0.11034408122808868	1.2691108105550573
78.93333333333334	78.93333333333334	0.0	-4.221099630679855	0.0	-10.272084832417542	-0.8463406163639504	0.11039977741114758	1.269292461670788
80.0	80.0	0.0	-4.28107505396451	0.0	-10.275433128117706	-0.8463406485582763	0.11036878500716413	1.2694747566730267
