Hysterese	V-MOKE
Charge	2020_0446
Sample	1
Sample State	bFC
User	Meike Reginka
Sample Angle	95.0
Magnetic Field Angle	90.0
Detektor Averages	300
Hysteresus Points	150
Magnetic Field [kA/m]	80
Hysteresis Averages	100
Polarization	p-polarization
Measurement Method	Scan Both Angles
Max Voltage Correction	No
Training Effect Elimination	No
Magnetic field [kA/m]	Magnetic field transversal [kA/m]	Magnetic field longitudinal [kA/m]	Magnetic field transversal [V]	Magnetic field longitudinal [V]	Detector diff transversal [V]	Detector diff longitudinal [V]	Detector raw transversal [V]	Detector raw longitudinal [V]
80.0	80.0	0.0	-4.342489581062203	0.0	-5.780875908275745	-0.8437519028474285	0.14697376525811845	1.9510967607456493
78.93333333333334	78.93333333333334	0.0	-4.283945631442396	0.0	-5.780748225580945	-0.8459670119483413	0.14698236114301833	1.951173447628912
77.86666666666666	77.86666666666666	0.0	-4.225481927972428	0.0	-5.782357212116276	-0.8459731932588312	0.1469748598651844	1.9510605421294995
76.8	76.8	0.0	-4.167093947216811	0.0	-5.784725501817766	-0.845969566031495	0.14692298407541443	1.9508806080444592
75.73333333333333	75.73333333333333	0.0	-4.108777426500553	0.0	-5.783823738761422	-0.8459840320150721	0.1469570671346426	1.9509015450874554
74.66666666666667	74.66666666666667	0.0	-4.050528351430542	0.0	-5.782943213228439	-0.8459663465989483	0.14696970877310955	1.9510796333645006
73.6	73.6	0.0	-3.992342943813344	0.0	-5.788155785733452	-0.8459885821464043	0.14691223117070812	1.9504977102002332
72.53333333333333	72.53333333333333	0.0	-3.934217649963252	0.0	-5.785616973421403	-0.8459716050054413	0.14696170311751003	1.9508245040666115
71.46666666666667	71.46666666666667	0.0	-3.876149129394453	0.0	-5.785178433051329	-0.8459804262506193	0.1469540086737232	1.9507816641508569
70.4	70.4	0.0	-3.818134243891202	0.0	-5.786057091313429	-0.8459654773521607	0.1469571315232935	1.9508725058058847
69.33333333333333	69.33333333333333	0.0	-3.760170046949834	0.0	-5.7867425192340765	-0.8459958473325179	0.14692836052776748	1.9507364311235735
68.26666666666667	68.26666666666667	0.0	-3.7022537735865026	0.0	-5.7897069083344785	-0.8459905460002584	0.14690570645408005	1.9504677480146628
67.2	67.2	0.0	-3.6443828305044987	0.0	-5.787780764767521	-0.8459763697656105	0.14693449891248986	1.95058178031547
66.13333333333333	66.13333333333333	0.0	-3.586554786615013	0.0	-5.787637339047564	-0.8459909859893731	0.14693361893426055	1.9505310635214164
65.06666666666666	65.06666666666666	0.0	-3.5287673639052177	0.0	-5.7906068470457175	-0.845994666873918	0.14688883662753502	1.9504800140526661
64.0	64.0	0.0	-3.4710184286475108	0.0	-5.790827195740656	-0.8459807481938744	0.14689952514359034	1.9502114919153828
62.93333333333334	62.93333333333334	0.0	-3.4133059829438133	0.0	-5.790391037750664	-0.8459967595050728	0.14690353870283196	1.950237923456592
61.86666666666667	61.86666666666667	0.0	-3.3556281565987605	0.0	-5.79467010359442	-0.8459677094920599	0.14687921052422032	1.950028188157613
60.8	60.8	0.0	-3.2979831993156687	0.0	-5.787496177661831	-0.8459963409788425	0.14692860735092939	1.9503108436037766
59.733333333333334	59.733333333333334	0.0	-3.2403694732091295	0.0	-5.788369513128787	-0.8459726888810657	0.14693899538661362	1.9503781512068878
58.66666666666667	58.66666666666667	0.0	-3.1827854456281033	0.0	-5.7880927492441865	-0.8459848905304174	0.14692622497084476	1.9503951605421757
57.6	57.6	0.0	-3.1252296822833725	0.0	-5.79072184517629	-0.8459736439793878	0.14689428819998085	1.9504987833444147
56.53333333333333	56.53333333333333	0.0	-3.0677008406732234	0.0	-5.788601108374759	-0.8459902240570032	0.14692048364946964	1.9504075446260396
55.46666666666667	55.46666666666667	0.0	-3.0101976638012173	0.0	-5.790961993381386	-0.8459901167425847	0.14689151948799056	1.950370038236871
54.4	54.4	0.0	-2.9527189741799083	0.0	-5.795768488127839	-0.8459887109237064	0.14686940198639456	1.949861496671784
53.33333333333333	53.33333333333333	0.0	-2.895263668114395	0.0	-5.788958508313217	-0.8459775502242107	0.14691670618194821	1.950244319395919
52.266666666666666	52.266666666666666	0.0	-2.837830710259539	0.0	-5.791478229390261	-0.8459807803881997	0.14690093096246912	1.9502703002165713
51.2	51.2	0.0	-2.7804191284447413	0.0	-5.795964014997845	-0.8459856524627871	0.146864347477296	1.9498371041045217
50.13333333333333	50.13333333333333	0.0	-2.7230280087601257	0.0	-5.795439794796258	-0.8459792350605777	0.1468645084489234	1.9495601363225246
49.06666666666666	49.06666666666666	0.0	-2.665656490897999	0.0	-5.799510735057306	-0.8459896445591453	0.1468233855638596	1.949602546980606
48.0	48.0	0.0	-2.6083037637434527	0.0	-5.796484060668567	-0.8459951390573582	0.14687320091679962	1.9498474062886708
46.93333333333334	46.93333333333334	0.0	-2.5509690612079656	0.0	-5.792761988849723	-0.845984074940839	0.14689400918249357	1.9499154221669408
45.86666666666667	45.86666666666667	0.0	-2.4936516582998802	0.0	-5.792149459613379	-0.8459805228335959	0.14689363358202961	1.9501113568317374
44.8	44.8	0.0	-2.4363508674256087	0.0	-5.797578592614371	-0.8459839676264207	0.14683392383972907	1.9499192640231144
43.733333333333334	43.733333333333334	0.0	-2.3790660349154367	0.0	-5.7936947121157285	-0.84597860190551	0.14688420064466778	1.9498891408659187
42.666666666666664	42.666666666666664	0.0	-2.3217965377677903	0.0	-5.79478880407242	-0.8459775824185369	0.14686554939878016	1.9496414162628886
41.6	41.6	0.0	-2.264541780605829	0.0	-5.794850434742802	-0.8459910611094652	0.14687022830741492	1.9496263600500106
40.53333333333333	40.53333333333333	0.0	-2.207301192840227	0.0	-5.796717930980204	-0.8459961048871221	0.14682997466913858	1.94962871023577
39.46666666666667	39.46666666666667	0.0	-2.1500742260320136	0.0	-5.796738739245898	-0.8459840642093972	0.14684257338183826	1.94953537888624
38.4	38.4	0.0	-2.092860351449327	0.0	-5.7959108299721755	-0.8459656919809965	0.14685141608989988	1.949678836800522
37.333333333333336	37.333333333333336	0.0	-2.0356590578119564	0.0	-5.794158492836973	-0.845984203718141	0.14687457454135294	1.9498714447183536
36.266666666666666	36.266666666666666	0.0	-1.978469849217529	0.0	-5.793224492529393	-0.8459747171235696	0.14688373919266937	1.949812099845075
35.2	35.2	0.0	-1.9212922432432114	0.0	-5.799752203229755	-0.8459805335650379	0.14682628305315157	1.9493825738861283
34.13333333333333	34.13333333333333	0.0	-1.8641257692167834	0.0	-5.796705943959688	-0.8459879060655698	0.14685175949603826	1.949463392374494
33.06666666666667	33.06666666666667	0.0	-1.8069699666509589	0.0	-5.7941911271515565	-0.8459959546469364	0.14685622377583635	1.9498116061987512
32.0	32.0	0.0	-1.7498243838348049	0.0	-5.794296692344765	-0.8459798574842026	0.14688059488021538	1.9499334402577622
30.933333333333337	30.933333333333337	0.0	-1.6926885765761346	0.0	-5.797942291909176	-0.8459879811856623	0.14684569623140847	1.9496552061656303
29.866666666666667	29.866666666666667	0.0	-1.6355621070887316	0.0	-5.798085427880206	-0.8459687289790329	0.1468608812215873	1.9494521028976959
28.799999999999997	28.799999999999997	0.0	-1.5784445430182759	0.0	-5.800085328646808	-0.8459858670916235	0.14682936297695462	1.94930073591079
27.733333333333334	27.733333333333334	0.0	-1.5213354566008253	0.0	-5.797837477916901	-0.8459837851919096	0.14683205656885223	1.9494272810727613
26.666666666666664	26.666666666666664	0.0	-1.4642344239477312	0.0	-5.798250971101761	-0.8459781511849528	0.14685152340431815	1.9494798007490406
25.6	25.6	0.0	-1.4071410244508409	0.0	-5.796094552256175	-0.8459705640555845	0.14684314214825478	1.949526461058084
24.53333333333333	24.53333333333333	0.0	-1.3500548403018546	0.0	-5.799454716930996	-0.8459777541216053	0.14683740082687968	1.9494924316560647
23.46666666666667	23.46666666666667	0.0	-1.292975456119707	0.0	-5.794958779379446	-0.8459757902677525	0.14687933930152214	1.9495056849867163
22.4	22.4	0.0	-1.2359024586798253	0.0	-5.800412712742485	-0.8459940981075015	0.14682061685186945	1.9494111517157016
21.333333333333336	21.333333333333336	0.0	-1.1788354367391438	0.0	-5.802869987559568	-0.8459964482932603	0.1467813612376825	1.9490291338497037
20.266666666666666	20.266666666666666	0.0	-1.121773980950723	0.0	-5.798172545724919	-0.8460041320056054	0.14682812886114496	1.9493093425271315
19.200000000000003	19.200000000000003	0.0	-1.0647176838618537	0.0	-5.801299859575073	-0.8459939478673155	0.14680150415398344	1.9492218812762774
18.133333333333333	18.133333333333333	0.0	-1.0076661399894944	0.0	-5.799709309656792	-0.8459872621790605	0.14681687157867324	1.9491716688599892
17.06666666666667	17.06666666666667	0.0	-0.9506189459669213	0.0	-5.797672557118965	-0.8459725922980889	0.1468359413507918	1.949517929561836
16.0	16.0	0.0	-0.8935757007554419	0.0	-5.798186196118921	-0.845991876699044	0.1468253279548293	1.9492546765624874
14.933333333333337	14.933333333333337	0.0	-0.8365360059150497	0.0	-5.801889906440801	-0.8460018032827297	0.14681162390362196	1.9490260753887838
13.866666666666674	13.866666666666674	0.0	-0.77949946592787	0.0	-5.797891263903311	-0.8459696196887039	0.14684876542376984	1.9496227864798832
12.799999999999997	12.799999999999997	0.0	-0.7224656885682738	0.0	-5.805953302498251	-0.8459820896241016	0.14678049199089482	1.9490393394508772
11.733333333333334	11.733333333333334	0.0	-0.6654342853135198	0.0	-5.802582556621797	-0.8459920805964388	0.14681936127317605	1.94894991434617
10.666666666666671	10.666666666666671	0.0	-0.6084048717887804	0.0	-5.802674793364258	-0.8459943234677794	0.14680675182903458	1.9490461753793173
9.599999999999994	9.599999999999994	0.0	-0.551377068240432	0.0	-5.804871980957329	-0.8459947312625689	0.14678162952372803	1.9489217228485018
8.533333333333331	8.533333333333331	0.0	-0.49435050003146297	0.0	-5.803330098127711	-0.8459792887177862	0.1467921356052723	1.9490920522931086
7.466666666666669	7.466666666666669	0.0	-0.4373247981528619	0.0	-5.806334762329271	-0.8459813384231739	0.14677543748179636	1.948642329760653
6.400000000000006	6.400000000000006	0.0	-0.3802995997448602	0.0	-5.808953684854523	-0.8459845256613958	0.14675908276445893	1.948563442931815
5.333333333333329	5.333333333333329	0.0	-0.3232745486218845	0.0	-5.808687416320023	-0.8459984979986482	0.14675186050411243	1.9484684804031271
4.266666666666666	4.266666666666666	0.0	-0.2662492957950903	0.0	-5.8061065796818	-0.8459869509672471	0.14676776450089338	1.9485370435849318
3.200000000000003	3.200000000000003	0.0	-0.20922349998633066	0.0	-5.8065428664490915	-0.8459799647986209	0.1467835933775815	1.9487936108960247
2.13333333333334	2.13333333333334	0.0	-0.15219682812743746	0.0	-5.811152632404052	-0.8459819930411254	0.14673242586297186	1.9480863981484788
1.0666666666666629	1.0666666666666629	0.0	-0.09516895583866962	0.0	-5.809753091418766	-0.845970639175677	0.146756185275167	1.9482739622886527
0.0	0.0	0.0	-0.0381395678802	0.0	-5.81575123765951	-0.845991436709929	0.14669494093668572	1.9478953999469197
-1.0666666666666629	-1.0666666666666629	0.0	0.01889164142950607	0.0	-5.816309508726006	-0.8459772068180724	0.146694618993431	1.9477492913665073
-2.1333333333333258	-2.1333333333333258	0.0	0.07592496783454125	0.0	-5.817387728880244	-0.8459881314258481	0.14668148370864031	1.9473415395030196
-3.200000000000003	-3.200000000000003	0.0	0.13296069680778344	0.0	-5.818756052101261	-0.8460062890254116	0.1466619739474069	1.9474563766619617
-4.266666666666666	-4.266666666666666	0.0	0.1899991032686266	0.0	-5.823574995320223	-0.8459813706175002	0.14665175761479182	1.9470767304446073
-5.333333333333329	-5.333333333333329	0.0	0.2470404513583625	0.0	-5.823918809253332	-0.8460002042978981	0.14663431902183025	1.9467993977935867
-6.400000000000006	-6.400000000000006	0.0	0.3040849942793354	0.0	-5.828031065565403	-0.8459844720041868	0.14660428171616885	1.9465463182010865
-7.466666666666669	-7.466666666666669	0.0	0.36113297420401097	0.0	-5.8283681830788145	-0.8459979721579988	0.1466018349474335	1.9464642441340272
-8.533333333333331	-8.533333333333331	0.0	0.4181846222601038	0.0	-5.833926951897023	-0.8459810486742451	0.14656257933324676	1.9459547045448524
-9.599999999999994	-9.599999999999994	0.0	0.4752401585978824	0.0	-5.834005548976935	-0.8460020823002173	0.1465459026726545	1.9457481994098615
-10.666666666666671	-10.666666666666671	0.0	0.5322997925458017	0.0	-5.838271168324085	-0.8460060422022495	0.14651925650260905	1.945414419374855
-11.733333333333334	-11.733333333333334	0.0	0.5893637228605886	0.0	-5.838495283755105	-0.8459974033915825	0.14652562024760993	1.9456245088114161
-12.799999999999997	-12.799999999999997	0.0	0.6464321380779278	0.0	-5.836218082531804	-0.8459845793186043	0.1465396247791883	1.945538560693859
-13.86666666666666	-13.86666666666666	0.0	0.7035052169698697	0.0	-5.840330360306751	-0.846008360193683	0.1464936620138623	1.9452995285587031
-14.933333333333337	-14.933333333333337	0.0	0.7605831291151076	0.0	-5.8471784796656125	-0.8460015564595679	0.1464356263764862	1.9449513469287714
-16.0	-16.0	0.0	0.8176660355882505	0.0	-5.849792583773484	-0.8460039603025358	0.1464197867683562	1.9444965376928913
-17.066666666666663	-17.066666666666663	0.0	0.8747540897742391	0.0	-5.8508390066656	-0.8459941088389433	0.14639172404799036	1.9441763007374666
-18.133333333333326	-18.133333333333326	0.0	0.9318474383140274	0.0	-5.855277209060141	-0.8459979292322317	0.14638698075070475	1.9438869274087214
-19.200000000000003	-19.200000000000003	0.0	0.9889462221876749	0.0	-5.856147142660046	-0.8459999896690618	0.1463600770260556	1.9439030674972224
-20.266666666666666	-20.266666666666666	0.0	1.0460505779409777	0.0	-5.857671243490562	-0.8460122449756233	0.14636326426427693	1.9436960687159084
-21.33333333333333	-21.33333333333333	0.0	1.1031606390617854	0.0	-5.858943606158806	-0.8460132215368285	0.1463457505512226	1.9435479318929898
-22.400000000000006	-22.400000000000006	0.0	1.1602765375121282	0.0	-5.862251326277441	-0.846016537552352	0.14632638029873302	1.9434180599840518
-23.46666666666667	-23.46666666666667	0.0	1.2173984054222904	0.0	-5.8643557620188345	-0.8459951175944744	0.14629912243650367	1.9431099173635606
-24.53333333333333	-24.53333333333333	0.0	1.2745263769529795	0.0	-5.862194835967687	-0.8460100557614909	0.14630934950056057	1.942974486567762
-25.599999999999994	-25.599999999999994	0.0	1.3316605903317076	0.0	-5.867966892192113	-0.8460006764813383	0.14627866830839004	1.943053502173901
-26.66666666666667	-26.66666666666667	0.0	1.3888011900695343	0.0	-5.8722532876106355	-0.8460166019410034	0.1462431794302829	1.9426196085181329
-27.733333333333334	-27.733333333333334	0.0	1.4459483293643003	0.0	-5.871378836073728	-0.8459982619069285	0.14624854515119423	1.9424289966484807
-28.799999999999997	-28.799999999999997	0.0	1.5031021726964937	0.0	-5.875415339137968	-0.8460214203583816	0.1462096007488201	1.942080074549063
-29.86666666666666	-29.86666666666666	0.0	1.5602628986238758	0.0	-5.876504634140162	-0.8460142195609182	0.14618815932805881	1.9420061134520212
-30.933333333333337	-30.933333333333337	0.0	1.6174307027810082	0.0	-5.880239583689193	-0.8460093367548892	0.14616878907556916	1.9416561504027476
-32.0	-32.0	0.0	1.6746058010898164	0.0	-5.883961955988402	-0.845996190738657	0.1461491183427085	1.941247389783727
-33.06666666666666	-33.06666666666666	0.0	1.731788433187324	0.0	-5.880232286308751	-0.8460047436977897	0.14617572158698655	1.9414688223542942
-34.133333333333326	-34.133333333333326	0.0	1.788978866076694	0.0	-5.887659645971419	-0.8460013310992894	0.1461169025543572	1.9410240040907503
-35.2	-35.2	0.0	1.8461773980077143	0.0	-5.891757007042235	-0.8460121805869723	0.14608554528135173	1.940561468216757
-36.266666666666666	-36.266666666666666	0.0	1.903384362592853	0.0	-5.893149830144938	-0.8460130069079927	0.14606459750691428	1.9403100198034138
-37.33333333333333	-37.33333333333333	0.0	1.9606001331650438	0.0	-5.8970855757019125	-0.846013779571804	0.14603589090003896	1.9402011064003568
-38.39999999999999	-38.39999999999999	0.0	2.0178251273833046	0.0	-5.900662762324709	-0.846008682136938	0.1460053492166121	1.9399385724076113
-39.46666666666667	-39.46666666666667	0.0	2.0750598120923507	0.0	-5.900106734129556	-0.8460297586886779	0.14601939667395775	1.9397375939651587
-40.53333333333333	-40.53333333333333	0.0	2.1323047084423257	0.0	-5.907245911653521	-0.8459958151381924	0.1459837468242234	1.939238184857063
-41.599999999999994	-41.599999999999994	0.0	2.18956039727479	0.0	-5.911761874075507	-0.8460327312980621	0.14591717969059834	1.9390031984754765
-42.66666666666667	-42.66666666666667	0.0	2.246827524781106	0.0	-5.915064056770158	-0.8460146166242662	0.14589335588975222	1.938427671250534
-43.733333333333334	-43.733333333333334	0.0	2.304106808439335	0.0	-5.9172217955830915	-0.8460278377605907	0.1458786860087808	1.9379360960949696
-44.8	-44.8	0.0	2.3613990432358243	0.0	-5.924130515393923	-0.8460162370719813	0.14583147839620364	1.9376386741848584
-45.86666666666666	-45.86666666666666	0.0	2.4187051081775675	0.0	-5.924956761294157	-0.8460144234583127	0.14580439223704347	1.9375818726632916
-46.93333333333334	-46.93333333333334	0.0	2.4760259731015175	0.0	-5.925248688706059	-0.8460235129895366	0.1458170660698358	1.9374294754579702
-48.0	-48.0	0.0	2.53336270578696	0.0	-5.923873776379756	-0.8460309820730447	0.14582283958553643	1.937432115392659
-49.06666666666666	-49.06666666666666	0.0	2.5907164793770994	0.0	-5.924713243416326	-0.8460242427275807	0.14581072378771884	1.9374989508123301
-50.133333333333326	-50.133333333333326	0.0	2.6480885801159855	0.0	-5.927766081060229	-0.8460225149654473	0.1457944227275904	1.93723704997465
-51.19999999999999	-51.19999999999999	0.0	2.705480415406914	0.0	-5.928781404233944	-0.846032183994529	0.14577596464765566	1.936902905070622
-52.26666666666665	-52.26666666666665	0.0	2.762893522198445	0.0	-5.930312609278948	-0.8460224398453547	0.14576087624045325	1.9369051801362889
-53.33333333333334	-53.33333333333334	0.0	2.820329575704172	0.0	-5.9302160692283135	-0.846026367553061	0.14576427810751097	1.9369971163983823
-54.400000000000006	-54.400000000000006	0.0	2.877790398462363	0.0	-5.928315541612983	-0.8460380755560899	0.14578834873151877	1.936891604862383
-55.46666666666667	-55.46666666666667	0.0	2.935277969741645	0.0	-5.928416867886671	-0.8460104850191641	0.1457854190479014	1.9369876298038111
-56.53333333333333	-56.53333333333333	0.0	2.9927944352988205	0.0	-5.93471173849381	-0.8460427222703992	0.1457327705943201	1.9367548970250061
-57.599999999999994	-57.599999999999994	0.0	3.050342117494992	0.0	-5.92473659503373	-0.8460247792996715	0.14579956308822342	1.9371868482898054
-58.66666666666666	-58.66666666666666	0.0	3.1079235257761075	0.0	-5.924927711281145	-0.8460241676074877	0.14581191497776116	1.937236942660233
-59.73333333333332	-59.73333333333332	0.0	3.1655413675240673	0.0	-5.931021335159787	-0.8460182760459278	0.14576886043316908	1.936721253954893
-60.80000000000001	-60.80000000000001	0.0	3.223198559284539	0.0	-5.9247396749575305	-0.8460269899766876	0.1458024820403992	1.937348775015464
-61.866666666666674	-61.866666666666674	0.0	3.28089823837759	0.0	-5.923076848778573	-0.8460197677163407	0.1458208864631248	1.9373155933973496
-62.93333333333334	-62.93333333333334	0.0	3.338643774897311	0.0	-5.923711935505631	-0.8460224291139129	0.14582048939977732	1.937238026535856
-64.0	-64.0	0.0	3.39643878410653	0.0	-5.928875068258166	-0.8460161190261211	0.14578061136196482	1.9370435298842648
-65.06666666666666	-65.06666666666666	0.0	3.454287139232773	0.0	-5.9285374570984315	-0.846024457356417	0.14579844701827394	1.936948492235485
-66.13333333333333	-66.13333333333333	0.0	3.5121929846716027	0.0	-5.929108616626548	-0.846007276318059	0.145798200195112	1.9369045899069892
-67.19999999999999	-67.19999999999999	0.0	3.570160749603466	0.0	-5.9255633560431775	-0.8460232876292586	0.14581694802397577	1.9372213713381479
-68.26666666666665	-68.26666666666665	0.0	3.628195162030197	0.0	-5.926513271078984	-0.8460215813300092	0.14579342470350096	1.9371490521517054
-69.33333333333334	-69.33333333333334	0.0	3.6863012632373016	0.0	-5.9226226619663205	-0.8460366375428857	0.14583117791583267	1.937347422853795
-70.4	-70.4	0.0	3.7444844226881497	0.0	-5.923171017180565	-0.8460170204672345	0.1458346763658667	1.9375013224609727
-71.46666666666667	-71.46666666666667	0.0	3.802750353356249	0.0	-5.919233393621275	-0.8460224505767963	0.1458395806347795	1.9375784171390253
-72.53333333333333	-72.53333333333333	0.0	3.861105127501684	0.0	-5.920467026515988	-0.8460219032732632	0.14583365687889352	1.9375906724455871
-73.6	-73.6	0.0	3.9195551928979	0.0	-5.926366282520337	-0.8460109464711627	0.145793778841081	1.9373283423502345
-74.66666666666666	-74.66666666666666	0.0	3.9781073895149364	0.0	-5.921061559124398	-0.8460013096364065	0.1458461912029423	1.937487156957767
-75.73333333333332	-75.73333333333332	0.0	4.036768966665268	0.0	-5.922500108900707	-0.8460268826622689	0.14584874528609612	1.9375900929477274
-76.80000000000001	-76.80000000000001	0.0	4.09554760061838	0.0	-5.923491672662221	-0.8459905674631414	0.14583708020883496	1.9374732919349325
-77.86666666666667	-77.86666666666667	0.0	4.1544514126901975	0.0	-5.9221997251126535	-0.8460173424104888	0.1458297184397446	1.9373530568607524
-78.93333333333334	-78.93333333333334	0.0	4.213488987813546	0.0	-5.922574595838399	-0.8460143483382203	0.14583081304681056	1.9375278398537157
-80.0	-80.0	0.0	4.272669393595734	0.0	-5.915412174011442	-0.8460132108053874	0.145889503302138	1.938006472890442
-80.0	-80.0	0.0	4.334632001425141	0.0	-5.918861527699245	-0.8439212986565969	0.14586547560389745	1.937850223097507
-78.93333333333334	-78.93333333333334	0.0	4.2765525217646445	0.0	-5.918399474740136	-0.8460277626404986	0.14586628046203406	1.937881462324651
-77.86666666666666	-77.86666666666666	0.0	4.2185409905834925	0.0	-5.917574355641287	-0.8460209911007087	0.14587328809354416	1.9379591257691207
-76.8	-76.8	0.0	4.160591136621887	0.0	-5.920680829031417	-0.8460330210469915	0.14585018329930025	1.937706378851317
-75.73333333333333	-75.73333333333333	0.0	4.1026972267289015	0.0	-5.922123521144273	-0.8460248544197643	0.14583256227182764	1.9376564454525174
-74.66666666666667	-74.66666666666667	0.0	4.044854034561523	0.0	-5.923136440475015	-0.8460183189716944	0.14582406296990424	1.9375238262944745
-73.6	-73.6	0.0	3.9870568103551984	0.0	-5.916462460222614	-0.8460283314069155	0.14588060693686708	1.9379347224704169
-72.53333333333333	-72.53333333333333	0.0	3.9293012517491834	0.0	-5.924205528172256	-0.8460201755111301	0.14581717338425418	1.9375173230407292
-71.46666666666667	-71.46666666666667	0.0	3.8715834756500076	0.0	-5.923889272581752	-0.8460269470509202	0.14581682997811582	1.9374070896703288
-70.4	-70.4	0.0	3.813899991116364	0.0	-5.923761589886942	-0.846014509309848	0.1458262736469197	1.9372472770387075
-69.33333333333333	-69.33333333333333	0.0	3.7562476732487218	0.0	-5.9222752530002	-0.8460253373346464	0.14582993306858114	1.9374210620075802
-68.26666666666667	-68.26666666666667	0.0	3.6986237380669853	0.0	-5.921495173762678	-0.8460271187539896	0.14583519147507426	1.9376762342312377
-67.2	-67.2	0.0	3.641025718359479	0.0	-5.920129308041834	-0.846013253731154	0.14586535755803717	1.937720340457128
-66.13333333333333	-66.13333333333333	0.0	3.583451440486598	0.0	-5.918563000450625	-0.8460179433712307	0.14586829797309675	1.937993906372069
-65.06666666666666	-65.06666666666666	0.0	3.5258990021224057	0.0	-5.92536909548331	-0.8460316474224379	0.14580141962765866	1.9374395737447245
-64.0	-64.0	0.0	3.4683667509174954	0.0	-5.92829485139315	-0.8460311430446726	0.14578550489943592	1.937151402337465
-62.93333333333334	-62.93333333333334	0.0	3.4108532640664255	0.0	-5.921997555480162	-0.8460147346701258	0.1458353417152597	1.9371893594471916
-61.86666666666667	-61.86666666666667	0.0	3.353357328763028	0.0	-5.922873530881805	-0.8460303274550942	0.14583597487032723	1.9377223901625162
-60.8	-60.8	0.0	3.2958779235269047	0.0	-5.930485889870056	-0.8460202613626642	0.14577755290104547	1.936879971979448
-59.733333333333334	-59.733333333333334	0.0	3.238414200384411	0.0	-5.925223942001217	-0.8460256056206923	0.1458160680457464	1.9369622499439005
-58.66666666666667	-58.66666666666667	0.0	3.1809654678874364	0.0	-5.927548415225741	-0.8460218496160543	0.14578428151506823	1.9371231893769132
-57.6	-57.6	0.0	3.1235311749532944	0.0	-5.928786287039969	-0.8460479484825666	0.1457821674210291	1.9371804201561522
-56.53333333333333	-56.53333333333333	0.0	3.066110895509022	0.0	-5.923276389207822	-0.8460096801610277	0.14582787263175123	1.9372414069400308
-55.46666666666667	-55.46666666666667	0.0	3.0087043139233947	0.0	-5.9241538670113245	-0.8460263031644107	0.14582165912693593	1.937307619936076
-54.4	-54.4	0.0	2.9513112112099673	0.0	-5.929549238896349	-0.8460152927051009	0.14576071526882586	1.9370891063176858
-53.33333333333333	-53.33333333333333	0.0	2.8939314519844546	0.0	-5.9295301369299	-0.8460150888077057	0.14578382006306984	1.9367987349648519
-52.266666666666666	-52.266666666666666	0.0	2.836564972159741	0.0	-5.931858709565201	-0.8460221071706576	0.145757989482603	1.936571700581654
-51.2	-51.2	0.0	2.7792117673618404	0.0	-5.9305460288700305	-0.8460357039074468	0.14577699486607062	1.937028462939946
-50.13333333333333	-50.13333333333333	0.0	2.7218718820501118	0.0	-5.926008303084025	-0.8460193491901097	0.14580701070884822	1.9372181197112763
-49.06666666666666	-49.06666666666666	0.0	2.6645453993250308	0.0	-5.931143212144571	-0.8460202291683392	0.1457827576503294	1.9368799505165644
-48.0	-48.0	0.0	2.60723243140683	0.0	-5.92739785309697	-0.8460138761547802	0.14578456053255556	1.936882483136834
-46.93333333333334	-46.93333333333334	0.0	2.549933110768312	0.0	-5.93176478798637	-0.8460361331651199	0.14576092989766243	1.9367969213511824
-45.86666666666667	-45.86666666666667	0.0	2.492647581905143	0.0	-5.926041420313487	-0.8460431086023051	0.14579490564247247	1.937016958834312
-44.8	-44.8	0.0	2.435375993726936	0.0	-5.926771909558352	-0.8460334824989895	0.14580336201862845	1.9371473780467807
-43.733333333333334	-43.733333333333334	0.0	2.378118492552427	0.0	-5.924119580054702	-0.8460061602481096	0.14581659388639567	1.9372559909694675
-42.666666666666664	-42.666666666666664	0.0	2.32087521569205	0.0	-5.931804129452092	-0.8460260778041322	0.14575905189534336	1.9368398685813575
-41.6	-41.6	0.0	2.2636462856012263	0.0	-5.927466276770036	-0.8460350600209381	0.1457828649647474	1.9368522848595449
-40.53333333333333	-40.53333333333333	0.0	2.2064318045876616	0.0	-5.926906546227454	-0.8460150566133805	0.1457947661337289	1.937099000707046
-39.46666666666667	-39.46666666666667	0.0	2.1492318500559726	0.0	-5.92798313520253	-0.846014509309848	0.1457846249212065	1.9370090926874561
-38.4	-38.4	0.0	2.092046470272937	0.0	-5.92908405235622	-0.8460364014511655	0.14577473053184606	1.9367444016749036
-37.333333333333336	-37.333333333333336	0.0	2.0348756806366817	0.0	-5.928065831693217	-0.8460258524438542	0.14578400249758072	1.9369422036105763
-36.266666666666666	-36.266666666666666	0.0	1.977719460433113	0.0	-5.931441320866956	-0.8460389769972033	0.14576162744138071	1.9367048670432299
-35.2	-35.2	0.0	1.920577750062899	0.0	-5.931632759057628	-0.8460318942456003	0.14575464127275436	1.9365745980709455
-34.13333333333333	-34.13333333333333	0.0	1.8634504487223043	0.0	-5.929210339963588	-0.8460190916355056	0.14579259838248068	1.9368913580392226
-33.06666666666667	-33.06666666666667	0.0	1.8063374125211922	0.0	-5.930000399442001	-0.8460316903482054	0.14575918067264523	1.9368611597619327
-32.0	-32.0	0.0	1.7492384530214933	0.0	-5.931225479377579	-0.8460300591690486	0.14576608098973712	1.9368028773013954
-30.933333333333337	-30.933333333333337	0.0	1.692153336179458	0.0	-5.92960498873661	-0.8460088967657745	0.14578302593637482	1.9368370676750402
-29.866666666666667	-29.866666666666667	0.0	1.635081781674985	0.0	-5.930151144005283	-0.8460203042884321	0.14577484857770603	1.9368513726869905
-28.799999999999997	-28.799999999999997	0.0	1.5780234626113472	0.0	-5.932916486322762	-0.8460367663201879	0.1457554997881001	1.9365231193445238
-27.733333333333334	-27.733333333333334	0.0	1.5209780055686137	0.0	-5.927123278426502	-0.8460381399447406	0.14580184888533154	1.9370883980425244
-26.666666666666664	-26.666666666666664	0.0	1.4639449909940745	0.0	-5.930314122412244	-0.8460143161438951	0.14576393470137267	1.9369129389687259
-25.6	-25.6	0.0	1.4069239539129832	0.0	-5.931773298019736	-0.8460148634474279	0.1457469360975258	1.9368546779710725
-24.53333333333333	-24.53333333333333	0.0	1.3499143849429092	0.0	-5.931483152027181	-0.8460106996480006	0.14576544783466963	1.9368363593998814
-23.46666666666667	-23.46666666666667	0.0	1.2929157315950264	0.0	-5.929896862491301	-0.8460091435889363	0.14577898018280788	1.9367986813076434
-22.4	-22.4	0.0	1.235927399845624	0.0	-5.9358683947563256	-0.8460192633385748	0.14573071015749017	1.9363863900442624
-21.333333333333336	-21.333333333333336	0.0	1.1789487559611669	0.0	-5.935555830781806	-0.8460405008619422	0.145716512459959	1.9362511953401835
-20.266666666666666	-20.266666666666666	0.0	1.1219791285601926	0.0	-5.928906167976569	-0.8460312396276487	0.14576072600026768	1.9368880312922556
-19.200000000000003	-19.200000000000003	0.0	1.0650178108953703	0.0	-5.930251525912095	-0.8460153892880772	0.14577233742031964	1.9367226275794456
-18.133333333333333	-18.133333333333333	0.0	1.0080640633390137	0.0	-5.927044273551807	-0.8460177394738363	0.14578179182056528	1.9370741681506678
-17.06666666666667	-17.06666666666667	0.0	0.9511171160553648	0.0	-5.930818897241251	-0.8460231051947474	0.1457559505086566	1.936779933478778
-16.0	-16.0	0.0	0.8941761718429497	0.0	-5.934783113313371	-0.846022557891215	0.14574050796387406	1.9367466874720136
-14.933333333333337	-14.933333333333337	0.0	0.8372404091303182	0.0	-5.928997589129455	-0.846021849616054	0.14577171499669395	1.9368032314389751
-13.866666666666674	-13.866666666666674	0.0	0.780308985108466	0.0	-5.9326982302589775	-0.8460163443863994	0.14574795558449882	1.9367786779000857
-12.799999999999997	-12.799999999999997	0.0	0.7233810389832572	0.0	-5.931846733276127	-0.8460300055118392	0.14575370763731585	1.9367761023540473
-11.733333333333334	-11.733333333333334	0.0	0.6664556953311475	0.0	-5.930494635995139	-0.8460295225969571	0.1457766192656069	1.9370497111947547
-10.666666666666671	-10.666666666666671	0.0	0.6095320675415111	0.0	-5.923960690327081	-0.8460350707523806	0.1458222708191199	1.9372321242428532
-9.599999999999994	-9.599999999999994	0.0	0.5526092613288888	0.0	-5.928574641544347	-0.8460122879013905	0.14578021429861723	1.9370939461979468
-8.533333333333331	-8.533333333333331	0.0	0.49568637829845885	0.0	-5.929286908800993	-0.8460282240924967	0.14576659609894457	1.9369763725213398
-7.466666666666669	-7.466666666666669	0.0	0.4387625195480302	0.0	-5.922488905275447	-0.8460122127812979	0.14583031940048674	1.937289859399859
-6.400000000000006	-6.400000000000006	0.0	0.3818367892898798	0.0	-5.9184045829064384	-0.8460295011340735	0.14584605169419873	1.9376080466498973
-5.333333333333329	-5.333333333333329	0.0	0.3249082984757282	0.0	-5.917040820548192	-0.8460134147027826	0.1458606893808446	1.9378688636119523
-4.266666666666666	-4.266666666666666	0.0	0.26797616840817	0.0	-5.912878040608028	-0.8460313898678344	0.14590875550876758	1.9382684273853297
-3.200000000000003	-3.200000000000003	0.0	0.21103953432185357	0.0	-5.906834918894605	-0.8460043573658835	0.1459530012434019	1.9386996811064103
-2.13333333333334	-2.13333333333334	0.0	0.15409754891773225	0.0	-5.907089618934818	-0.8460234271380024	0.14595035057727157	1.938818585481803
-1.0666666666666629	-1.0666666666666629	0.0	0.09714938583368175	0.0	-5.901930091946733	-0.8460067934031771	0.1460002732446301	1.9391133459943415
0.0	0.0	0.0	0.0401942430348	0.0	-5.8940069933290715	-0.8460259168325048	0.1460493266652008	1.9398220289494188
1.0666666666666629	1.0666666666666629	0.0	-0.01676865389331629	0.0	-5.889672467393978	-0.8459991633480415	0.14610800618908643	1.9401764455470487
2.1333333333333258	2.1333333333333258	0.0	-0.07374004856499573	0.0	-5.884689354578018	-0.8460157756199831	0.1461462423163001	1.9407841670974582
3.200000000000003	3.200000000000003	0.0	-0.13072065074532263	0.0	-5.8765677457495205	-0.8460124917987849	0.14620418137069982	1.9413913628072184
4.266666666666666	4.266666666666666	0.0	-0.1877111334480573	0.0	-5.870314094610421	-0.8460166770610958	0.14624704274933906	1.9419597428919062
5.333333333333329	5.333333333333329	0.0	-0.244712130197352	0.0	-5.8722145256427725	-0.8460047651606729	0.14623632203895823	1.9422135522224508
6.400000000000006	6.400000000000006	0.0	-0.30172423246994073	0.0	-5.865307866268771	-0.846017546307883	0.14630555057015537	1.9426868731954763
7.466666666666669	7.466666666666669	0.0	-0.35874798733450286	0.0	-5.8638527256834045	-0.846014723938684	0.1462968473708373	1.9427648371203161
8.533333333333331	8.533333333333331	0.0	-0.4157838953049008	0.0	-5.864161040006966	-0.8460321303373202	0.14629004363672174	1.9427741842061437
9.599999999999994	9.599999999999994	0.0	-0.47283240842397	0.0	-5.866506557588905	-0.8460244466249759	0.14628341160567568	1.9427920520567776
10.666666666666671	10.666666666666671	0.0	-0.5298939285945675	0.0	-5.858382695157628	-0.8460129532507836	0.1463567717419743	1.9434296606726633
11.733333333333334	11.733333333333334	0.0	-0.5869688061745607	0.0	-5.857349192921465	-0.8459877236310591	0.14634738173037962	1.943539325276647
12.799999999999997	12.799999999999997	0.0	-0.6440573388524645	0.0	-5.858475693832463	-0.8460155824540304	0.14634860511474743	1.943315317160045
13.86666666666666	13.86666666666666	0.0	-0.7011597708204031	0.0	-5.8580014714183255	-0.8460055592873674	0.1463599697116375	1.9435291196754756
14.933333333333337	14.933333333333337	0.0	-0.7582762922611015	0.0	-5.8531384005105895	-0.8459956005093565	0.14640518127603575	1.9438651103874958
16.0	16.0	0.0	-0.815407039165591	0.0	-5.851606809133678	-0.8459991848109253	0.1464066622150073	1.9441273331684292
17.066666666666663	17.066666666666663	0.0	-0.8725520934983348	0.0	-5.849818382159631	-0.8460101952702352	0.14642326375550688	1.9441965616996268
18.133333333333326	18.133333333333326	0.0	-0.9297114837264504	0.0	-5.852648671163015	-0.8460050441781601	0.14640268085009106	1.9438328302104935
19.200000000000003	19.200000000000003	0.0	-0.9868851857297346	0.0	-5.847639438017657	-0.8460123630214834	0.14644256961934535	1.944510166624006
20.266666666666666	20.266666666666666	0.0	-1.0440731241081747	0.0	-5.844963263250282	-0.8459864251265979	0.14645764729510616	1.9448785662903327
21.33333333333333	21.33333333333333	0.0	-1.1012751739036517	0.0	-5.842026282252297	-0.8460128137420401	0.1464845510197552	1.9449652119516057
22.400000000000006	22.400000000000006	0.0	-1.1584911627525145	0.0	-5.841053273153689	-0.8459907498976521	0.1464864075591904	1.9451354448132363
23.46666666666667	23.46666666666667	0.0	-1.2157208734857228	0.0	-5.839003557034146	-0.8460038422566766	0.14652097353330068	1.9454762861369619
24.53333333333333	24.53333333333333	0.0	-1.272964047193262	0.0	-5.8340632197452855	-0.8459977682606046	0.1465451729346105	1.9458602785882555
25.599999999999994	25.599999999999994	0.0	-1.3302203867695057	0.0	-5.8335758727778	-0.8460188984695534	0.14655417661429962	1.946093086487153
26.66666666666667	26.66666666666667	0.0	-1.3874895609562332	0.0	-5.822896854048579	-0.8459833666656791	0.14663467315941045	1.9465857777126674
27.733333333333334	27.733333333333334	0.0	-1.4447712088999851	0.0	-5.825629175719564	-0.8459826047333096	0.14661210493725765	1.9468812465003666
28.799999999999997	28.799999999999997	0.0	-1.5020649452404609	0.0	-5.822174177293366	-0.8459846007814882	0.14665051276754038	1.9471559070223732
29.86666666666666	29.86666666666666	0.0	-1.5593703657466396	0.0	-5.816473227602453	-0.8460042178571399	0.14669766672290865	1.947535993228843
30.933333333333337	30.933333333333337	0.0	-1.616687053517327	0.0	-5.813420357764223	-0.8459835812945156	0.1467173159928855	1.9478426227160373
32.0	32.0	0.0	-1.6740145857628108	0.0	-5.808269254957964	-0.8459864251265978	0.1467677859637769	1.9486199761673362
33.06666666666666	33.06666666666666	0.0	-1.731352541184335	0.0	-5.80876151692581	-0.8459833022770279	0.1467710805164165	1.9486364918563015
34.133333333333326	34.133333333333326	0.0	-1.788700507968065	0.0	-5.806462412829757	-0.8459831949626095	0.1467815114778679	1.9487016209767218
35.2	35.2	0.0	-1.8460580924102532	0.0	-5.799083580747	-0.8459728391212505	0.1468353296586079	1.9494237182340757
36.266666666666666	36.266666666666666	0.0	-1.9034249281902877	0.0	-5.803887918473643	-0.8459924347340188	0.14679548381512084	1.9490657709920856
37.33333333333333	37.33333333333333	0.0	-1.9608006863083274	0.0	-5.80187319758588	-0.8459626335200775	0.1468057645363868	1.9491183872513411
38.39999999999999	38.39999999999999	0.0	-2.018185085704204	0.0	-5.79745686586978	-0.8459903850286306	0.1468452777051776	1.949689933111368
39.46666666666667	39.46666666666667	0.0	-2.0755779045742972	0.0	-5.793906078593866	-0.845986618292551	0.1468660752394294	1.949676304180252
40.53333333333333	40.53333333333333	0.0	-2.132978992403061	0.0	-5.794068069708172	-0.8459783872766731	0.14687867395212914	1.949885374129839
41.599999999999994	41.599999999999994	0.0	-2.1903882827259142	0.0	-5.797230142698395	-0.8459881206944059	0.1468388710344094	1.9496441849748778
42.66666666666667	42.66666666666667	0.0	-2.247805806640169	0.0	-5.800146412013659	-0.8459908572120709	0.14683967589254615	1.9495777036927873
43.733333333333334	43.733333333333334	0.0	-2.3052317070806954	0.0	-5.794385634534588	-0.8459736010536207	0.14687057171355308	1.9496715179572002
44.8	44.8	0.0	-2.3626662538770318	0.0	-5.792296716458065	-0.845996995596794	0.14687812664859615	1.9498867477543922
45.86666666666666	45.86666666666666	0.0	-2.420109859608605	0.0	-5.798844215937152	-0.845974620540593	0.1468341813943329	1.9498737734412288
46.93333333333334	46.93333333333334	0.0	-2.4775630962747797	0.0	-5.794046885842018	-0.8459864787838071	0.1468964452197872	1.949764870769614
48.0	48.0	0.0	-2.5350267127964097	0.0	-5.795164898182533	-0.8459673016972702	0.14686989563271835	1.9496887526527684
49.06666666666666	49.06666666666666	0.0	-2.5925016533656065	0.0	-5.792227176715058	-0.8459888289695666	0.1468998685497287	1.9499827297700523
50.133333333333326	50.133333333333326	0.0	-2.6499890766603915	0.0	-5.797795990162814	-0.8459931537406209	0.14685035367715948	1.9497829210547588
51.19999999999999	51.19999999999999	0.0	-2.707490375940949	0.0	-5.793164857907185	-0.8459947849197778	0.1468793393015222	1.9498976830936094
52.26666666666665	52.26666666666665	0.0	-2.765007200044159	0.0	-5.790247268624568	-0.8459982833698119	0.14690468696710693	1.9502024882356945
53.33333333333334	53.33333333333334	0.0	-2.822541475293108	0.0	-5.797055692380123	-0.8459865646353417	0.1468594968655923	1.9499148748634096
54.400000000000006	54.400000000000006	0.0	-2.8800954283382634	0.0	-5.791440100577468	-0.8459786877570444	0.1469004373161452	1.9500895827362796
55.46666666666667	55.46666666666667	0.0	-2.9376716099470257	0.0	-5.788092878021489	-0.8459703816210736	0.14693398380328235	1.9502085836946494
56.53333333333333	56.53333333333333	0.0	-2.9952729197583214	0.0	-5.7928455653186415	-0.8459716479312083	0.14688186119035052	1.9503678275598535
57.599999999999994	57.599999999999994	0.0	-3.052902632018954	0.0	-5.795372927182258	-0.8459929820375517	0.14686433674585422	1.9500383401015773
58.66666666666666	58.66666666666666	0.0	-3.110564422318395	0.0	-5.790961939724181	-0.8459808447768502	0.14690378552599387	1.9500882949632614
59.73333333333332	59.73333333333332	0.0	-3.1682623953387075	0.0	-5.789008227083183	-0.8459775716870941	0.14691626619283352	1.9502290485542044
60.80000000000001	60.80000000000001	0.0	-3.2260011136363067	0.0	-5.793525123140608	-0.8459754361301719	0.14687911394124378	1.9501641018682958
61.866666666666674	61.866666666666674	0.0	-3.2837856274722257	0.0	-5.791390381807507	-0.845988120694406	0.14690111339698	1.950168931017116
62.93333333333334	62.93333333333334	0.0	-3.341621505707621	0.0	-5.792015799505479	-0.8459840534779552	0.14689247458631285	1.9501077296044023
64.0	64.0	0.0	-3.3995148677811597	0.0	-5.787700590165668	-0.8459885499520788	0.1469424938366477	1.9505137537057564
65.06666666666666	65.06666666666666	0.0	-3.4574724167850257	0.0	-5.789120413575996	-0.8459807267309907	0.14692014024333136	1.9505536961322205
66.13333333333333	66.13333333333333	0.0	-3.51550147365621	0.0	-5.791950047961434	-0.8459971672998623	0.14689386967374982	1.9502334162510278
67.19999999999999	67.19999999999999	0.0	-3.5736100124997923	0.0	-5.787211429584511	-0.8459655739351372	0.1469246903746641	1.9504532820310863
68.26666666666665	68.26666666666665	0.0	-3.6318066970609046	0.0	-5.789452594626169	-0.845993786895688	0.14690260506739344	1.950502378377425
69.33333333333334	69.33333333333334	0.0	-3.6901009183620634	0.0	-5.786662709501242	-0.8459875197336635	0.14693729981880568	1.9505802135249641
70.4	70.4	0.0	-3.748502833522565	0.0	-5.78966009778525	-0.8459860066003677	0.1469227694465779	1.950422869124963
71.46666666666667	71.46666666666667	0.0	-3.8070234057766568	0.0	-5.787243731224397	-0.8459767990232829	0.1469273303093524	1.950625553866664
72.53333333333333	72.53333333333333	0.0	-3.865674445707142	0.0	-5.7879073206609375	-0.8459803618619691	0.14692568839875364	1.9503592209435123
73.6	73.6	0.0	-3.9244686537111386	0.0	-5.787738686784134	-0.8459708538045141	0.14691772566892122	1.9505706840046253
74.66666666666666	74.66666666666666	0.0	-3.9834196637146766	0.0	-5.785094910239624	-0.8459817354865216	0.14695140093336037	1.950532544460388
75.73333333333332	75.73333333333332	0.0	-4.042542088152829	0.0	-5.779624708010772	-0.8459637603214687	0.1470000250962583	1.9509394807342992
76.80000000000001	76.80000000000001	0.0	-4.1018515642320645	0.0	-5.7814142188604505	-0.845988034842872	0.146978508555404	1.951011048719812
77.86666666666667	77.86666666666667	0.0	-4.161364801491512	0.0	-5.782705404477652	-0.8459774643726766	0.14697001998492243	1.9512178865294991
78.93333333333334	78.93333333333334	0.0	-4.221099630679855	0.0	-5.7838441606952085	-0.8459965341447951	0.14695364380470138	1.9508457737843035
80.0	80.0	0.0	-4.28107505396451	0.0	-5.780872699574643	-0.845970725027212	0.14697917390479692	1.951015963720167
