# User			Meike Reginka
# Sample		2020_0446_1
# State			after FC
# Profile		mere_beads_forc.txt
# Comment
# ML
# 
# Meas. type 		FORC
# angle (deg)		 0.000
# Hmin (kA/m)		-80.000
# Hmax (kA/m)		80.000
# pts./branch		161
# time/pt. (s)		 0.020
# dt (s)		 0.020
# nCycles		5
# Hstop (kA/m)		 0.000
# wait (s)		60.000
# nSched		5
# nMinorLoops		10
# nX			2
# nY			2
# dx (mm)		 0.250
# dy (mm)		 0.250
# avg. raster		no average raster
# Number			68
# ID			310382
# -----------------------------------------------
# H (kA/m) 	 I (arb.u.)
8.158358335445964826e+01 1.972702847990987607e+00
8.071595139485677350e+01 1.972632805228908159e+00
7.979321766816406125e+01 1.972552680554105153e+00
7.883709738554688329e+01 1.972729379340260270e+00
7.785995938248697712e+01 1.972777666395936214e+00
7.687031304580078483e+01 1.972646601530529953e+00
7.588540964602863426e+01 1.972527741085789321e+00
7.491092210771485327e+01 1.972526149204832713e+00
7.389546861429036539e+01 1.973021754809243467e+00
7.289122147180989941e+01 1.972862566713608379e+00
7.188427736520182521e+01 1.972709215514813152e+00
7.087882123880208951e+01 1.972571783125581568e+00
6.986397223733723649e+01 1.972477862149156769e+00
6.885372667464191920e+01 1.972773421380052516e+00
6.783632020719402078e+01 1.973117798293610115e+00
6.683318904986978737e+01 1.972833912856393868e+00
6.582894190738930718e+01 1.972866811729492076e+00
6.486059228743489768e+01 1.972856729816768295e+00
6.384560378782552448e+01 1.972900241229575080e+00
6.283228926595052144e+01 1.972821177808743220e+00
6.182078821995443718e+01 1.972652438427370036e+00
6.081556459046223750e+01 1.972570191244624738e+00
5.980076208837891016e+01 1.972598845101839249e+00
5.878600608567708719e+01 1.972459290204665594e+00
5.777273806318359561e+01 1.972593008204999609e+00
5.677086238916015759e+01 1.972539945506454062e+00
5.576517376585286456e+01 1.972448147037971555e+00
5.475753216852214678e+01 1.972554272435061762e+00
5.378997303805339669e+01 1.972619008927286366e+00
5.277200857802735356e+01 1.972945875150323936e+00
5.176520396956379955e+01 1.972818524673815688e+00
5.076109632522786796e+01 1.972927303205833205e+00
4.974936278232421927e+01 1.973006897253650749e+00
4.873642025550130796e+01 1.973136900865086307e+00
4.771617732578125270e+01 1.972826484078597176e+00
4.670802423525390878e+01 1.973187310428704100e+00
4.569973164658203046e+01 1.972919343801051273e+00
4.469474051399739523e+01 1.972707623633856544e+00
4.370132772740885230e+01 1.972682684165540268e+00
4.269577860224609367e+01 1.972748481911736462e+00
4.169720438430989873e+01 1.972726726205332959e+00
4.068774931110025506e+01 1.972676316641715166e+00
3.967006384736328073e+01 1.972685867927453707e+00
3.866428222529297187e+01 1.972637580871777097e+00
3.740112652656249992e+01 1.972669418490904381e+00
3.638451054860026090e+01 1.972695419213191359e+00
3.537156802177734249e+01 1.972475739641214920e+00
3.436578639970703364e+01 1.972704970498929455e+00
3.334624096070963617e+01 1.972870526118389867e+00
3.238309927148437595e+01 1.972391369950528217e+00
3.135164999082032011e+01 1.972308061513812438e+00
3.034168342441406807e+01 1.972858321697724682e+00
2.933636679615884901e+01 1.972592477578014147e+00
2.807209511227213738e+01 1.972898649348619138e+00
2.705334016276042419e+01 1.972889628689866059e+00
2.603658468665364722e+01 1.972525618577847029e+00
2.502922208561198403e+01 1.972641825887660794e+00
2.401172261940104136e+01 1.972940038253483852e+00
2.296339406324869969e+01 1.973012203523504926e+00
2.199806690309245383e+01 1.973061021206166776e+00
2.071231250494792064e+01 1.973217556166874775e+00
1.970062546142578697e+01 1.973007958507621673e+00
1.869205387646485050e+01 1.973145390896853257e+00
1.767692587871094290e+01 1.973168207857227685e+00
1.666588982652995199e+01 1.972933670729658751e+00
1.564285693391927445e+01 1.972876363015229728e+00
1.463395985328776661e+01 1.973227107452612650e+00
1.337354761806640902e+01 1.972853546054855745e+00
1.236809149166666977e+01 1.973018571047330916e+00
1.138909351334635822e+01 1.973255761309826939e+00
1.037838295683593870e+01 1.973019101674315934e+00
9.382552202408858122e+00 1.972911915023255025e+00
8.370167668164063102e+00 1.973035020483879798e+00
7.112080402018230885e+00 1.973022816063214169e+00
6.106763773763022485e+00 1.972848239785000901e+00
5.091868272916668658e+00 1.972549496792192603e+00
4.090643590234376070e+00 1.972690112943336960e+00
3.081281515787760661e+00 1.973046694277559743e+00
2.075360395572916961e+00 1.972922527562964268e+00
8.505201872070314861e-01 1.972969222737683825e+00
-1.720477115885416797e-01 1.972954895809076348e+00
-1.181223788509114803e+00 1.973112492023755493e+00
-2.184122448925781779e+00 1.972965508348785368e+00
-3.191066555533855542e+00 1.972874240507288324e+00
-4.202149107096355252e+00 1.972643417768616958e+00
-5.450704000032552621e+00 1.972551619300134451e+00
-6.464669513248700206e+00 1.972432758855393375e+00
-7.469102653255210278e+00 1.972434881363335224e+00
-8.481068693066410091e+00 1.972376512394935721e+00
-9.483595358430992661e+00 1.972270386997845293e+00
-1.067918745582682760e+01 1.972500679109530752e+00
-1.170826526803385548e+01 1.972376512394935721e+00
-1.270572350081380364e+01 1.971808210893518210e+00
-1.272790370579427233e+01 1.972026829211523724e+00
-1.183646406285807728e+01 1.972180711037304413e+00
-1.090722042275390713e+01 1.972251815053354562e+00
-9.761382663574222462e+00 1.972103239497428495e+00
-8.816143236230471913e+00 1.972551088673148989e+00
-7.855326516080731736e+00 1.973050408666457534e+00
-6.903298179036458926e+00 1.972526149204832713e+00
-5.951176843229167623e+00 1.972647132157515415e+00
-4.746098872005209302e+00 1.972487944061880105e+00
-3.757801017382813580e+00 1.972545782403294368e+00
-2.800053256412761371e+00 1.972423738196640519e+00
-1.822264262011719316e+00 1.972341491013896109e+00
-8.442892700846356124e-01 1.972419493180757044e+00
1.732101961263021184e-01 1.972425330077597128e+00
1.339182187500000287e+00 1.972547374284250754e+00
2.316831683756511051e+00 1.972771298872110668e+00
3.292202710319011238e+00 1.972580273157348518e+00
4.286917479589845037e+00 1.972629621466995609e+00
5.261684014192709924e+00 1.972509169141298146e+00
6.260025735221356413e+00 1.972370675498095638e+00
7.485795931217450239e+00 1.972438595752233459e+00
8.479348215950523127e+00 1.972369083617139474e+00
9.469924540266928759e+00 1.972388716815600906e+00
1.045417694869791880e+01 1.972216793672314950e+00
1.145921458066406551e+01 1.972378104275891886e+00
1.241561385957031582e+01 1.972405166252149789e+00
1.365449688115234750e+01 1.972394553712440768e+00
1.465511707187500612e+01 1.972653499681340739e+00
1.565596975950521141e+01 1.972600436982795635e+00
1.666686631354167147e+01 1.972857260443753535e+00
1.766274356735026529e+01 1.972700194856060296e+00
1.866210827477214096e+01 1.972586110054188602e+00
1.965961300693359703e+01 1.972400921236266091e+00
2.091565430029297090e+01 1.972741053133940214e+00
2.191390302255859979e+01 1.972555333689032242e+00
2.287592872662760968e+01 1.972404104998179086e+00
2.388157085055338769e+01 1.972524026696890864e+00
2.487944757776693194e+01 1.972860444205666530e+00
2.588030026539713901e+01 1.972925180697891356e+00
2.689742773655599706e+01 1.972677908522671331e+00
2.815946745013021157e+01 1.972739991879969068e+00
2.917552543551432365e+01 1.972614233284417429e+00
3.017712211324869997e+01 1.972775543887994365e+00
3.119480757698567075e+01 1.972492719704749264e+00
3.222755884033202989e+01 1.972448677664957017e+00
3.319716394358723477e+01 1.972529332966745264e+00
3.421708137763671687e+01 1.972543659895352297e+00
3.524964664345702658e+01 1.972324510950361542e+00
3.627825946184895400e+01 1.972597253220882862e+00
3.752862783066407104e+01 1.972729909967245510e+00
3.853864089645182389e+01 1.972602028863751800e+00
3.954772397460937583e+01 1.972386063680673374e+00
4.055104112945963379e+01 1.972390839323542755e+00
4.156454164886068270e+01 1.972478392776142009e+00
4.256571983216146293e+01 1.972825953451612158e+00
4.357996434166666688e+01 1.972409411268033708e+00
4.454305953151042274e+01 1.972763339467328736e+00
4.555177061461589005e+01 1.972619539554271828e+00
4.655313479544271615e+01 1.972529332966745264e+00
4.755989290452475160e+01 1.972561170585872325e+00
4.857446290970051450e+01 1.972671010371860767e+00
4.958312749342448456e+01 1.972495903466661815e+00
5.058091122187499877e+01 1.972715052411652792e+00
5.159004079941406928e+01 1.972736808118056517e+00
5.259377644869792334e+01 1.972400921236266313e+00
5.360890444645183806e+01 1.972525087950861566e+00
5.456535022473958918e+01 1.972510761022254533e+00
5.556722589876302720e+01 1.972431697601422229e+00
5.657296102145181749e+01 1.972657744697224436e+00
5.757567368434245481e+01 1.972474678387243774e+00
5.857685186764322793e+01 1.972530924847701872e+00
5.958663243652345187e+01 1.972734154983129207e+00
6.059320454807942724e+01 1.972819055300801372e+00
6.160145063736979409e+01 1.972895996213691605e+00
6.260648826933593369e+01 1.972798360848368349e+00
6.361240938955079827e+01 1.972643948395602642e+00
6.462279445039062864e+01 1.972893873705749757e+00
6.557798474537761990e+01 1.972614763911402669e+00
6.658269688167318634e+01 1.972743175641881841e+00
6.758824600683594497e+01 1.972773421380052516e+00
6.858458825445961793e+01 1.973006366626665287e+00
6.959799577509765811e+01 1.973067388729992322e+00
7.059666299179687599e+01 1.973140615253984542e+00
7.160667605758463594e+01 1.972948528285251246e+00
7.260957471800131202e+01 1.973006897253650749e+00
7.360810243655599550e+01 1.973219678674816624e+00
7.460337519840494735e+01 1.972929956340760071e+00
7.562036317141927100e+01 1.973347559778309890e+00
7.657969191136066911e+01 1.973279639524172069e+00
7.758110259156903510e+01 1.973107716380886334e+00
7.857577086145835210e+01 1.973068449983963024e+00
7.957820452805989930e+01 1.973350743540222441e+00
8.059161204869791106e+01 1.972699133602089594e+00
