# User			Meike Reginka
# Sample		2020_0446_1
# State			after FC
# Profile		mere_beads_forc.txt
# Comment
# ML
# 
# Meas. type 		FORC
# angle (deg)		 0.000
# Hmin (kA/m)		-80.000
# Hmax (kA/m)		80.000
# pts./branch		161
# time/pt. (s)		 0.020
# dt (s)		 0.020
# nCycles		5
# Hstop (kA/m)		 0.000
# wait (s)		60.000
# nSched		5
# nMinorLoops		10
# nX			2
# nY			2
# dx (mm)		 0.250
# dy (mm)		 0.250
# avg. raster		no average raster
# Number			72
# ID			310386
# -----------------------------------------------
# H (kA/m) 	 I (arb.u.)
8.159753316891276143e+01 1.972603090117722946e+00
8.072162431940103033e+01 1.972644479022588548e+00
7.979665862239585294e+01 1.972877954896186115e+00
7.884365379833985799e+01 1.973198453595398583e+00
7.786995674951171509e+01 1.973496135334236179e+00
7.687858993570964117e+01 1.973044041142632210e+00
7.589164056315102869e+01 1.973149105285751492e+00
7.492124497041015729e+01 1.972992039698058253e+00
7.390611697265623548e+01 1.973271149492405119e+00
7.289349994150391865e+01 1.973091797571322914e+00
7.189269375325521594e+01 1.973030775467996101e+00
7.088807461572265822e+01 1.972904486245458999e+00
6.987178413343097816e+01 1.972626437705082836e+00
6.885712112949219943e+01 1.972696480467162505e+00
6.785050251855469128e+01 1.972713991157682090e+00
6.683439803378907129e+01 1.972761216959386887e+00
6.583470783069661536e+01 1.972534108609614201e+00
6.486849718229166228e+01 1.972604151371693648e+00
6.385178820556640744e+01 1.972439126379218699e+00
6.284428610638022406e+01 1.972767584483212877e+00
6.182799562408853689e+01 1.972543659895352519e+00
6.082481796738281332e+01 1.972396145593397154e+00
5.980773699560546675e+01 1.972775013261008681e+00
5.879256249847004767e+01 1.973178820396936706e+00
5.778519989742837026e+01 1.972938976999513150e+00
5.678741616897786315e+01 1.972825422824626473e+00
5.575954734069011209e+01 1.973176697888994857e+00
5.476566956028646160e+01 1.972915098785167576e+00
5.378815956217448502e+01 1.973048816785501147e+00
5.277154358421225311e+01 1.972930486967745756e+00
5.176525046894531812e+01 1.973065796849035713e+00
5.076681574915365047e+01 1.973197922968412898e+00
4.975145525449218553e+01 1.973123104563464514e+00
4.873139832229817614e+01 1.973270618865419879e+00
4.771989727630208478e+01 1.973186249174732954e+00
4.671764960722656213e+01 1.973329518460804621e+00
4.570303310266928065e+01 1.973247271278059545e+00
4.469292703811849066e+01 1.972931017594731218e+00
4.369672428863932367e+01 1.972585579427202918e+00
4.270865893092448573e+01 1.972633335855893622e+00
4.169752987998046478e+01 1.972353164807575610e+00
4.068444785501301908e+01 1.972379696156848272e+00
3.967671325891927125e+01 1.972750604419678089e+00
3.867028064550781608e+01 1.972572844379552270e+00
3.739261713974609336e+01 1.972693827332234751e+00
3.638744000963541225e+01 1.973018040420345232e+00
3.538309986839192334e+01 1.972819585927786612e+00
3.436564690156250634e+01 1.973052531174399604e+00
3.335182088649088428e+01 1.972927303205833205e+00
3.239286414160155658e+01 1.972885914300968047e+00
3.136541380774740162e+01 1.973026530452112404e+00
3.034800734029947833e+01 1.973042449261676268e+00
2.934092373554687683e+01 1.972999999102840185e+00
2.807325759680989563e+01 1.973060490579181092e+00
2.706329103040365069e+01 1.973573076247126412e+00
2.604053713408203663e+01 1.973175636635024155e+00
2.502564163323567925e+01 1.973184126666791105e+00
2.401767454023438120e+01 1.972903955618473537e+00
2.296362656015625703e+01 1.972831790348452019e+00
2.199327746679687934e+01 1.973369315484713171e+00
2.071886891774089179e+01 1.972883261166040958e+00
1.970499640328776536e+01 1.972844525396102888e+00
1.868828742656250697e+01 1.972709215514813152e+00
1.768152931748047862e+01 1.972836035364335716e+00
1.666733130735677193e+01 1.973056776190283079e+00
1.564792536650391064e+01 1.972969753364669288e+00
1.463214637740885671e+01 1.973089144436395603e+00
1.337596558590495022e+01 1.973038204245792349e+00
1.236767299723307900e+01 1.973089675063381065e+00
1.139458044036458695e+01 1.973190494190616651e+00
1.037870845250651364e+01 1.973037142991821646e+00
9.372229339713546992e+00 1.973154411555605892e+00
8.375329099511722220e+00 1.972945875150323936e+00
7.125565222656250697e+00 1.972777135768950973e+00
6.115273160579428158e+00 1.973102410111031935e+00
5.092054270442710084e+00 1.972712399276725925e+00
4.094084544466146447e+00 1.972750073792692849e+00
3.084768969401042948e+00 1.972788278935645456e+00
2.072895928352865180e+00 1.972823300316684625e+00
8.576345925781252433e-01 1.972890159316851744e+00
-1.619108464192708929e-01 1.972985672174232707e+00
-1.173365393033854565e+00 1.972968161483712679e+00
-2.178589022526042029e+00 1.973297680841677781e+00
-3.180046202115886622e+00 1.973083307539555520e+00
-4.193267725227864950e+00 1.973028122333068568e+00
-5.460887364583334680e+00 1.973210127389078528e+00
-6.452812170963543537e+00 1.972828606586539468e+00
-7.462732237988283224e+00 1.972651377173398890e+00
-8.466235390364586166e+00 1.972808973388077591e+00
-8.489671078645837810e+00 1.972842402888161040e+00
-7.597580444368492891e+00 1.972893343078764516e+00
-6.660524908170575742e+00 1.972756971943503634e+00
-5.720539910937501915e+00 1.972823300316684625e+00
-4.531364728190105495e+00 1.972685337300467801e+00
-3.568827530924480129e+00 1.972697541721133208e+00
-2.612288753873698965e+00 1.972782442038805151e+00
-1.650449047330729613e+00 1.972843464142131742e+00
-6.897718253255210596e-01 1.972707093006871082e+00
3.160562961263020942e-01 1.972763339467328736e+00
1.475425375325521316e+00 1.972608396387577345e+00
2.445913966829428077e+00 1.972530924847701872e+00
3.430119875878907099e+00 1.972555864316017704e+00
4.394284551497396940e+00 1.972603090117722946e+00
5.379838942610678743e+00 1.972782442038805373e+00
6.361068891243490953e+00 1.973027591706083106e+00
7.582793641048178657e+00 1.972593538831984850e+00
8.569417517936200213e+00 1.972748481911736462e+00
9.556785384928387472e+00 1.972693296705249510e+00
1.054350226057943019e+01 1.973182004158849701e+00
1.152287223395182458e+01 1.972968692110698363e+00
1.248550242998047111e+01 1.973176697888994857e+00
1.373010487548828706e+01 1.972847178531030199e+00
1.471724024557291877e+01 1.972604681998679332e+00
1.571376849072266069e+01 1.973019101674315934e+00
1.671866662454427654e+01 1.972732032475187358e+00
1.771217240989583885e+01 1.973027591706083328e+00
1.870693367854817879e+01 1.973083307539555520e+00
1.970476390638021158e+01 1.973075348134773810e+00
2.094713438157552332e+01 1.973178820396936706e+00
2.195789143746745253e+01 1.973138492746042694e+00
2.291763867184245385e+01 1.973052000547414142e+00
2.391505040524089054e+01 1.973058368071239244e+00
2.492194801246745328e+01 1.973041388007704899e+00
2.592219620813801839e+01 1.972842402888161262e+00
2.693355775598958601e+01 1.972905016872444239e+00
2.819052903697916790e+01 1.972626968332068076e+00
2.920686601865234877e+01 1.972807381507121649e+00
3.020348726256510474e+01 1.972737869372027220e+00
3.122126572506510556e+01 1.972600436982795857e+00
3.225968991295572863e+01 1.972500148482545512e+00
3.323031800260417157e+01 1.972779258276892378e+00
3.423758760488281183e+01 1.972609457641548047e+00
3.527852275937500082e+01 1.972725664951362035e+00
3.630183464827473472e+01 1.972571252498595884e+00
3.754955255234374789e+01 1.972912976277225727e+00
3.856714501731770639e+01 1.972901833110531689e+00
3.956818370247395933e+01 1.972825953451612380e+00
4.058084723300780894e+01 1.972838157872277565e+00
4.159127879322916499e+01 1.972845586650073813e+00
4.257739117692057107e+01 1.972631743974937457e+00
4.359768060602213779e+01 1.972664642848035443e+00
4.456226377607421796e+01 1.972868403610448240e+00
4.556646441917317958e+01 1.973038734872777811e+00
4.657466400908202786e+01 1.973084899420511906e+00
4.758360758909506671e+01 1.973203759865252538e+00
4.859464364127604341e+01 1.972992570325043493e+00
4.959730980478516216e+01 1.973074817507788570e+00
5.059239656910807525e+01 1.973221801182758028e+00
5.161082602294922594e+01 1.973256291936812623e+00
5.261674714316406209e+01 1.973153880928620429e+00
5.363117765019532612e+01 1.973066858103006638e+00
5.458939040498047746e+01 1.973058898698224928e+00
5.558861561425782583e+01 1.973219678674816180e+00
5.659495522890625097e+01 1.973292374571823160e+00
5.760022535777994790e+01 1.973227638079598112e+00
5.859317315055338327e+01 1.973178820396936706e+00
5.960974262913412502e+01 1.973096042587206389e+00
6.062063918317058153e+01 1.973013264777476072e+00
6.162665330214844062e+01 1.973023346690199631e+00
6.261653213574219734e+01 1.972979304650407162e+00
6.363073014586589693e+01 1.972907139380386088e+00
6.464506765413409539e+01 1.972989386563130942e+00
6.560639586748047236e+01 1.972964977721800128e+00
6.659818117571614948e+01 1.973050939293442996e+00
6.760242831819662968e+01 1.973391601818102359e+00
6.860955842233072133e+01 1.973195269833485810e+00
6.961301507532552080e+01 1.973181473531864016e+00
7.061647172832032027e+01 1.973243556889161532e+00
7.161527844316405833e+01 1.973137431492071547e+00
7.262677948916015680e+01 1.972888036808909895e+00
7.362665568977865860e+01 1.972947467031280100e+00
7.462657838977864344e+01 1.972786687054688848e+00
7.563389449143879517e+01 1.972995223459970804e+00
7.659731517695311709e+01 1.972805258999179578e+00
7.759556389921874597e+01 1.972512352903210697e+00
7.859567259674480511e+01 1.972891751197807908e+00
7.959778076767578625e+01 1.972555864316017704e+00
8.060788683222656914e+01 1.972842402888161040e+00
