# User			Meike Reginka
# Sample		2020_0446_1
# State			after FC
# Profile		mere_beads_forc.txt
# Comment
# ML
# 
# Meas. type 		FORC
# angle (deg)		 0.000
# Hmin (kA/m)		-80.000
# Hmax (kA/m)		80.000
# pts./branch		161
# time/pt. (s)		 0.020
# dt (s)		 0.020
# nCycles		5
# Hstop (kA/m)		 0.000
# wait (s)		60.000
# nSched		5
# nMinorLoops		10
# nX			2
# nY			2
# dx (mm)		 0.250
# dy (mm)		 0.250
# avg. raster		no average raster
# Number			8
# ID			310322
# -----------------------------------------------
# H (kA/m) 	 I (arb.u.)
8.169364739049478885e+01 1.972117566426035751e+00
8.082266747542318797e+01 1.972277285148656079e+00
7.989928275738932939e+01 1.972327694712273871e+00
7.894683592591145782e+01 1.972205119878635005e+00
7.797290638017578601e+01 1.972234834989820218e+00
7.697721512389324516e+01 1.972165853481711695e+00
7.598040788245441490e+01 1.972230059346951281e+00
7.501675470003254986e+01 1.972459820831651278e+00
7.400371917444661563e+01 1.972225283704082122e+00
7.299551958453777445e+01 1.972151526553104661e+00
7.198811048411458557e+01 1.972230059346951281e+00
7.097944590039062973e+01 1.972116505172065049e+00
6.996431790263670791e+01 1.972110668275225187e+00
6.895453733375653371e+01 1.972488474688865567e+00
6.793117894547525282e+01 1.972092626957719252e+00
6.693678967187500461e+01 1.972201936116722454e+00
6.592221966669920619e+01 1.972014094163873299e+00
6.495391654612630816e+01 1.972067687489403198e+00
6.392335075371093467e+01 1.971996583473353049e+00
6.292742700052083649e+01 1.972141444640381103e+00
6.190816055781250782e+01 1.972173282259507943e+00
6.090037946233724142e+01 1.972074585640213984e+00
5.988432147695311869e+01 1.971735514996511229e+00
5.887323892539063763e+01 1.971820945941169079e+00
5.786085439114583551e+01 1.971904254377884413e+00
5.685256180247395719e+01 1.971865518607946788e+00
5.583389985172525627e+01 1.972056013695723253e+00
5.483188467955730516e+01 1.972014094163872855e+00
5.386878948971354930e+01 1.971983317798716939e+00
5.284826756370443945e+01 1.971993930338425516e+00
5.183755700719400750e+01 1.972162669719799144e+00
5.082977591171876242e+01 1.972213609910402399e+00
4.982515677418620470e+01 1.972122342068904688e+00
4.880040340445963665e+01 1.972059197457636248e+00
4.778522890732421757e+01 1.972219977434227722e+00
4.677977278092447477e+01 1.972290550823292854e+00
4.575873936171875300e+01 1.971970052124080386e+00
4.475346923284505607e+01 1.972247570037470865e+00
4.374964058479818618e+01 1.972037441751232967e+00
4.276594616894531953e+01 1.972078300029112219e+00
4.175216665325521603e+01 1.972344674775808215e+00
4.073634116477864353e+01 1.972210956775474644e+00
3.973186152539062732e+01 1.972085198179923227e+00
3.871719852145182728e+01 1.971945643282749350e+00
3.745390332457682092e+01 1.972391369950527995e+00
3.643254440970051888e+01 1.972219446807242038e+00
3.542467031546224376e+01 1.972062381219548799e+00
3.440819383564453204e+01 1.972094218838675861e+00
3.339808777109374915e+01 1.972166384108696935e+00
3.243220261835937634e+01 1.972123403322875390e+00
3.140475228450521428e+01 1.971983848425702179e+00
3.038581133746744811e+01 1.972313367783666838e+00
2.938202918880208614e+01 1.971940337012895172e+00
2.810576066448567900e+01 1.971983848425702179e+00
2.709193464941406759e+01 1.972011441028945544e+00
2.607127322526042335e+01 1.972169037243624690e+00
2.505912118792317855e+01 1.972121280814933986e+00
2.404496967718099043e+01 1.972144097775308413e+00
2.302812120231120474e+01 1.972168506616638783e+00
2.206321253658854786e+01 1.972082014418010676e+00
2.076034636604818218e+01 1.972148342791191666e+00
1.974368388870443525e+01 1.972392961831484604e+00
1.872934638043620481e+01 1.972334062236099417e+00
1.771096342597656914e+01 1.972089443195806702e+00
1.670062486451823247e+01 1.972069809997345047e+00
1.567517400406901551e+01 1.972068748743374345e+00
1.465139712135417227e+01 1.972052299306825462e+00
1.340326072285156478e+01 1.971999236608280359e+00
1.238022783024088724e+01 1.972064503727490647e+00
1.140913474677734563e+01 1.972230589973936965e+00
1.039665721376953478e+01 1.972297448974103418e+00
9.390643094791668588e+00 1.972147281537220964e+00
8.375747593945314762e+00 1.972352634180590147e+00
7.126216213997398796e+00 1.972516067292109376e+00
6.116110149446616795e+00 1.972345736029779362e+00
5.090938285286459752e+00 1.972455045188782341e+00
4.082878193522136101e+00 1.972194507338926206e+00
3.077143070833334271e+00 1.972114382664123200e+00
2.067920494531250153e+00 1.972255529442252797e+00
8.463817422526042078e-01 1.971952010806575117e+00
-1.734891924153646181e-01 1.972161077838842536e+00
-1.198149563378906768e+00 1.972368552990153789e+00
-2.199653242350261273e+00 1.972240671886660301e+00
-3.206736847102865440e+00 1.972198221727824219e+00
-4.232094708789063020e+00 1.972158424703915447e+00
-5.487252513899740336e+00 1.972108015140297432e+00
-6.487454210188804637e+00 1.971625675210523232e+00
-7.501931216601564145e+00 1.971832619734849024e+00
-8.504225385058594711e+00 1.971789638949027479e+00
-9.519725377864586946e+00 1.972135077116555557e+00
-1.073387072848307611e+01 1.971701554869442763e+00
-1.174997521324870142e+01 1.971791230829983865e+00
-1.275808180439453388e+01 1.971675023520170100e+00
-1.376228244749349372e+01 1.971321095320874406e+00
-1.477582946627604521e+01 1.971107252645738050e+00
-1.577598466318359982e+01 1.970840877899042276e+00
-1.679855256197917157e+01 1.970332537246980209e+00
-1.805003691595052473e+01 1.969702683015250644e+00
-1.906628089886067912e+01 1.969218751204519613e+00
-2.007461998691407246e+01 1.968121414598607233e+00
-2.103873816315104506e+01 1.967294697755275656e+00
-2.205056470481771669e+01 1.966599045777349675e+00
-2.306322823535156985e+01 1.965724041878341710e+00
-2.431889753365885554e+01 1.964611847716837278e+00
-2.532793411243489956e+01 1.963879582476915964e+00
-2.635185049329427542e+01 1.962693100537448387e+00
-2.736795497805990252e+01 1.962215536250542902e+00
-2.838205998942057207e+01 1.961187711779725396e+00
-2.939495601686197901e+01 1.960418833277807416e+00
-3.040850303564453938e+01 1.959702486847448855e+00
-3.139870736490885861e+01 1.958920873297880227e+00
-3.267492938984374717e+01 1.957988031057458445e+00
-3.371353957526041967e+01 1.957492425453047247e+00
-3.471564774619140792e+01 1.956966043483480577e+00
-3.572133636949870805e+01 1.956392966339193906e+00
-3.673781284931641267e+01 1.955949892806343016e+00
-3.776228722275390481e+01 1.955459593471786661e+00
-3.875397953222656611e+01 1.954903496391034556e+00
-3.976803804420573130e+01 1.954467321008994007e+00
-4.077400566380208602e+01 1.954233845135395997e+00
-4.179317910774739175e+01 1.953492559236720938e+00
-4.300788245094400963e+01 1.953193285616927177e+00
-4.402491692333984474e+01 1.952664250512432531e+00
-4.503176803118489602e+01 1.952407427051474631e+00
-4.603578267675781177e+01 1.951892188248602000e+00
-4.704356377223308527e+01 1.951430012144274473e+00
-4.805269334977214157e+01 1.951128616016538864e+00
-4.907516824980469039e+01 1.950734360166348935e+00
-5.008931976054687141e+01 1.950321001744683036e+00
-5.108301154342448314e+01 1.950040300069379562e+00
-5.209218762034505801e+01 1.949981931100980281e+00
-5.306114173225911657e+01 1.949486856123555434e+00
-5.407050380670573730e+01 1.949486856123554990e+00
-5.507465795042318746e+01 1.949133458551244757e+00
-5.608234604713541671e+01 1.948713732605753979e+00
-5.709314960240885739e+01 1.948329558668287609e+00
-5.809549027024740298e+01 1.948481848613111467e+00
-5.911378022594400505e+01 1.948567810184754778e+00
-6.035926615970053177e+01 1.948124736651903666e+00
-6.136593127001953007e+01 1.947924690278388660e+00
-6.237427035807291986e+01 1.948134818564627224e+00
-6.336907812610676416e+01 1.948175676842506920e+00
-6.435072656917319023e+01 1.948023386897682618e+00
-6.536557557063802903e+01 1.947833953063876855e+00
-6.636349879723307765e+01 1.947998978056352248e+00
-6.737281437229817982e+01 1.947918853381549020e+00
-6.837757300797527193e+01 1.947564925182253548e+00
-6.938014617272135354e+01 1.947618518507783891e+00
-7.038797376757813140e+01 1.947640274214187173e+00
-7.139510387171223726e+01 1.947605252833147560e+00
-7.239823502903645647e+01 1.947659907412649050e+00
-7.340048269811198622e+01 1.947739501460466816e+00
-7.436720483971355122e+01 1.947855178143294896e+00
-7.438208464179687951e+01 1.947881178865581875e+00
-7.355885959153646070e+01 1.947593579039467615e+00
-7.266128203024088350e+01 1.947676887476183616e+00
-7.173998978437501250e+01 1.947968201691195889e+00
-7.081404760035808010e+01 1.947555904523500692e+00
-6.988094451158853815e+01 1.947510270602751836e+00
-6.893784405579428665e+01 1.947809013595560579e+00
-6.798418824039713115e+01 1.947684316253979420e+00
-6.703420587613932469e+01 1.947905587706912689e+00
-6.608473500507811593e+01 1.947825993659094923e+00
-6.512150031708983988e+01 1.947809013595560579e+00
-6.414013087031250393e+01 1.947799462309822260e+00
-6.321939661702473501e+01 1.947504433705912197e+00
-6.225899839130859448e+01 1.947675826222212692e+00
-6.128823080351563135e+01 1.947639212960216470e+00
-6.006878452340495755e+01 1.947545822610777355e+00
-5.908992604322916264e+01 1.947794156039967861e+00
-5.810702211686196961e+01 1.947952813508617709e+00
-5.712063073688151604e+01 1.947600477190278845e+00
-5.615032814290365337e+01 1.947648233618969105e+00
-5.516198378889973952e+01 1.947580313364831284e+00
-5.417233745221355434e+01 1.947815381119386124e+00
-5.317994765201822815e+01 1.947653009261838042e+00
-5.222940729518229830e+01 1.947711378230237544e+00
-5.123831947766927186e+01 1.947810074849531281e+00
-5.025392757109375452e+01 1.947762849047826483e+00
-4.925428386738281716e+01 1.947793094785997603e+00
-4.825640714016927291e+01 1.948022856270697378e+00
-4.725188100139973812e+01 1.947832361182920469e+00
-4.626651260781250130e+01 1.947659376785663810e+00
-4.525738303027344500e+01 1.947566517063209934e+00
-4.425987829811197827e+01 1.947674234341256083e+00
-4.302039078457031707e+01 1.947657254277721961e+00
-4.202428103385416591e+01 1.947781420992317214e+00
-4.104519005677083499e+01 1.947762849047826483e+00
-4.004577884996745496e+01 1.947874280714771089e+00
-3.904464716604817909e+01 1.947615865372856581e+00
-3.805207136832682124e+01 1.947775584095477575e+00
-3.702978246582031119e+01 1.947778767857390125e+00
-3.602846478437499655e+01 1.947754359016059311e+00
-3.502710060354817045e+01 1.947869505071901930e+00
-3.401648304580077564e+01 1.947905057079927005e+00
-3.276011625677083572e+01 1.947888077016393105e+00
-3.173815284993489172e+01 1.948167186810739526e+00
-3.077840561555989396e+01 1.947643988603085408e+00
-2.976881104420573365e+01 1.947930527175228521e+00
-2.876614488069661490e+01 1.948014896865915446e+00
-2.775650380996094313e+01 1.947860484413149296e+00
-2.673867884807943085e+01 1.947699173809572359e+00
-2.571983089980469117e+01 1.947969262945166591e+00
-2.447346147779948566e+01 1.947991018651570316e+00
-2.345056808333333720e+01 1.947869505071901930e+00
-2.244808791735026432e+01 1.948053632635853294e+00
-2.142998395917969390e+01 1.948320007382549512e+00
-2.045126497714844049e+01 1.948209636969575831e+00
-1.941586324905599525e+01 1.948301966065044244e+00
-1.815851997301432874e+01 1.948472827954359277e+00
-1.713530108287760712e+01 1.948445235351115912e+00
-1.611166369830729650e+01 1.948651118621470335e+00
-1.509765168570963922e+01 1.948599117176896378e+00
-1.408884760384115253e+01 1.948863369415650526e+00
-1.307176663206380596e+01 1.948877165717272320e+00
-1.206993745742187940e+01 1.949074558955860015e+00
-1.080050434218750333e+01 1.949398772043970274e+00
-9.810207014160159389e+00 1.949953807870751454e+00
-8.816236234993494847e+00 1.950677052451920579e+00
-7.801619730436200051e+00 1.950842077444395306e+00
-6.805928474153647656e+00 1.951646507954338361e+00
-5.549050191927084263e+00 1.952752334592017469e+00
-4.515694436621094709e+00 1.953541376919382788e+00
-3.516980720540365368e+00 1.954791003470119026e+00
-2.511013100944011089e+00 1.956026303092247787e+00
-1.500209545670573297e+00 1.956733628863853713e+00
-4.746656864583334579e-01 1.957860680580949975e+00
7.949534263020834324e-01 1.958681560527442134e+00
1.759536596354167148e+00 1.959563462577261106e+00
2.777733553287760948e+00 1.960190663674063805e+00
3.778818737825521801e+00 1.960735617588121205e+00
4.788041314127606363e+00 1.961408983232658221e+00
5.801355836002605848e+00 1.961874873725883539e+00
7.062465561946615900e+00 1.962481380370253881e+00
8.073083119694011600e+00 1.962877758728384991e+00
9.076632771451826898e+00 1.963491694150551581e+00
1.008120540960286604e+01 1.963779293976665619e+00
1.110335481396484703e+01 1.964560376899248340e+00
1.206003308916016081e+01 1.964923325757297112e+00
1.332025932685547076e+01 1.966039234307699335e+00
1.433334135182291824e+01 1.966616556467869703e+00
1.535014332731120135e+01 1.967370046787209503e+00
1.635429747102865150e+01 1.967969124653783375e+00
1.737449390136719174e+01 1.968903028148176304e+00
1.837674157044271439e+01 1.969577455046684022e+00
1.938745212695312858e+01 1.969801910261529843e+00
2.064712037207031869e+01 1.970126653976625564e+00
2.166522433024089267e+01 1.970521440453800510e+00
2.263106298359375756e+01 1.970817530311682164e+00
2.363038119163411821e+01 1.970645076541410523e+00
2.464839215104167280e+01 1.970999004740706217e+00
2.565501076197917030e+01 1.971134845248981193e+00
2.666981326406249764e+01 1.971291910836674877e+00
2.793366645351562738e+01 1.971141212772806739e+00
2.896190727685547017e+01 1.971386362440084916e+00
2.997996473564452558e+01 1.971492487837175123e+00
3.100346262207031245e+01 1.972030012973436275e+00
3.202826249117838842e+01 1.971973235885993381e+00
3.303134714912108905e+01 1.971756740075929493e+00
3.404452217285155768e+01 1.971916458798550043e+00
3.506202163906250036e+01 1.971591184456468859e+00
3.606994223268230115e+01 1.971633103988319480e+00
3.732551853222656035e+01 1.971498324734014762e+00
3.834994640628254814e+01 1.971790700202998181e+00
3.936409791702474337e+01 1.971581633170730985e+00
4.037262300260417192e+01 1.971653267813766819e+00
4.138923898056640382e+01 1.971755678821958346e+00
4.239548559645183445e+01 1.971651145305824748e+00
4.341261306761067829e+01 1.971873478012728498e+00
4.438100918694661345e+01 1.971753025687031258e+00
4.539813665810547150e+01 1.971870294250815947e+00
4.640159331110026386e+01 1.971844824155514209e+00
4.741183887379557405e+01 1.971833680988819726e+00
4.842650187773438120e+01 1.972038503005203669e+00
4.944521032786458647e+01 1.971837395377717961e+00
5.044913197467448640e+01 1.972068748743374345e+00
5.145654107509765396e+01 1.971936091997011919e+00
5.246827461800130976e+01 1.972015155417843779e+00
5.347875267760417017e+01 1.972385533053688356e+00
5.446207509840495931e+01 1.972293203958219721e+00
5.545376740787760639e+01 1.971947765790691420e+00
5.645675906705729830e+01 1.972344144148822753e+00
5.747481652584636436e+01 1.972258182577180108e+00
5.847585521100260308e+01 1.972029482346450813e+00
5.949856260794271634e+01 1.972135077116555557e+00
6.050987765641276894e+01 1.971829435972936473e+00
6.151700776054688191e+01 1.971676084774141025e+00
6.251651196611328487e+01 1.971851191679339754e+00
6.353405793170573190e+01 1.971731269980627976e+00
6.454806994430337852e+01 1.971818292806241546e+00
6.551711705498046001e+01 1.971919111933477131e+00
6.651871373271482923e+01 1.971635757123246790e+00
6.752821530530597727e+01 1.971509998527695151e+00
6.853920485810546381e+01 1.971728086218715426e+00
6.954582346904298618e+01 1.971811925282416444e+00
7.055365106389974983e+01 1.971811925282416444e+00
7.156236214700521714e+01 1.971911152528695643e+00
7.256930625361327714e+01 1.971919111933477131e+00
7.358117929466145313e+01 1.972096341346617709e+00
7.457617306022136461e+01 1.972090504449777626e+00
7.559223104560547313e+01 1.971988093441585876e+00
7.655960417854817024e+01 1.971897356227073850e+00
7.756487430742188849e+01 1.972252876307325486e+00
7.856368102226562655e+01 1.972288428315350561e+00
7.956639368515625677e+01 1.972300102109030950e+00
8.058631111920573176e+01 1.972513944784167084e+00
