# User			Meike Reginka
# Sample		2020_0446_1
# State			after FC
# Profile		mere_beads_forc.txt
# Comment
# ML
# 
# Meas. type 		FORC
# angle (deg)		 0.000
# Hmin (kA/m)		-80.000
# Hmax (kA/m)		80.000
# pts./branch		161
# time/pt. (s)		 0.020
# dt (s)		 0.020
# nCycles		5
# Hstop (kA/m)		 0.000
# wait (s)		60.000
# nSched		5
# nMinorLoops		10
# nX			2
# nY			2
# dx (mm)		 0.250
# dy (mm)		 0.250
# avg. raster		no average raster
# Number			7
# ID			310321
# -----------------------------------------------
# H (kA/m) 	 I (arb.u.)
8.170406325195313002e+01 1.971762046345784114e+00
8.083020037522787504e+01 1.971926540711273379e+00
7.991448805514323794e+01 1.972075646894185130e+00
7.895357833623047839e+01 1.971842171020587120e+00
7.797285988079427455e+01 1.971730208726656830e+00
7.697791261461588874e+01 1.972056544322708938e+00
7.598422083173826991e+01 1.972231120600921983e+00
7.502456659612631995e+01 1.971785393933143560e+00
7.400609064290362937e+01 1.971928132592229987e+00
7.299654257093099829e+01 1.972015155417843779e+00
7.198597151256510074e+01 1.971653267813766597e+00
7.099497669381510434e+01 1.972061319965578097e+00
6.997287378883463305e+01 1.972179649783333488e+00
6.895690880221354746e+01 1.972006134759091145e+00
6.794247829518228343e+01 1.971862865473019699e+00
6.693288372382812668e+01 1.971967929616138981e+00
6.592491663082681441e+01 1.971957847703415201e+00
6.495800849169921776e+01 1.972234304362834756e+00
6.393265063001302195e+01 1.972093688211690399e+00
6.292975196959637429e+01 1.972089443195806924e+00
6.191546096070963046e+01 1.972253937561296411e+00
6.090023996419271413e+01 1.972076177521170592e+00
5.990124725182292309e+01 1.971945643282750016e+00
5.887509890065105367e+01 1.972187078561129514e+00
5.786941027734374643e+01 1.972213079283416937e+00
5.685600275670572046e+01 1.972303816497928963e+00
5.585166261546223865e+01 1.972347327910735748e+00
5.483992907255861127e+01 1.972166914735682841e+00
5.387171895074871486e+01 1.972416840045829733e+00
5.285008103958335113e+01 1.972550558046163305e+00
5.183964947936197376e+01 1.972190792950027971e+00
5.083795980286458160e+01 1.972132423981628468e+00
4.982157632180990703e+01 1.971942990147822705e+00
4.880854079622395147e+01 1.972107484513312192e+00
4.778927435351562281e+01 1.971995522219382124e+00
4.678084226669922430e+01 1.972086259433893929e+00
4.577529314153646567e+01 1.971999767235265821e+00
4.475532920810547921e+01 1.972009849147989158e+00
4.375880096295573196e+01 1.972174874140464329e+00
4.276622516523438122e+01 1.972182302918261021e+00
4.176551197574870145e+01 1.972246508783500163e+00
4.074810550830078171e+01 1.972198221727824219e+00
3.973125703343099246e+01 1.971974827766949545e+00
3.873082284023437438e+01 1.972122342068904688e+00
3.746032023922526122e+01 1.972048584917927450e+00
3.643231191279296866e+01 1.972243855648572852e+00
3.542532130680338298e+01 1.972085198179923227e+00
3.441395975895181891e+01 1.972173812886493627e+00
3.339883176119791841e+01 1.972235365616805458e+00
3.243345810166015752e+01 1.972172751632522480e+00
3.140865823255208511e+01 1.971963153973269600e+00
3.039241424964193072e+01 1.972136668997512166e+00
2.937705375498046578e+01 1.972335654117056025e+00
2.811882699069010627e+01 1.972385533053688356e+00
2.709486411044922249e+01 1.972276754521670838e+00
2.608182858486328826e+01 1.972414186910902645e+00
2.506567760071615325e+01 1.972140914013395863e+00
2.404938711842448029e+01 1.972219977434227722e+00
2.303081816643880941e+01 1.972216263045329487e+00
2.206609549824219130e+01 1.972043278648072828e+00
2.076922774791667337e+01 1.971992338457469351e+00
1.975191427923177656e+01 1.971996052846367364e+00
1.873222934208984825e+01 1.972110668275224743e+00
1.771724084248047504e+01 1.972297448974103418e+00
1.669843939358724327e+01 1.972163200346784384e+00
1.567610399169922175e+01 1.971947235163705958e+00
1.466502144013672115e+01 1.972198221727823997e+00
1.339191487376302270e+01 1.972277285148656523e+00
1.238287829498698223e+01 1.972235896243791364e+00
1.140964623997396110e+01 1.972061850592563559e+00
1.039758720139974280e+01 1.972300632736016190e+00
9.384598175195314695e+00 1.972123933949861296e+00
8.381513517252605183e+00 1.972193446084955060e+00
7.126448710904949024e+00 1.972373328633023171e+00
6.116063650065105328e+00 1.972340960386910202e+00
5.092565763639324672e+00 1.972090504449777626e+00
4.095526025292969940e+00 1.972247570037471309e+00
3.079468039908855204e+00 1.972769176364169041e+00
2.079731337434896243e+00 1.972457167696724190e+00
8.489392082356772562e-01 1.972456106442753043e+00
-1.774416398437500542e-01 1.972424268823626425e+00
-1.193546124609375259e+00 1.972274101386743528e+00
-2.201327220084635883e+00 1.972001889743207448e+00
-3.202551902766927583e+00 1.972207242386576853e+00
-4.215540928971355683e+00 1.972249161918427696e+00
-5.481254093684897022e+00 1.972362185466328244e+00
-6.485175740494792507e+00 1.972263488847034729e+00
-7.497932269791667714e+00 1.972053360560796165e+00
-8.510084307128909842e+00 1.972195037965911446e+00
-9.510890495377607223e+00 1.972024706703582098e+00
-1.073312673837890863e+01 1.972065564981461794e+00
-1.174318630354818005e+01 1.971994991592396662e+00
-1.275817480315755326e+01 1.971646900289941051e+00
-1.375879499388021365e+01 1.971509998527695151e+00
-1.477113302874349188e+01 1.971251583185780420e+00
-1.577691465081380606e+01 1.971203826757090161e+00
-1.679627409228516299e+01 1.970598381366691187e+00
-1.804757244873047384e+01 1.969493615982983004e+00
-1.906288644401042376e+01 1.969035154267553711e+00
-2.006927255804037102e+01 1.968246111940188614e+00
-2.103804067242839082e+01 1.967374291803093200e+00
-2.205293617327474465e+01 1.966311976578220655e+00
-2.305736931328125294e+01 1.965741552568861739e+00
-2.432061801077474783e+01 1.964347064851097446e+00
-2.533635050048828319e+01 1.963590921396831224e+00
-2.635515194938151495e+01 1.962895800045890926e+00
-2.736535101269531722e+01 1.962021857400853664e+00
-2.838894189788410927e+01 1.961460984677232178e+00
-2.939365403417968992e+01 1.960476140992235772e+00
-3.041031651152344040e+01 1.959883961276473130e+00
-3.139712638593750427e+01 1.959096510830064419e+00
-3.268116030696614160e+01 1.958476738511058191e+00
-3.371200509567057679e+01 1.957568305111967000e+00
-3.470820784514973667e+01 1.957454750937080323e+00
-3.572519581816406031e+01 1.956888571943605104e+00
-3.674088180849609842e+01 1.956391905085223204e+00
-3.775647480006510648e+01 1.956273044640482128e+00
-3.875993145305989884e+01 1.955647435424636260e+00
-3.977017701575521613e+01 1.955142278534487410e+00
-4.078502601722004783e+01 1.954657816096770695e+00
-4.178327473948567672e+01 1.954099065881091057e+00
-4.301136990455729858e+01 1.953481416070026455e+00
-4.401803501487631110e+01 1.952872256290729469e+00
-4.503762695325521292e+01 1.952514083075550078e+00
-4.603494568789062669e+01 1.952069948288728263e+00
-4.704477275615235499e+01 1.951732469525981450e+00
-4.805938926070963646e+01 1.951235802667599772e+00
-4.907237828691407344e+01 1.950718971983770977e+00
-5.007448645784506169e+01 1.950361860022562954e+00
-5.108524351373698380e+01 1.949893316394409881e+00
-5.209860453499349120e+01 1.949505428068046164e+00
-5.306351320071613742e+01 1.949154153003677337e+00
-5.406631886236978346e+01 1.949226318273698855e+00
-5.508944475374349992e+01 1.948853818129912430e+00
-5.608299703847657725e+01 1.948586382129245509e+00
-5.709194061848958768e+01 1.948668629311990586e+00
-5.808888735807292392e+01 1.948533319430700406e+00
-5.910536383789062143e+01 1.948406499581177842e+00
-6.036275361331380651e+01 1.948005876207162590e+00
-6.136741925022786859e+01 1.948093960286747750e+00
-6.237287537662761139e+01 1.948090776524835199e+00
-6.337005461311849075e+01 1.947760195912899395e+00
-6.435216804999998885e+01 1.947720398888990845e+00
-6.536060013681640157e+01 1.947670519952358070e+00
-6.636108082939453823e+01 1.947578721483875119e+00
-6.737067540074868077e+01 1.947756481524000938e+00
-6.837901448880209898e+01 1.947677948730154318e+00
-6.938819056572265254e+01 1.947333041189611480e+00
-7.038815976510417727e+01 1.947276264102168142e+00
-7.139022143665363274e+01 1.947575007094977328e+00
-7.240381495481771879e+01 1.947530434428199175e+00
-7.340494663873697334e+01 1.947447125991483396e+00
-7.436474037249350033e+01 1.947477371729654072e+00
-7.537400944817707682e+01 1.947644519230070870e+00
-7.539758463460286464e+01 1.947480024864581383e+00
-7.451800233395181294e+01 1.947265120935473881e+00
-7.367008611210938795e+01 1.947456677277221493e+00
-7.274939835820312339e+01 1.947326143038800694e+00
-7.182722262408854874e+01 1.947288468522833771e+00
-7.089007408912759445e+01 1.947743746476350069e+00
-6.996222543046873454e+01 1.947308632348280888e+00
-6.900117621341145480e+01 1.947310754856222736e+00
-6.803989449944660350e+01 1.947368062570651537e+00
-6.710023499788411527e+01 1.947896567048160055e+00
-6.612858392184243428e+01 1.947908771468825684e+00
-6.516795319921874352e+01 1.947861015040134980e+00
-6.418830422955728920e+01 1.947681663119052775e+00
-6.326491951152343063e+01 1.947456146650236253e+00
-6.230182432167969608e+01 1.947920445262505185e+00
-6.132236134954427342e+01 1.947825993659095367e+00
-6.009780013746745198e+01 1.947478963610610236e+00
-5.912959001565755557e+01 1.947455616023250791e+00
-5.814259414371745294e+01 1.947441289094643313e+00
-5.715471478352865375e+01 1.947627008539551285e+00
-5.616027901054687987e+01 1.947568108944166099e+00
-5.518448948955079203e+01 1.947699173809572359e+00
-5.419767961513671395e+01 1.947577129602918733e+00
-5.319808241080728806e+01 1.947557496404457300e+00
-5.224996002180989763e+01 1.947273080340255591e+00
-5.126068568017578997e+01 1.947641335468158319e+00
-5.026597091090494729e+01 1.947779298484375365e+00
-4.927413910328776581e+01 1.948017550000842979e+00
-4.827593688040364839e+01 1.948028162540551556e+00
-4.727285222246094065e+01 1.947766563436724940e+00
-4.627516149277343516e+01 1.947767624690695420e+00
-4.527179783854167283e+01 1.947770808452607971e+00
-4.427387461194661000e+01 1.947721990769946787e+00
-4.304057151614583887e+01 1.947606844714104390e+00
-4.203702186438802357e+01 1.947810074849531503e+00
-4.105746589348959219e+01 1.947903995825956303e+00
-4.005926367060547477e+01 1.947562802674311477e+00
-3.905808548730468033e+01 1.948208575715604685e+00
-3.804993239677735062e+01 1.948087062135936520e+00
-3.704108181552734180e+01 1.947866321309989379e+00
-3.603562568912760611e+01 1.947790441651070070e+00
-3.502914657633463946e+01 1.948033468810406177e+00
-3.401555305817057473e+01 1.948028693167537462e+00
-3.276383620729166779e+01 1.948004814953191888e+00
-3.174410477076823156e+01 1.947954405389573651e+00
-3.078370654505208392e+01 1.948147022985292853e+00
-2.978271435927734601e+01 1.948179391231405155e+00
-2.876688887080078416e+01 1.947836075571818704e+00
-2.776231623264974502e+01 1.948152329255147253e+00
-2.675202417057291981e+01 1.948091307151820661e+00
-2.573624518147786588e+01 1.948183105620303168e+00
-2.447662343574219079e+01 1.948282332866582367e+00
-2.345754299055990089e+01 1.948447357859057760e+00
-2.245101737838542277e+01 1.948404377073236438e+00
-2.143737736083985013e+01 1.948229800795022726e+00
-2.045991386210937790e+01 1.948061061413649542e+00
-1.942618611175130638e+01 1.948397478922425208e+00
-1.816079844270834087e+01 1.948255801517309926e+00
-1.714213649195963995e+01 1.948496706168704407e+00
-1.612677599729817857e+01 1.948890962018894335e+00
-1.510295261520182741e+01 1.948678180597728460e+00
-1.409019608590495309e+01 1.948799694177396624e+00
-1.308432146507161775e+01 1.948919085249122718e+00
-1.206217206070963677e+01 1.949314932980269255e+00
-1.080552627539062627e+01 1.949696453782808092e+00
-9.812717980761723524e+00 1.949929929656406102e+00
-8.819026197884117124e+00 1.950637255428011585e+00
-7.807757648795574212e+00 1.951130207897495028e+00
-6.806532966113282512e+00 1.951487850485688957e+00
-5.551049665332032035e+00 1.952268933408272122e+00
-4.522715843229168087e+00 1.953655992348240167e+00
-3.512609778678386085e+00 1.955019703700848099e+00
-2.508176638671875569e+00 1.955930259607881583e+00
-1.504719985677083871e+00 1.957037678126516411e+00
-4.771766530598959277e-01 1.957645246024857677e+00
7.984873792968751882e-01 1.958834381099252120e+00
1.764093535742187857e+00 1.959556564426450098e+00
2.766155207291667750e+00 1.960346137380800435e+00
3.780167219889323693e+00 1.960738270723048515e+00
4.788738804850261488e+00 1.961454086526421392e+00
5.797217391048178570e+00 1.961818096638440423e+00
7.051910202343751877e+00 1.962574240092707534e+00
8.071502140722657259e+00 1.962931882680901241e+00
9.073796309179689601e+00 1.963690148643109978e+00
1.007869444300130368e+01 1.964045668723361615e+00
1.109075348157552376e+01 1.964535437430932507e+00
1.205594114358724056e+01 1.965328724774181302e+00
1.331128494622395841e+01 1.966002090418717874e+00
1.433631731223958639e+01 1.966812357825500790e+00
1.534563288730469210e+01 1.967658177240309003e+00
1.636103988134766141e+01 1.968238683162391922e+00
1.737179693723959062e+01 1.968741717544599368e+00
1.837576508343099491e+01 1.969628925864272517e+00
1.938354617890625775e+01 1.970036447389098999e+00
2.064419091103516379e+01 1.970340496651762141e+00
2.166466633766276573e+01 1.970698669866941088e+00
2.262301859059245501e+01 1.971015984804240562e+00
2.363721660071615105e+01 1.971320034066903704e+00
2.464271922649740176e+01 1.971128477725156092e+00
2.565129081145833823e+01 1.971493549091145825e+00
2.667125474488932113e+01 1.971520611067403950e+00
2.794403581559245353e+01 1.971472854638713246e+00
2.895832682447916895e+01 1.971454282694222959e+00
2.997433831048176955e+01 1.971227704971435291e+00
3.100383461712239352e+01 1.971852252933310456e+00
3.203849235511066951e+01 1.971761515718798652e+00
3.303013816520181933e+01 1.971441017019586184e+00
3.405484503554687592e+01 1.971529631726156584e+00
3.506295162669271548e+01 1.971520080440418488e+00
3.607603365166016118e+01 1.971803435250649050e+00
3.732449554583333651e+01 1.971569428750065356e+00
3.835287586731770659e+01 1.971532815488069135e+00
3.936488840651041698e+01 1.971742413147322459e+00
4.037597095807291225e+01 1.971743474401293161e+00
4.138635601891276394e+01 1.971649553424868362e+00
4.239306762861328082e+01 1.971788047068070870e+00
4.341256656822916682e+01 1.971649022797883122e+00
4.438291566158855517e+01 1.971694126091646071e+00
4.538702330592447964e+01 1.971719596186948253e+00
4.639950083893229760e+01 1.971682982924952032e+00
4.741379184781901301e+01 1.971714289917093188e+00
4.843203530413411784e+01 1.971938745131939008e+00
4.944772129446615594e+01 1.971854906068237767e+00
5.044443553714192774e+01 1.972027890465494870e+00
5.146184200458984748e+01 1.971845885409484911e+00
5.246864661305338018e+01 1.971903723750899395e+00
5.348205413369140615e+01 1.971697309853559066e+00
5.446300508603516732e+01 1.971822007195140003e+00
5.545413940292968391e+01 1.971870824877801187e+00
5.647047638460286834e+01 1.971762046345783892e+00
5.748155893616537071e+01 1.971673431639213936e+00
5.847901716894531887e+01 1.971751433806074871e+00
5.950079457825521700e+01 1.971796537099837821e+00
6.051090064280599989e+01 1.971833680988819726e+00
6.152151820055338760e+01 1.972048584917927005e+00
6.252437036158855221e+01 1.971682452297966570e+00
6.353484842119141263e+01 1.971892049957219228e+00
6.455439386018881009e+01 1.971714289917093410e+00
6.551400159641927701e+01 1.971974827766949545e+00
6.651462178714193385e+01 1.971805027131605215e+00
6.752886629664713780e+01 1.971906376885826262e+00
6.854227381728516377e+01 1.972007726640047309e+00
6.954280100924481189e+01 1.971775842647405685e+00
7.055820800328775988e+01 1.971851191679339754e+00
7.156292013958334053e+01 1.972254998815267335e+00
7.256977124742837759e+01 1.971681921670980886e+00
7.357308840227864266e+01 1.971978011528862318e+00
7.457542907011719535e+01 1.971880376163539283e+00
7.559437001715495796e+01 1.972046993036971063e+00
7.656206864576823534e+01 1.971792822710939808e+00
7.755780640143228766e+01 1.971584286305658074e+00
7.856912144990235447e+01 1.971749841925118707e+00
7.957862302249350250e+01 1.971670778504286403e+00
8.058914758147786017e+01 1.971634695869275866e+00
