# User			Meike Reginka
# Sample		2020_0446_1
# State			after FC
# Profile		mere_beads_forc.txt
# Comment
# ML
# 
# Meas. type 		FORC
# angle (deg)		 0.000
# Hmin (kA/m)		-80.000
# Hmax (kA/m)		80.000
# pts./branch		161
# time/pt. (s)		 0.020
# dt (s)		 0.020
# nCycles		5
# Hstop (kA/m)		 0.000
# wait (s)		60.000
# nSched		5
# nMinorLoops		10
# nX			2
# nY			2
# dx (mm)		 0.250
# dy (mm)		 0.250
# avg. raster		no average raster
# Number			75
# ID			310389
# -----------------------------------------------
# H (kA/m) 	 I (arb.u.)
8.159585919117837705e+01 1.972294795839176551e+00
8.073101719446613345e+01 1.971909560647739035e+00
7.980172705498048913e+01 1.972095810719632247e+00
7.884811773896484510e+01 1.972323449696390618e+00
7.786944525631510317e+01 1.972283122045496384e+00
7.687291701116538434e+01 1.972672602252816931e+00
7.589080357428383650e+01 1.972245447529529017e+00
7.491626953658854404e+01 1.972232712481877925e+00
7.390514048564452310e+01 1.972071401878301433e+00
7.290572927884116439e+01 1.972832320975437259e+00
7.189050828232421964e+01 1.973325804071906608e+00
7.088119270725913168e+01 1.973061551833152016e+00
6.986904066992185847e+01 1.973062082460137479e+00
6.885939959918619024e+01 1.972731501848201674e+00
6.784287661998698127e+01 1.972723011816434724e+00
6.683439803378905708e+01 1.971979072782833242e+00
6.582689593460285948e+01 1.972135607743541019e+00
6.485956930104167384e+01 1.971888866195306678e+00
6.384313932060547359e+01 1.972071401878301433e+00
6.283768319420573079e+01 1.972150465299133515e+00
6.181962573541666472e+01 1.971893111211190153e+00
6.081984253356120007e+01 1.972060789338592635e+00
5.980601651848958511e+01 1.972328755966244573e+00
5.879163251083985386e+01 1.972466188355476380e+00
5.778482790237629985e+01 1.972199813608780605e+00
5.677904628030597678e+01 1.972233773735849516e+00
5.575940784254558480e+01 1.972064503727490647e+00
5.475418421305338512e+01 1.972131362727657322e+00
5.379048453125001572e+01 1.971920703814433740e+00
5.277721650875652415e+01 1.972056013695723253e+00
5.176785443430990341e+01 1.972526149204832269e+00
5.076221231038411474e+01 1.972302224616972355e+00
4.975173425078125433e+01 1.972131362727657322e+00
4.874348816149088748e+01 1.972305408378884906e+00
4.772724417858074020e+01 1.972616355792359277e+00
4.671374365917969840e+01 1.972572844379552270e+00
4.570498607669270541e+01 1.972249692545412714e+00
4.469753047688802639e+01 1.972002420370192910e+00
4.370425718844400365e+01 1.972289489569321708e+00
4.270744994700520891e+01 1.972560109331901401e+00
4.169353093317057102e+01 1.972769176364168819e+00
4.068733081666667317e+01 1.972611049522504878e+00
3.968196768902994620e+01 1.972382349291775583e+00
3.867246611643879817e+01 1.972552680554105153e+00
3.740498597522786639e+01 1.972294265212190867e+00
3.639222944593099385e+01 1.972454514561796657e+00
3.537268400693359638e+01 1.972434881363335002e+00
3.436573990032552217e+01 1.972311245275725433e+00
3.335563383577473218e+01 1.972233773735849516e+00
3.238728421582031558e+01 1.972117566426035751e+00
3.136234484856771232e+01 1.972318143426535997e+00
3.035530774319661518e+01 1.972270386997845071e+00
2.934078423740234598e+01 1.972323980323376080e+00
2.808130198981120529e+01 1.972495372839676353e+00
2.706626699082031706e+01 1.972375451140964575e+00
2.604555906728516135e+01 1.972323980323375636e+00
2.503410452067057435e+01 1.972387655561630204e+00
2.402088299755860135e+01 1.972489005315851252e+00
2.296525403850911928e+01 1.972413125656931498e+00
2.199611392906901486e+01 1.972183894799216963e+00
2.072217037382813132e+01 1.972331409101172328e+00
1.970313642802734933e+01 1.972387124934644520e+00
1.868377698655599772e+01 1.972626968332068076e+00
1.767976234098308197e+01 1.972505454752400134e+00
1.666849379189453728e+01 1.972602028863752244e+00
1.564271743577474183e+01 1.972721950562464022e+00
1.463828429576823353e+01 1.972788278935645012e+00
1.337675607539062916e+01 1.972764931348285122e+00
1.236376704918620106e+01 1.972860974832651992e+00
1.139397594840495032e+01 1.972847178531030643e+00
1.038080092467448168e+01 1.972726195578347275e+00
9.379250746321615040e+00 1.972592477578014147e+00
8.367284706510419667e+00 1.972572844379551826e+00
7.119613301822917961e+00 1.972484760299967554e+00
6.105368792317708682e+00 1.972622192689198917e+00
5.090891785904950062e+00 1.972536231117556049e+00
4.090783088378907806e+00 1.972539414879469266e+00
3.083048492285156872e+00 1.972440187633189401e+00
2.078801349804688225e+00 1.972247039410485847e+00
8.505666865885418426e-01 1.972528271712774561e+00
-1.667932814778645967e-01 1.972381288037804659e+00
-1.179038317578125161e+00 1.972444963276058560e+00
-2.175752560253906953e+00 1.972184956053188110e+00
-3.189113581510417461e+00 1.972373328633022727e+00
-4.195360197395834767e+00 1.972400390609280851e+00
-5.453865957975260415e+00 1.972804197745208654e+00
-5.484323052864585435e+00 1.972568068736683333e+00
-4.333881854915365928e+00 1.972558517450944793e+00
-3.407381678320313689e+00 1.972608927014563029e+00
-2.458236302929687866e+00 1.972512883530196381e+00
-1.518483802604166932e+00 1.972737869372027220e+00
-5.429732778971354534e-01 1.972775013261008681e+00
4.435111008463543114e-01 1.972659867205166284e+00
1.591255334667969201e+00 1.972303816497928741e+00
2.559976949674479751e+00 1.972559048077930699e+00
3.516329729199219489e+00 1.972411003148990094e+00
4.492770241536459430e+00 1.972687990435394667e+00
5.476092662337240569e+00 1.972619008927286366e+00
6.444256284765626397e+00 1.972322919069404934e+00
7.663563066731772899e+00 1.972406227506120935e+00
8.646373994335938562e+00 1.972361124212357542e+00
9.624720981315107338e+00 1.972213609910402177e+00
1.061683178522135762e+01 1.972128709592730234e+00
1.157099909381510905e+01 1.972303816497928963e+00
1.254948557893880690e+01 1.972111729529195889e+00
1.377637176009115016e+01 1.972632805228908159e+00
1.477494597802734688e+01 1.972590355070071855e+00
1.576091886357422212e+01 1.972668357236933234e+00
1.675721461181641203e+01 1.972777135768950529e+00
1.775881128955078836e+01 1.972641295260675554e+00
1.874971310953776538e+01 1.972508107887327000e+00
1.974577636087239796e+01 1.972339899132939500e+00
2.098335739977213876e+01 1.972442310141131472e+00
2.199606742968750339e+01 1.972577089395435967e+00
2.294423631806641595e+01 1.972425330077597128e+00
2.394564699827474286e+01 1.972417901299800436e+00
2.494450021250000304e+01 1.972450800172898644e+00
2.594149345146484720e+01 1.972749543165707387e+00
2.695931841334635948e+01 1.972789340189616158e+00
2.821777767454427277e+01 1.972620600808242974e+00
2.922867422858072928e+01 1.972803136491237730e+00
3.023250287662760627e+01 1.972660397832151746e+00
3.124916535397136030e+01 1.972679500403627717e+00
3.227470921318359132e+01 1.972756441316518394e+00
3.324580229664713471e+01 1.972985672174232707e+00
3.426544073440754801e+01 1.972654560935311885e+00
3.529800600022786483e+01 1.972824361570655771e+00
3.632150388665365170e+01 1.972791462697557563e+00
3.757782417630208727e+01 1.972892281824793148e+00
3.858607026559244702e+01 1.973051469920428236e+00
3.959780380849610282e+01 1.972700194856060296e+00
4.059809850354818650e+01 1.972571252498595884e+00
4.160053217014974081e+01 1.972823300316685069e+00
4.260677878603515722e+01 1.972739461252983606e+00
4.361776833883463667e+01 1.972431697601422673e+00
4.459141888828124678e+01 1.972414717537888329e+00
4.558906311858724081e+01 1.972448147037971111e+00
4.659256627096354464e+01 1.972586110054188602e+00
4.759955687695313031e+01 1.972699133602089150e+00
4.860454800953775845e+01 1.972490066569821954e+00
4.962009450172526215e+01 1.972900771856560542e+00
5.061945920914713781e+01 1.972767584483212433e+00
5.162217187203776092e+01 1.972907139380386088e+00
5.262874398359375050e+01 1.972898118721633232e+00
5.363489760071615109e+01 1.972619539554271828e+00
5.459469133447265676e+01 1.972944283269367549e+00
5.560507639531250845e+01 1.972807381507121427e+00
5.660346461572265753e+01 1.972838157872277343e+00
5.761129221057942829e+01 1.972661989713108133e+00
5.859949706643879352e+01 1.972539414879468822e+00
5.962057698502604808e+01 1.973007427880636433e+00
6.062115067636719346e+01 1.972733624356143523e+00
6.164074261474610239e+01 1.972444963276058560e+00
6.263666636793618636e+01 1.972616355792359499e+00
6.363956502835286955e+01 1.972585579427202918e+00
6.465241455641276502e+01 1.972842933515146502e+00
6.560035094788410959e+01 1.972984080293276321e+00
6.660064564293618616e+01 1.972684806673482116e+00
6.761679662708333183e+01 1.973182534785835163e+00
6.861616133450519328e+01 1.972944813896353011e+00
6.962152446214193446e+01 1.973094450706250003e+00
7.062191215595701976e+01 1.973047755531530445e+00
7.162797277431641874e+01 1.972746890030779854e+00
7.263700935309243789e+01 1.972649785292442504e+00
7.363060813720704800e+01 1.972657744697223992e+00
7.462890335885415993e+01 1.972676316641715166e+00
7.563938141845703456e+01 1.972935793237600599e+00
7.660563856624348489e+01 1.972908731261342474e+00
7.760351529345703625e+01 1.972848239785000901e+00
7.860036903427734956e+01 1.972909792515313177e+00
7.960243070582683345e+01 1.972749543165707609e+00
8.061156028336588975e+01 1.972901302483546004e+00
