# User			Meike Reginka
# Sample		2020_0446_1
# State			after FC
# Profile		mere_beads_forc.txt
# Comment
# ML
# 
# Meas. type 		FORC
# angle (deg)		 0.000
# Hmin (kA/m)		-80.000
# Hmax (kA/m)		80.000
# pts./branch		161
# time/pt. (s)		 0.020
# dt (s)		 0.020
# nCycles		5
# Hstop (kA/m)		 0.000
# wait (s)		60.000
# nSched		5
# nMinorLoops		10
# nX			2
# nY			2
# dx (mm)		 0.250
# dy (mm)		 0.250
# avg. raster		no average raster
# Number			36
# ID			310350
# -----------------------------------------------
# H (kA/m) 	 I (arb.u.)
8.158251386868489874e+01 1.971733923115555065e+00
8.071599789423828497e+01 1.971634165242290182e+00
7.978070933453777513e+01 1.971775842647405685e+00
7.883444692080078653e+01 1.971794414591896416e+00
7.785214748639323545e+01 1.971383178678172143e+00
7.686668609404296149e+01 1.971422975702080693e+00
7.587810924313149030e+01 1.971195336725322766e+00
7.490297071347656299e+01 1.971365667987652559e+00
7.389742158831380436e+01 1.971381056170230295e+00
7.289057048046875309e+01 1.971071170010727291e+00
7.187595397591145741e+01 1.970997412859749831e+00
7.086924236621094053e+01 1.970945942042161114e+00
6.986304224970702137e+01 1.971183132304657581e+00
6.884921623463542062e+01 1.971377872408317744e+00
6.783041478574219241e+01 1.971637879631188417e+00
6.682993409316406996e+01 1.971520611067403950e+00
6.582810491852212920e+01 1.971485059059378875e+00
6.485919730598958211e+01 1.971528039845200198e+00
6.382821301914063383e+01 1.971433057614804696e+00
6.282498886305339170e+01 1.971754086941001960e+00
6.182278769335937341e+01 1.971821476568154097e+00
6.080473023457032156e+01 1.971910091274724497e+00
5.979978560136719778e+01 1.971741882520336553e+00
5.877968216979166272e+01 1.971645839035970127e+00
5.777259856503906121e+01 1.971715881798049796e+00
5.676979290338540807e+01 1.971410240654430268e+00
5.575568789202474562e+01 1.971537591130938516e+00
5.475302172851562688e+01 1.971501508495927757e+00
5.379090302568360471e+01 1.971570490004036502e+00
5.276177871409505826e+01 1.971400689368691950e+00
5.176064703017578239e+01 1.971600735742206956e+00
5.075179644892578068e+01 1.971400158741706710e+00
4.975703518027344785e+01 1.971283420804907482e+00
4.872414441878255786e+01 1.971331177233598186e+00
4.770985340989583534e+01 1.971495671599088118e+00
4.669677138492838964e+01 1.971317380931976393e+00
4.569522120657552477e+01 1.971538121757923534e+00
4.468353416305338754e+01 1.971843232274557822e+00
4.369179535419921478e+01 1.971369913003536034e+00
4.270056803854166816e+01 1.971213908669813719e+00
4.169143846100260475e+01 1.971179417915759347e+00
4.067277651025391094e+01 1.971297217106529276e+00
3.967187732324219240e+01 1.971297747733514516e+00
3.866153876178385929e+01 1.971240970646071622e+00
3.739219864531249726e+01 1.971257950709605966e+00
3.637163021992187595e+01 1.971515835424535013e+00
3.536877805888671844e+01 1.971356116701914019e+00
3.436257794238281349e+01 1.971440486392600722e+00
3.334182351946613920e+01 1.971498855361000668e+00
3.237710085126953174e+01 1.971513712916592942e+00
3.134774404277344217e+01 1.971502039122913219e+00
3.034679835638021572e+01 1.971552979313516474e+00
2.933478581718749822e+01 1.971471262757757081e+00
2.806605019267578527e+01 1.971433057614804696e+00
2.704971321100261150e+01 1.971497794107029522e+00
2.603872365820312851e+01 1.971535468622996667e+00
2.501290080270182514e+01 1.971313666543078158e+00
2.400684018434245104e+01 1.971550856805574625e+00
2.297083396429036739e+01 1.971729147472686128e+00
2.199411445566406442e+01 1.971689881075762374e+00
2.071579995856120604e+01 1.971850661052354070e+00
1.969857948863932506e+01 1.971468609622829993e+00
1.867596509046224540e+01 1.971695717972602679e+00
1.767036946591797175e+01 1.971693595464660609e+00
1.665700844466146080e+01 1.971894172465161077e+00
1.563750950504557835e+01 1.971792822710940030e+00
1.462173051595052620e+01 1.971935030743040773e+00
1.337424510878906325e+01 1.971825190957052776e+00
1.235651314567057746e+01 1.971426690090979150e+00
1.138430407705078373e+01 1.971471262757757081e+00
1.037331452425130429e+01 1.971606042012061355e+00
9.368927883626305686e+00 1.971611348281916198e+00
8.363983250423180138e+00 1.971462772725989687e+00
7.115753853157554154e+00 1.971815109044328995e+00
6.094813432714845547e+00 1.971685636059879121e+00
5.085451358268230138e+00 1.971416077551270352e+00
4.083901179915364388e+00 1.971568367496094654e+00
3.070493659277344634e+00 1.971624083329566846e+00
2.066572012467448705e+00 1.971352932940001468e+00
8.448937620442710239e-01 1.971364606733681413e+00
-1.750701713867187648e-01 1.971182601677671897e+00
-1.186292221093750099e+00 1.971127947098170630e+00
-2.183378458821615187e+00 1.971132192114054327e+00
-3.199808439257813220e+00 1.971214969923784643e+00
-4.209170513704427741e+00 1.971315789051020007e+00
-5.467164781087241465e+00 1.971346565416175922e+00
-6.475364370996095964e+00 1.971477099654597387e+00
-7.478960522135418287e+00 1.971364606733681857e+00
-8.489950074934899504e+00 1.971315258424034766e+00
-9.492011746484378065e+00 1.971095578852057884e+00
-1.070034467441406534e+01 1.971076476280582135e+00
-1.171514717649739623e+01 1.971325870963743343e+00
-1.272613672929687745e+01 1.970924716962742851e+00
-1.372610592867838797e+01 1.970671607890682964e+00
-1.473532850498047253e+01 1.970485888445775657e+00
-1.574292360292969128e+01 1.970083142563818557e+00
-1.676302703450521037e+01 1.969479289054375748e+00
-1.800828047135416909e+01 1.969271283276079032e+00
-1.901508507981771245e+01 1.968543263052040748e+00
-2.002044820745443587e+01 1.967540378049539074e+00
-2.098479888059896226e+01 1.966688721737890777e+00
-2.200764577568359570e+01 1.965889597497802344e+00
-2.299538563772787114e+01 1.965415216972809409e+00
-2.426226128697916806e+01 1.964019137374089174e+00
-2.527273934658203558e+01 1.963145725356037818e+00
-2.627982295133463708e+01 1.962370479330294293e+00
-2.729583443733724479e+01 1.961492291669373778e+00
-2.830477801735025878e+01 1.960714923135688625e+00
-2.931716255159505025e+01 1.959723181299881878e+00
-3.033298804007161564e+01 1.959004181734596450e+00
-3.131789143984375556e+01 1.958259181447023600e+00
-3.258100063919270895e+01 1.957276990896954949e+00
-3.360877646871745128e+01 1.956845591157783559e+00
-3.463273934895833150e+01 1.956708689395536993e+00
-3.565005281764322831e+01 1.955772132766216975e+00
-3.666146086487630384e+01 1.955342855534987212e+00
-3.767342690468750277e+01 1.954832392374983741e+00
-3.867855753541667241e+01 1.954504464897975469e+00
-3.968215368655599207e+01 1.953818894832773267e+00
-4.069421272513020682e+01 1.953505294284372029e+00
-4.170608576617838281e+01 1.952921073973390653e+00
-4.291958012545573098e+01 1.952630821012349749e+00
-4.393898606630859405e+01 1.952264688392388425e+00
-4.493532831393230254e+01 1.951974966058332317e+00
-4.594352790384115082e+01 1.951733530779952819e+00
-4.596301114469401483e+01 1.951612547827269895e+00
-4.507947639661458794e+01 1.951595567763735106e+00
-4.415869564394532176e+01 1.951425236501405980e+00
-4.323266046116537353e+01 1.951574342684317287e+00
-4.205329664791666744e+01 1.951929332137583906e+00
-4.113916530680339179e+01 1.951627405382862168e+00
-4.018620698212890829e+01 1.951953210351929036e+00
-3.922985420260416589e+01 1.951953210351929036e+00
-3.827122295338541846e+01 1.952253545225693943e+00
-3.730226884147135991e+01 1.952272647797169913e+00
-3.633173375058593280e+01 1.952337914916380646e+00
-3.536622059290364462e+01 1.952390446987940509e+00
-3.439470901500650513e+01 1.952469510408772368e+00
-3.341496704658202788e+01 1.952149011709560344e+00
-3.219021983697916767e+01 1.952000966780619295e+00
-3.123940048385416901e+01 1.952134684780952867e+00
-3.027053937070312628e+01 1.952255137106650329e+00
-2.928735644804687155e+01 1.952461551003990436e+00
-2.830491751549478963e+01 1.952442979059499706e+00
-2.731457368808594310e+01 1.952385671345070906e+00
-2.633073977408854205e+01 1.952563962012182408e+00
-2.532942209264323452e+01 1.952720496972890407e+00
-2.409323603518880574e+01 1.952828744877922462e+00
-2.309247634632161805e+01 1.953000137394222735e+00
-2.210375999726562668e+01 1.953356188101460278e+00
-2.109300294137370102e+01 1.953556234474975062e+00
-2.012632729915365104e+01 1.954044941928575474e+00
-1.912194065852865066e+01 1.953995593618928384e+00
-1.787045630455729750e+01 1.954595202112487717e+00
-1.686211721650390771e+01 1.955019703700848099e+00
-1.586196201959636021e+01 1.954989988589662664e+00
-1.485910985856120092e+01 1.955360896852493147e+00
-1.385848966783854763e+01 1.955577392662556591e+00
-1.285535851051432843e+01 1.956193450592664806e+00
-1.185185535813802282e+01 1.956416844553539480e+00
-1.059200111549479573e+01 1.956785099681441764e+00
-9.626627455957034840e+00 1.957193682460238948e+00
-8.625356273893229897e+00 1.957875538136542914e+00
-7.623015606054689641e+00 1.958066033224319602e+00
-6.628486834309898157e+00 1.958469840360247405e+00
-5.373933521158854809e+00 1.959281699647986930e+00
-4.356108559277345194e+00 1.959911023252731033e+00
-3.352465908756511404e+00 1.960395485690447304e+00
-2.353008202571615470e+00 1.961127750930369507e+00
-1.344343618847656519e+00 1.961134118454194608e+00
-3.374925110026042452e-01 1.961526251796442910e+00
9.078074252278647283e-01 1.961929528305385251e+00
1.898151252636719022e+00 1.962004346710333635e+00
2.903514380273438444e+00 1.962590158902271176e+00
3.906878034505209207e+00 1.962710611227968194e+00
4.910148689973961034e+00 1.963136174070299722e+00
5.915046823795574227e+00 1.963299076554832823e+00
7.183224455729167346e+00 1.963792029024316710e+00
8.173056789941407274e+00 1.963967666556500680e+00
9.185348325423179361e+00 1.964413393224278881e+00
1.018038859036458454e+01 1.964952510241497086e+00
1.119979453121744939e+01 1.965889597497802344e+00
1.215907677177734492e+01 1.966459490880176020e+00
1.341674554348958281e+01 1.967357842366544096e+00
1.442606111855469209e+01 1.968189865479730960e+00
1.542686730680338769e+01 1.968710410552457546e+00
1.644659874332682747e+01 1.969644844673836381e+00
1.745038089199219300e+01 1.970005140396957621e+00
1.845402354251302413e+01 1.970358007342281725e+00
1.946366461324870656e+01 1.970604218263530827e+00
2.070984803772786975e+01 1.971022352328065885e+00
2.173222993899739919e+01 1.971193214217380918e+00
2.269076818945313079e+01 1.971177826034803182e+00
2.369575932203776247e+01 1.971315258424034766e+00
2.470516789586588757e+01 1.971084435685363623e+00
2.571480896660156290e+01 1.971304115257340506e+00
2.670994223030599102e+01 1.971362484225739564e+00
2.799416214886068133e+01 1.971233541868275374e+00
2.900966214166666646e+01 1.971307829646238297e+00
3.001530426559244447e+01 1.971136967756923042e+00
3.103670967985026152e+01 1.971438894511644779e+00
3.205588312379557436e+01 1.971156070328399457e+00
3.304720343821614392e+01 1.971304645884325524e+00
3.406581888958333337e+01 1.971010678534386162e+00
3.509192074137370554e+01 1.971107252645738050e+00
3.612574149049479644e+01 1.971226643717464588e+00
3.737657485312499972e+01 1.971144927161704974e+00
3.840142122161458360e+01 1.971132192114054327e+00
3.940683084863281493e+01 1.971131661487068643e+00
4.042414431731770463e+01 1.971383178678172143e+00
4.142336952659505300e+01 1.971311013408150847e+00
4.242371072102864815e+01 1.971695187345617217e+00
4.346050743056640897e+01 1.971825190957052776e+00
4.441844118906249861e+01 1.971595960099338019e+00
4.542566429195964162e+01 1.971611878908901438e+00
4.642823745670573743e+01 1.971256358828649802e+00
4.744197047301432235e+01 1.971216031177755346e+00
4.845853995159505700e+01 1.971315789051020007e+00
4.946632104707031630e+01 1.971422445075095453e+00
5.046368628108725574e+01 1.971420853194139289e+00
5.146704993531901096e+01 1.971269093876300449e+00
5.248371241266277565e+01 1.971283951431892945e+00
5.349586444999999912e+01 1.971316319678005691e+00
5.446895700686849295e+01 1.971322156574845552e+00
5.546450876500652072e+01 1.971516896678505937e+00
5.646763992233073282e+01 1.971277053281082381e+00
5.746700462975260848e+01 1.971116803931475703e+00
5.847599470914714459e+01 1.971198520487235317e+00
5.948447329534505457e+01 1.971507876019753303e+00
6.050211225970051743e+01 1.971394852471852310e+00
6.150054697949218507e+01 1.971256358828649802e+00
6.250572410960286618e+01 1.971450568305324502e+00
6.351703915807293299e+01 1.971283951431892945e+00
6.453672409521483644e+01 1.971388484948026987e+00
6.549126339886068138e+01 1.971339136638379674e+00
6.649239508277995014e+01 1.971496202226073358e+00
6.750357063310546835e+01 1.971655920948693907e+00
6.850516731083983757e+01 1.971575265646905439e+00
6.950843796630859117e+01 1.971396974979794159e+00
7.052021800859374423e+01 1.971490365329233274e+00
7.152469764798176755e+01 1.971248399423868314e+00
7.253387372490234952e+01 1.971053659320207707e+00
7.353179695149739814e+01 1.971200112368191926e+00
7.453255664036457517e+01 1.971260603844533499e+00
7.554717314492188507e+01 1.971392729963910462e+00
7.651189581311848542e+01 1.971343381654263371e+00
7.750456460960286620e+01 1.971209663653929800e+00
7.851090422425130555e+01 1.971517427305491399e+00
7.951975480550132147e+01 1.971354524820957854e+00
8.052809389355468284e+01 1.971662288472519009e+00
