# User			Meike Reginka
# Sample		2020_0446_1
# State			after FC
# Profile		mere_beads_forc.txt
# Comment
# ML
# 
# Meas. type 		FORC
# angle (deg)		 0.000
# Hmin (kA/m)		-80.000
# Hmax (kA/m)		80.000
# pts./branch		161
# time/pt. (s)		 0.020
# dt (s)		 0.020
# nCycles		5
# Hstop (kA/m)		 0.000
# wait (s)		60.000
# nSched		5
# nMinorLoops		10
# nX			2
# nY			2
# dx (mm)		 0.250
# dy (mm)		 0.250
# avg. raster		no average raster
# Number			80
# ID			310394
# -----------------------------------------------
# H (kA/m) 	 I (arb.u.)
8.160650754954427555e+01 1.973355519183091822e+00
8.073287716972656369e+01 1.973318905921095379e+00
7.981339839973958306e+01 1.973379397397436952e+00
7.886039357568358810e+01 1.973284415167041450e+00
7.787911712766927508e+01 1.973211719270034470e+00
7.688063590849610307e+01 1.973081715658599355e+00
7.589326804150388739e+01 1.972987794682174556e+00
7.492575541041667009e+01 1.972817994046830226e+00
7.391616083906249912e+01 1.973100818230075548e+00
7.290028885120442226e+01 1.972922527562963824e+00
7.189120577304689164e+01 1.972875301761258804e+00
7.089839747841797646e+01 1.972968692110698363e+00
6.987931703323566524e+01 1.972740522506954308e+00
6.886316604908854799e+01 1.972774482634023663e+00
6.785719842949218616e+01 1.973153350301635189e+00
6.684239592740885882e+01 1.973140084626998636e+00
6.584107824596354419e+01 1.972793585205499856e+00
6.486984566435546640e+01 1.972762278213358034e+00
6.384299982246093919e+01 1.972579742530363056e+00
6.284428610638022406e+01 1.972777135768950529e+00
6.183622601461588886e+01 1.972586640681173620e+00
6.081974953479817714e+01 1.972465657728491140e+00
5.981010846406250181e+01 1.972446024530029707e+00
5.879632894837240542e+01 1.972447616410986093e+00
5.778580438938802644e+01 1.972324510950361320e+00
5.677746530133463665e+01 1.972191854203998673e+00
5.576768473245442692e+01 1.972230059346951281e+00
5.476539056399739280e+01 1.972469902744374837e+00
5.380090039270834268e+01 1.972532516728658258e+00
5.277842549267577965e+01 1.972673663506788078e+00
5.176371598935546814e+01 1.972587701935144766e+00
5.076523477018229613e+01 1.972634927736850008e+00
4.975726767718099097e+01 1.972562762466828934e+00
4.874567363242186957e+01 1.972744236895852765e+00
4.772691868291016704e+01 1.972802605864252490e+00
4.671546413629558003e+01 1.972895996213691605e+00
4.570907802226562922e+01 1.972756971943503634e+00
4.469669348802083420e+01 1.972741053133939992e+00
4.371127859505207880e+01 1.972949589539221948e+00
4.271428535608724530e+01 1.972563293093814174e+00
4.170269131132812390e+01 1.972776074514979827e+00
4.069742118245442697e+01 1.972725134324376572e+00
3.967359780035807404e+01 1.972798360848368793e+00
3.867460508798828300e+01 1.972811095896019440e+00
3.740131252408853868e+01 1.972909792515313177e+00
3.639376392552082962e+01 1.973081715658599355e+00
3.537454398219401241e+01 1.973259475698725174e+00
3.436443791764323663e+01 1.973135839611115161e+00
3.335633132649738997e+01 1.973082776912570058e+00
3.238788870777994333e+01 1.972993100952028955e+00
3.135327746917317882e+01 1.972813218403961288e+00
3.035916719186198165e+01 1.972740522506954752e+00
2.935385056360676970e+01 1.973020693555272320e+00
2.807897702073568169e+01 1.973027591706083328e+00
2.705552563369141339e+01 1.972936323864585617e+00
2.603983964335937529e+01 1.973221801182758028e+00
2.502452564807943247e+01 1.973440419500763987e+00
2.401083913115234836e+01 1.973021754809243689e+00
2.296846249583333588e+01 1.973101879484046250e+00
2.200541380537109859e+01 1.973186249174732954e+00
2.072575082620443254e+01 1.973202167984296596e+00
1.970713537483724309e+01 1.973039265499763495e+00
1.869279786656901621e+01 1.973458460818269034e+00
1.768943421233724322e+01 1.973310415889328429e+00
1.666389035312500511e+01 1.973343845389411655e+00
1.564899485227865128e+01 1.973309885262342966e+00
1.463958627845052618e+01 1.973427684453112896e+00
1.337057165764974265e+01 1.973381519905379022e+00
1.236744050032552167e+01 1.973379928024422192e+00
1.139072099169922225e+01 1.973201106730325449e+00
1.038847332262370315e+01 1.973401153103840677e+00
9.377483769824221937e+00 1.973309885262342966e+00
8.378816553125004063e+00 1.973386826175233200e+00
7.119194807389324531e+00 1.973129472087289615e+00
6.114761667382814458e+00 1.973113022650740733e+00
5.097866693131511973e+00 1.973067919356977562e+00
4.097711496223959138e+00 1.973192616698558499e+00
3.086349948372395957e+00 1.973274863881303354e+00
2.083172291666667064e+00 1.972947997658265784e+00
8.506131859700523101e-01 1.973061021206166776e+00
-1.634453260091145999e-01 1.973467481477021668e+00
-1.826960699544270816e-01 1.973134247730158997e+00
7.426881214843752410e-01 1.973584750040806135e+00
1.861509740006510816e+00 1.973211188643049230e+00
2.811538603645834300e+00 1.973258414444754472e+00
3.762822950585938298e+00 1.973073225626832183e+00
4.717501752376302981e+00 1.973263190087622965e+00
5.677620981803386258e+00 1.973219148047831162e+00
6.647784077636718969e+00 1.973194739206500348e+00
7.849235097102866376e+00 1.973208004881136679e+00
8.817212722005209002e+00 1.973051469920428680e+00
9.788910297428389029e+00 1.972931017594731218e+00
1.076600180110677485e+01 1.973286007047997614e+00
1.169719841523437687e+01 1.973346498524339188e+00
1.267349942942708729e+01 1.973103471365002637e+00
1.389708415449219103e+01 1.973166085349285837e+00
1.488696298808594065e+01 1.973107185753900872e+00
1.586777444228516210e+01 1.973016979166374085e+00
1.685965274928385682e+01 1.972919874428036735e+00
1.785297253710938037e+01 1.973466950850036428e+00
1.883708544739583957e+01 1.973202167984296596e+00
1.982157035273438339e+01 1.973223923690699877e+00
2.105357146585286898e+01 1.973120451428536981e+00
2.206786247473958795e+01 1.973079593150657507e+00
2.301868182786458661e+01 1.973013264777476072e+00
2.400967664661458656e+01 1.972849831665957288e+00
2.500694888186849596e+01 1.973046163650574059e+00
2.600375612330729069e+01 1.972873709880302862e+00
2.700330682825521222e+01 1.972911384396269785e+00
2.826753201276041239e+01 1.972935793237600155e+00
2.928675195608724025e+01 1.972747420657765538e+00
3.028225721484375299e+01 1.972902894364502835e+00
3.129027080722656962e+01 1.972854076681841207e+00
3.232181308665364128e+01 1.972605743252650257e+00
3.329699811569010848e+01 1.972676847268700628e+00
3.430784817034504641e+01 1.972465127101505677e+00
3.533078806419270990e+01 1.972535700490570809e+00
3.636153985413411505e+01 1.972473617133273072e+00
3.761465168645834467e+01 1.972626968332068076e+00
3.862113079925130421e+01 1.972582926292275829e+00
3.962853989967447887e+01 1.972526149204832713e+00
4.063088056751302446e+01 1.972774482634023219e+00
4.163554620442707943e+01 1.972413656283917183e+00
4.263444591803385464e+01 1.972617417046330424e+00
4.364101802958984422e+01 1.973242495635191052e+00
4.461383159016926925e+01 1.972883791793026420e+00
4.561761373883464188e+01 1.972817463419844763e+00
4.662409285162760852e+01 1.973077470642715658e+00
4.762475954173178394e+01 1.973043510515646748e+00
4.864272400175781996e+01 1.973319436548081063e+00
4.964636665227865819e+01 1.973368784857727931e+00
5.064303439557291853e+01 1.973184657293776567e+00
5.165481443785807869e+01 1.973411765643549476e+00
5.265092418857422274e+01 1.973464828342094579e+00
5.366335522220052923e+01 1.973312538397270277e+00
5.462105648378906153e+01 1.973430868215025669e+00
5.562539662503255755e+01 1.973248332532030247e+00
5.663620018030598402e+01 1.973123635190449754e+00
5.763477439824219317e+01 1.973426623199141972e+00
5.862753619348957557e+01 1.973287068301968539e+00
5.964670963743490262e+01 1.973116206412653284e+00
6.065472322981770503e+01 1.973091266944337008e+00
6.165506442425130729e+01 1.973306170873445176e+00
6.264731472630209197e+01 1.973185187920762251e+00
6.365695579703776730e+01 1.973204821119223684e+00
6.466831734488931716e+01 1.973228699333568814e+00
6.562913406503905378e+01 1.973190494190616651e+00
6.663505518525390414e+01 1.972973467753567078e+00
6.763376890133464769e+01 1.972805789626165041e+00
6.863192462483723943e+01 1.973053592428370528e+00
6.964947059042970068e+01 1.972911915023255025e+00
7.065055577496742956e+01 1.972990447817101645e+00
7.164843250218100934e+01 1.972712399276725481e+00
7.264691372135415293e+01 1.973068449983962580e+00
7.365404382548830142e+01 1.972912445650240487e+00
7.465150205826822116e+01 1.972946936404294860e+00
7.565402872363281972e+01 1.972920935682007881e+00
7.662126235843098243e+01 1.972863097340593619e+00
7.761904608688152507e+01 1.972476270268200160e+00
7.861324936295574162e+01 1.972776074514979827e+00
7.962563389720054374e+01 1.973070572491904873e+00
8.063676294814452206e+01 1.973142207134940707e+00
