# User			Meike Reginka
# Sample		2020_0446_1
# State			after FC
# Profile		mere_beads_forc.txt
# Comment
# ML
# 
# Meas. type 		FORC
# angle (deg)		 0.000
# Hmin (kA/m)		-80.000
# Hmax (kA/m)		80.000
# pts./branch		161
# time/pt. (s)		 0.020
# dt (s)		 0.020
# nCycles		5
# Hstop (kA/m)		 0.000
# wait (s)		60.000
# nSched		5
# nMinorLoops		10
# nX			2
# nY			2
# dx (mm)		 0.250
# dy (mm)		 0.250
# avg. raster		no average raster
# Number			9
# ID			310323
# -----------------------------------------------
# H (kA/m) 	 I (arb.u.)
8.169318239667968840e+01 1.971937683877967862e+00
8.081569256819659586e+01 1.972023114822625933e+00
7.989895726171874912e+01 1.971813517163372609e+00
7.894688242529298350e+01 1.971826252211023478e+00
7.796890743336587093e+01 1.971740821266366073e+00
7.698079557626954283e+01 1.971887804941335531e+00
7.597492095543617552e+01 1.971808210893517987e+00
7.501224426002605128e+01 1.971881437417510430e+00
7.399493079134114737e+01 1.971901601242957547e+00
7.298654520390624612e+01 1.972094218838675861e+00
7.197974059544270631e+01 1.971991807830483667e+00
7.098270085709636135e+01 1.971865518607946788e+00
6.996008645891926392e+01 1.971810333401459836e+00
6.894407497291668108e+01 1.972124464576846536e+00
6.793699136816404405e+01 1.971878784282583119e+00
6.692367684628906943e+01 1.971996583473353049e+00
6.591445426998696178e+01 1.972111729529196111e+00
6.495205657086589213e+01 1.972181772291275337e+00
6.392200227164713766e+01 1.972156302195973598e+00
6.291877811555989553e+01 1.971967398989153297e+00
6.191420547740886349e+01 1.971848007917427203e+00
6.089349755387369356e+01 1.972007196013061847e+00
5.988706494046223838e+01 1.972348389164706894e+00
5.887258793404949131e+01 1.971816700925285382e+00
5.786476033919271345e+01 1.971768944496594678e+00
5.684656338225912009e+01 1.971918581306491891e+00
5.584403671689454285e+01 1.971782210171231231e+00
5.482760673645833549e+01 1.971748250044162099e+00
5.387004497301433048e+01 1.971906907512811946e+00
5.284375712369792666e+01 1.971549795551603701e+00
5.183839399606119969e+01 1.971601266369192418e+00
5.082126652490234164e+01 1.971679799163039037e+00
4.981497340963542086e+01 1.971753556314016720e+00
4.880491384446614944e+01 1.971781679544245325e+00
4.777853299638672269e+01 1.971793353337925270e+00
4.677358836318360602e+01 1.971626736464494378e+00
4.576552827141927082e+01 1.971947765790691864e+00
4.475291124026693268e+01 1.972091565703748772e+00
4.374601363304036283e+01 1.972111729529195889e+00
4.276566717265625073e+01 1.972050707425868854e+00
4.174998118232421973e+01 1.971987032187614730e+00
4.074145609674479829e+01 1.971723841202831284e+00
3.972381713238932122e+01 1.971881437417510430e+00
3.871617553505859632e+01 1.971677676655097633e+00
3.744664942106120264e+01 1.971931846981128222e+00
3.643435788557942345e+01 1.971547142416676612e+00
3.542169435504556674e+01 1.971680860417009740e+00
3.440665935605468206e+01 1.971897356227073850e+00
3.339701828531900674e+01 1.971783802052187617e+00
3.242866866536458303e+01 1.971968460243123999e+00
3.139805637356771228e+01 1.971932377608113462e+00
3.039129826448568394e+01 1.972126056457802923e+00
2.937682125807291555e+01 1.971894172465160855e+00
2.811334006367187754e+01 1.972001359116221764e+00
2.709523610550130712e+01 1.971896825600088610e+00
2.607457468134766287e+01 1.971751964433060555e+00
2.506139965761719424e+01 1.971876131147656031e+00
2.404808513574219120e+01 1.971590653829483175e+00
2.303774657428385808e+01 1.971714820544078650e+00
2.206200355266927460e+01 1.971886743687364829e+00
2.076308982955729832e+01 1.971710575528194953e+00
1.973554649694010621e+01 1.972040625513145073e+00
1.871804703072917420e+01 1.971851722306324994e+00
1.771379988824870466e+01 1.972178057902377324e+00
1.669560293131510775e+01 1.971861273592063313e+00
1.566703661230469180e+01 1.972293734585205405e+00
1.466264997167969142e+01 1.971983848425701957e+00
1.340005226552734463e+01 1.971895233719132001e+00
1.237725186982422088e+01 1.971903723750899395e+00
1.141313369358724117e+01 1.972010379774974842e+00
1.039823819274088912e+01 1.971905315631855338e+00
9.388457623860679391e+00 1.972205119878634783e+00
8.381095022819010865e+00 1.972150465299133959e+00
7.127053202864586545e+00 1.972077769402126979e+00
6.101462844270835184e+00 1.972165853481711695e+00
5.092984258072918990e+00 1.972142505894352027e+00
4.089155610026042886e+00 1.971806088385576361e+00
3.070028665462239736e+00 1.972203527997678840e+00
2.064572539062500933e+00 1.972012502282916691e+00
8.466607385416669018e-01 1.971746127536220472e+00
-1.834865594401041688e-01 1.972015686044829241e+00
-1.191174656152343969e+00 1.971843232274557822e+00
-2.194863806054688116e+00 1.971802373996678348e+00
-3.206271853287761431e+00 1.971729147472686128e+00
-4.212471969791667270e+00 1.972019931060712938e+00
-5.491251460709635879e+00 1.971746658163206156e+00
-6.491360158235679023e+00 1.971736576250482376e+00
-7.502256712272137307e+00 1.971763107599754594e+00
-8.502644406087240370e+00 1.971794945218881656e+00
-9.516935414973962892e+00 1.971937153250982178e+00
-1.073275474332682577e+01 1.971901601242957547e+00
-1.174537177447916925e+01 1.971548734297632777e+00
-1.275482684768880404e+01 1.971415546924284889e+00
-1.375912048955078504e+01 1.971301462122412751e+00
-1.477229551328125723e+01 1.971302523376383675e+00
-1.577342719720052244e+01 1.970701323001868177e+00
-1.679464661393229719e+01 1.970372864897874665e+00
-1.803162316087240313e+01 1.969771133896373705e+00
-1.905526054544271375e+01 1.969228302490257709e+00
-2.007285301041667580e+01 1.968161211622516449e+00
-2.103659919160156377e+01 1.967557358113073640e+00
-2.205414515719401436e+01 1.966748682587246666e+00
-2.305964778297526507e+01 1.965711837457676525e+00
-2.431764205035807436e+01 1.964347064851097890e+00
-2.532249368479818230e+01 1.963789906516374861e+00
-2.635045551184895984e+01 1.963179685483106729e+00
-2.736098007083333528e+01 1.962229332552164696e+00
-2.837843303766275938e+01 1.961755482654157223e+00
-2.940090793769530819e+01 1.961098035819183849e+00
-3.040715455358072816e+01 1.959978943506868632e+00
-3.139168595830078345e+01 1.959402151973683948e+00
-3.267241842324218482e+01 1.958428982082367487e+00
-3.370516968658854751e+01 1.957905783874713812e+00
-3.470481339029947065e+01 1.957183600547515390e+00
-3.571919739794921611e+01 1.956570726379320169e+00
-3.673083794208984898e+01 1.956070875759025940e+00
-3.775452182604166751e+01 1.955539718146589667e+00
-3.876062894378254953e+01 1.955410245162139793e+00
-3.976283011347656071e+01 1.954722021962010503e+00
-4.077512164895833280e+01 1.954407360159638118e+00
-4.178411172835286891e+01 1.953710646927741656e+00
-4.300365100722656564e+01 1.953363616879256526e+00
-4.401310608043620221e+01 1.953045240687986350e+00
-4.502814107942708688e+01 1.952710415060166627e+00
-4.602657579921875453e+01 1.952519919972390161e+00
-4.703296191324869824e+01 1.951996721764735598e+00
-4.805260035100911864e+01 1.951850268716751380e+00
-4.906963482340495375e+01 1.950786361610923114e+00
-5.007667192877605089e+01 1.950474352943478484e+00
-5.108245355084636685e+01 1.950367696919403038e+00
-5.208316674033203952e+01 1.950003156180398323e+00
-5.305384132936199393e+01 1.949495346155322384e+00
-5.406218041741536240e+01 1.949362158781974275e+00
-5.506540457350261164e+01 1.949100029051161531e+00
-5.607086069990234733e+01 1.949184929368833696e+00
-5.707845579785156787e+01 1.948775815963051716e+00
-5.808367942734375333e+01 1.949176969964051764e+00
-5.909662195416665753e+01 1.948925983399933948e+00
-6.034712982112630897e+01 1.948724345145462777e+00
-6.135695688938801595e+01 1.948435684065377593e+00
-6.236352900094401974e+01 1.948468052311490117e+00
-6.336321920403644725e+01 1.948227147660095415e+00
-6.432575640130208683e+01 1.948186820009201625e+00
-6.534372086132812285e+01 1.948143839223379858e+00
-6.634634052545574434e+01 1.948009059969075585e+00
-6.735319163330076719e+01 1.948037183199303968e+00
-6.836311170032551843e+01 1.947913016484708937e+00
-6.937154378714193115e+01 1.947768155317680883e+00
-7.038699728056641902e+01 1.947859953786164056e+00
-7.138631548860676901e+01 1.947695459420674347e+00
-7.239098112552083819e+01 1.947594640293438761e+00
-7.339364728902994273e+01 1.947889138270363807e+00
-7.341201454472655996e+01 1.947694398166703200e+00
-7.255126449358724017e+01 1.947607375341089408e+00
-7.164857200032552953e+01 1.947766563436724496e+00
-7.072528028105469389e+01 1.947805829833647806e+00
-6.980756848756510635e+01 1.947914608365665545e+00
-6.885693513196615356e+01 1.947790441651070070e+00
-6.791615964524739013e+01 1.947695459420673902e+00
-6.695627291272788284e+01 1.947870035698887392e+00
-6.602270483014324043e+01 1.947756481524001160e+00
-6.505802866132812312e+01 1.947991549278555556e+00
-6.408116965455728575e+01 1.948020733762755086e+00
-6.317782616995442879e+01 1.947707133214353847e+00
-6.220673308649088540e+01 1.947853586262338510e+00
-6.123763947643229244e+01 1.947811666730487890e+00
-6.003786243470050721e+01 1.947823340524167834e+00
-5.905235454296875020e+01 1.947844565603586098e+00
-5.806889262402343377e+01 1.947728358293772333e+00
-5.709184761972657185e+01 1.948139063580510699e+00
-5.610601423232422036e+01 1.948022856270697378e+00
-5.512762074596354722e+01 1.947869505071902374e+00
-5.413918339319661754e+01 1.947840851214687863e+00
-5.314749108372396336e+01 1.947942731595894150e+00
-5.219862470462240367e+01 1.947710847603252304e+00
-5.122213769290364382e+01 1.947717745754063090e+00
-5.022556294837239932e+01 1.948105103453442233e+00
-4.922838371188151285e+01 1.948088123389907445e+00
-4.822650803785807483e+01 1.947752767135103147e+00
-4.723574571601562866e+01 1.947818564881298675e+00
-4.624117044488932748e+01 1.948055755143794698e+00
-4.524533969046224513e+01 1.947770277825622731e+00
-4.424146454303385667e+01 1.948194779413983113e+00
-4.300062854742839136e+01 1.948037713826289652e+00
-4.200354230970052072e+01 1.947829177421007918e+00
-4.103663417057291696e+01 1.947971916080094124e+00
-4.001969269694010478e+01 1.947742154595393904e+00
-3.903743976191406517e+01 1.948237760199804214e+00
-3.802449723509115387e+01 1.948275434715771581e+00
-3.701439117054036387e+01 1.948319476755563828e+00
-3.601121351383463320e+01 1.948272781580844271e+00
-3.501156981012369585e+01 1.948339640581011611e+00
-3.399951077154948109e+01 1.948251025874440545e+00
-3.274802641757812438e+01 1.947844565603585654e+00
-3.172494702558593715e+01 1.948117838501092436e+00
-3.077412767246093495e+01 1.948087592762922204e+00
-2.976039465615234647e+01 1.948237229572819196e+00
-2.875424103902994588e+01 1.947937425326039751e+00
-2.774636694479167076e+01 1.947976161095977821e+00
-2.674049232395833542e+01 1.947906118333897929e+00
-2.571969140166015677e+01 1.947840851214687863e+00
-2.446258062252604759e+01 1.947863137548076828e+00
-2.345154457034505668e+01 1.947948568492734012e+00
-2.244078751445313458e+01 1.948005876207162590e+00
-2.142166056988932965e+01 1.948022325643711916e+00
-2.044336008229167234e+01 1.947945384730821461e+00
-1.940874884368489717e+01 1.947818564881298897e+00
-1.814861560475261015e+01 1.947932119056185130e+00
-1.713023265029297448e+01 1.948253148382382838e+00
-1.610715325830078015e+01 1.948208575715605129e+00
-1.509281575003255504e+01 1.948732835177229950e+00
-1.408680163105469241e+01 1.948875573836316155e+00
-1.307172013268229627e+01 1.949026271900183849e+00
-1.206096307679036705e+01 1.949155214257648483e+00
-1.078669402587890858e+01 1.949613675973077775e+00
-9.812624981998702367e+00 1.949906582069046213e+00
-8.805169382194014460e+00 1.950422351498904305e+00
-7.800968739095053728e+00 1.950814484841152385e+00
-6.796210103417969606e+00 1.951558423874753645e+00
-5.535890866959636725e+00 1.952578288940789664e+00
-4.515880434147137024e+00 1.953382719450732941e+00
-3.506704357226563484e+00 1.954546384429826311e+00
-2.493482834114583824e+00 1.955823603583805692e+00
-1.495141113085937778e+00 1.956712934411420690e+00
-4.728057111979168115e-01 1.957326869833587057e+00
7.983478811523440077e-01 1.958440125249062191e+00
1.768650475130208566e+00 1.959064673210937357e+00
2.773083615136719526e+00 1.959910492625745793e+00
3.777144760091145859e+00 1.960542469365417206e+00
4.793249244856771618e+00 1.960927173929868816e+00
5.800751344042969215e+00 1.961690215534946935e+00
7.059024607714846411e+00 1.961966141567381250e+00
8.079872029394534749e+00 1.962848043617200222e+00
9.080724717024741821e+00 1.963149439744936053e+00
1.008697133291015824e+01 1.963696516166935524e+00
1.109935586715494971e+01 1.964333268549476319e+00
1.206575251308594154e+01 1.965028920527401413e+00
1.332681573964844191e+01 1.965733062537094344e+00
1.434133924544271110e+01 1.966690844245832626e+00
1.534172693925781772e+01 1.967359434247500261e+00
1.636852628177083702e+01 1.968251948837028253e+00
1.736993696197917103e+01 1.968780983941522678e+00
1.837743906116537218e+01 1.969088747593083610e+00
1.939526402304687736e+01 1.969590190094334892e+00
2.064307492587890991e+01 1.970177594167228596e+00
2.167061825849609846e+01 1.970854143573678163e+00
2.262748253121745279e+01 1.971030842359833279e+00
2.363819308772787053e+01 1.971055781828149556e+00
2.464727616588542247e+01 1.971340728519336061e+00
2.565528975826823199e+01 1.971528570472185882e+00
2.667809015397135752e+01 1.971530692980127286e+00
2.794157134837240264e+01 1.971309952154180367e+00
2.895669934612629959e+01 1.971547673043661852e+00
2.998075522513020985e+01 1.971470201503786157e+00
3.099937067649739220e+01 1.971243093154013470e+00
3.202528653076171139e+01 1.971317380931976393e+00
3.303195164108072390e+01 1.971820415314183395e+00
3.404229020253907123e+01 1.971749311298133023e+00
3.506360261803384759e+01 1.971864457353975641e+00
3.607645214609375017e+01 1.971894172465161077e+00
3.732142658665365076e+01 1.971700493615471617e+00
3.835450334567057240e+01 1.971806088385576361e+00
3.936944534589843414e+01 1.971704738631355092e+00
4.038280636715494865e+01 1.971880906790524968e+00
4.138505403623046419e+01 1.971719596186948031e+00
4.239385811809896154e+01 1.971564122480210957e+00
4.342144795009766511e+01 1.971643185901043260e+00
4.438063719189452883e+01 1.971542366773807231e+00
4.539474220325520548e+01 1.971594368218381632e+00
4.640689424059245027e+01 1.971633103988319480e+00
4.741262936328126187e+01 1.971404403757590407e+00
4.842798985794271971e+01 1.971594368218381632e+00
4.944846528457031809e+01 1.971708983647238789e+00
5.044931797220052516e+01 1.971641594020086430e+00
5.145984253118489704e+01 1.972098994481544798e+00
5.246734463037108753e+01 1.971673962266199176e+00
5.348177513740235156e+01 1.971868171742874098e+00
5.446849201305339250e+01 1.971783802052187617e+00
5.546469476253255948e+01 1.971762576972769354e+00
5.646605894335937137e+01 1.971443139527528032e+00
5.746602814274089610e+01 1.971439425138630019e+00
5.847794768317058356e+01 1.971620368940668833e+00
5.948814674648438228e+01 1.971455343948193217e+00
6.050783168362630704e+01 1.971486650940335483e+00
6.151407829951172346e+01 1.971610287027945052e+00
6.252399836653646048e+01 1.971548203670647315e+00
6.352768751643881728e+01 1.971841640393601658e+00
6.455388236699218396e+01 1.971521141694389634e+00
6.551042114404296512e+01 1.971528039845200198e+00
6.651420329270834486e+01 1.971532284861083673e+00
6.752347236839192135e+01 1.971651675932810210e+00
6.852841700159504512e+01 1.971772128258507450e+00
6.954312650491537795e+01 1.971645308408984665e+00
7.055397655957030167e+01 1.971571020631021742e+00
7.156133916061197908e+01 1.971714820544079094e+00
7.256553980371093360e+01 1.971699432361500914e+00
7.357359989547526880e+01 1.971792822710940030e+00
7.457849802929688110e+01 1.971737106877467616e+00
7.559069656601563736e+01 1.971689350448777134e+00
7.655565173111979504e+01 1.971703146750399149e+00
7.755390045338540972e+01 1.971920703814433740e+00
7.856303003092449444e+01 1.971781679544245769e+00
7.957081112639974663e+01 1.971704738631355314e+00
8.058765960126953587e+01 1.971925479457302677e+00
