# User			Meike Reginka
# Sample		2020_0446_1
# State			after FC
# Profile		mere_beads_forc.txt
# Comment
# ML
# 
# Meas. type 		FORC
# angle (deg)		 0.000
# Hmin (kA/m)		-80.000
# Hmax (kA/m)		80.000
# pts./branch		161
# time/pt. (s)		 0.020
# dt (s)		 0.020
# nCycles		5
# Hstop (kA/m)		 0.000
# wait (s)		60.000
# nSched		5
# nMinorLoops		10
# nX			2
# nY			2
# dx (mm)		 0.250
# dy (mm)		 0.250
# avg. raster		no average raster
# Number			2
# ID			310316
# -----------------------------------------------
# H (kA/m) 	 I (arb.u.)
8.164798499785156594e+01 1.973174575381053009e+00
8.077891155742189255e+01 1.972871056745375329e+00
7.984845893339844736e+01 1.973247801905045229e+00
7.891251938235677699e+01 1.973513115397770523e+00
7.793631136692707173e+01 1.973242495635190608e+00
7.694559554446614413e+01 1.973492951572323406e+00
7.595436822880857619e+01 1.973194739206500348e+00
7.498690209710287036e+01 1.973208535508121919e+00
7.397075111295571048e+01 1.973131594595231464e+00
7.297124690738932884e+01 1.973356049810076840e+00
7.195411943623047080e+01 1.973204821119223684e+00
7.094257189085287507e+01 1.973304578992488345e+00
6.993809225146483755e+01 1.973396908087956980e+00
6.891966279762371528e+01 1.973231352468496347e+00
6.791020772441406450e+01 1.972859382951695384e+00
6.690647207513022465e+01 1.972864158594564543e+00
6.589738899697265140e+01 1.973015917912403161e+00
6.492773739433594926e+01 1.973152289047664043e+00
6.389754359697265329e+01 1.973126818952362527e+00
6.289850438522136500e+01 1.972990447817101645e+00
6.188621284973958581e+01 1.973085960674483053e+00
6.087336332167969033e+01 1.973101348857060788e+00
5.986069979114583361e+01 1.973160248452445975e+00
5.885347668824870482e+01 1.973196331087456290e+00
5.783672121214192430e+01 1.973231352468496347e+00
5.682508066800130564e+01 1.973336947238601091e+00
5.581674157994791585e+01 1.973261067579681338e+00
5.481798136448567504e+01 1.973099226349119384e+00
5.384837626123047016e+01 1.973280170151157753e+00
5.282087942799481084e+01 1.973210658016063990e+00
5.181588829541015429e+01 1.973314130278226664e+00
5.081289663623046238e+01 1.973270088238433972e+00
4.980209308095703591e+01 1.973541769254985034e+00
4.878580259866536295e+01 1.973539116120057502e+00
4.776955861575520856e+01 1.973259475698725174e+00
4.676786893925781641e+01 1.973638873993321941e+00
4.574892799222006090e+01 1.973222862436728953e+00
4.474077490169270988e+01 1.973050408666457534e+00
4.374340966767578465e+01 1.973367723603757007e+00
4.275060137304687657e+01 1.973262659460638169e+00
4.172798697486979336e+01 1.973202698611281836e+00
4.072160086083984964e+01 1.973176697888995079e+00
3.971549374309896052e+01 1.973341722881469806e+00
3.871287407897136035e+01 1.973099226349119384e+00
3.743800053610026879e+01 1.973319967175066525e+00
3.641738561132812890e+01 1.973159187198475273e+00
3.541132499296875125e+01 1.973113553277726417e+00
3.440191641914062615e+01 1.973153880928620652e+00
3.338836940035806577e+01 1.972948528285251246e+00
3.241434685585937103e+01 1.973087552555439217e+00
3.138433905602214224e+01 1.973250455039972540e+00
3.038116139931641158e+01 1.973295027706750249e+00
2.937547277600911855e+01 1.973584219413820895e+00
2.811143358902995359e+01 1.973133186476187850e+00
2.709277163828124912e+01 1.973324742817935906e+00
2.607034323763021177e+01 1.973331110341761008e+00
2.505814470091146617e+01 1.973173514127081862e+00
2.404594616419271347e+01 1.973205351746209146e+00
2.303123666087239840e+01 1.973075878761759272e+00
2.206298003968099408e+01 1.973294497079764787e+00
2.075341795820312996e+01 1.973091797571322914e+00
1.974075442766927324e+01 1.973130002714275300e+00
1.873018336930338990e+01 1.973238250619306910e+00
1.771059143092448451e+01 1.973314130278226664e+00
1.669564943069661922e+01 1.973209596762092843e+00
1.567122155664062966e+01 1.973170860992155218e+00
1.465879052301432495e+01 1.973420786302302110e+00
1.339819229026693215e+01 1.973278578270201367e+00
1.237627538281250139e+01 1.973111430769784125e+00
1.140871625234375308e+01 1.973025469198141479e+00
1.040367862037760638e+01 1.972959140824960045e+00
9.390736093554691521e+00 1.973019632301301618e+00
8.382350506119793820e+00 1.973489767810410633e+00
7.130633655240888658e+00 1.973240903754234443e+00
6.115087163053387620e+00 1.973341192254484788e+00
5.091403279101564650e+00 1.973093920079264540e+00
4.094084544466147335e+00 1.973229229960554498e+00
3.084350474967448630e+00 1.973577851889995349e+00
2.074709404231771526e+00 1.973789041430204838e+00
8.484277150390626687e-01 1.974135540851703841e+00
-1.698157412760417095e-01 1.973721651803052701e+00
-1.182897766243490079e+00 1.973807082747709885e+00
-2.191562349967448142e+00 1.973726958072906656e+00
-3.203853885449219785e+00 1.973173514127082306e+00
-4.212797465462240432e+00 1.973343314762426637e+00
-5.475116175325521084e+00 1.973255230682841699e+00
-6.482246279459636717e+00 1.973303517738517421e+00
-7.490724865657553799e+00 1.973213311150990634e+00
-8.500086940104168320e+00 1.973057306817268319e+00
-9.498800656184897662e+00 1.973085430047497368e+00
-1.072154839238281454e+01 1.972803667118223192e+00
-1.173979184869791936e+01 1.972978243396436460e+00
-1.275147889222005482e+01 1.973215964285918167e+00
-1.375056460335286523e+01 1.972785095173732461e+00
-1.475578823284505603e+01 1.972533577982628961e+00
-1.576603379554036977e+01 1.971993930338425960e+00
-1.679185665104167313e+01 1.971941398266866319e+00
-1.803418062685546985e+01 1.971209133026944560e+00
-1.905507454791667143e+01 1.970440254525026580e+00
-2.006494811555990410e+01 1.969788113959907605e+00
-2.102074290250651600e+01 1.968987928465848247e+00
-2.203721938232422417e+01 1.967823202232784396e+00
-2.304100153098958970e+01 1.967010281691073947e+00
-2.431861853736980095e+01 1.965582364473226207e+00
-2.531175232766927508e+01 1.964754586375923484e+00
-2.633301824378255773e+01 1.964304084065275902e+00
-2.735447015742187915e+01 1.963135643443314038e+00
-2.836355323557943109e+01 1.962419827639941605e+00
-2.937156682796224061e+01 1.961989489154740696e+00
-3.039353023479818106e+01 1.960852355524920654e+00
-3.137615516487630529e+01 1.960460752809657592e+00
-3.266358354075521220e+01 1.959383049402207533e+00
-3.369405633440754855e+01 1.958887443797797223e+00
-3.469593200843098657e+01 1.958232119470765475e+00
-3.570306211256509954e+01 1.957561406961156214e+00
-3.671679512887369867e+01 1.957122047817203114e+00
-3.773341110683593769e+01 1.956684811181191863e+00
-3.873644926539714106e+01 1.956044875036738517e+00
-3.974915929531250214e+01 1.955660170472286907e+00
-4.075810287532551968e+01 1.955307303526962359e+00
-4.176128053203125035e+01 1.954906149525961867e+00
-4.297737885667318380e+01 1.954247110810031884e+00
-4.399980725732422115e+01 1.954149475444709516e+00
-4.500656536640624950e+01 1.953675094919716360e+00
-4.601206799218750376e+01 1.952995892378339482e+00
-4.702356903818359513e+01 1.952684414337880092e+00
-4.802911816334636086e+01 1.952178196193759874e+00
-4.904987258626302093e+01 1.951747857708559408e+00
-5.004965578811849269e+01 1.951484666723775963e+00
-5.106343530380858908e+01 1.951038409429012077e+00
-5.206349750195312254e+01 1.951092533381528105e+00
-5.303570657057291982e+01 1.950480189840318346e+00
-5.404023270934244749e+01 1.950483373602231119e+00
-5.505098976523439092e+01 1.950121485998153936e+00
-5.605477191389974223e+01 1.949899153291250187e+00
-5.706352949638673522e+01 1.949690616885967787e+00
-5.806331269824218566e+01 1.949599879671455982e+00
-5.907830119785155887e+01 1.949313871726298109e+00
-6.032973905244141832e+01 1.949261870281723930e+00
-6.134286757679036839e+01 1.949356852512119431e+00
-6.234534774277344837e+01 1.948866022550578281e+00
-6.334285247493488669e+01 1.949045905098645948e+00
-6.431008610973307782e+01 1.949069252686005616e+00
-6.532898055738932896e+01 1.948895207034778032e+00
-6.633183271842449358e+01 1.948792265399600598e+00
-6.734156678792317052e+01 1.948893615153821202e+00
-6.833386358935545957e+01 1.949149377360808622e+00
-6.935359502587890290e+01 1.949110641590870330e+00
-7.036142262073568077e+01 1.949008761209664264e+00
-7.136683224775390499e+01 1.948759366526502390e+00
-7.236480197373047929e+01 1.948689854391408849e+00
-7.337128108652343883e+01 1.948722222637520929e+00
-7.433149331471355481e+01 1.948789612264673288e+00
-7.533532196276041759e+01 1.948500951184588104e+00
-7.635012446484374493e+01 1.948506788081428187e+00
-7.734795469267577062e+01 1.948725937026419164e+00
-7.834615691555990225e+01 1.948801286058353233e+00
-7.935384501227213150e+01 1.948629362915067054e+00
-8.036274209290365889e+01 1.948906880828457977e+00
-8.038673577376303570e+01 1.948904758320516128e+00
-7.952789219726562919e+01 1.948835246185421699e+00
-7.861887578811850119e+01 1.948821449883799906e+00
-7.771199835052084381e+01 1.948909533963385066e+00
-7.678326620361328025e+01 1.948885655749039492e+00
-7.587145983157550688e+01 1.949095784035278278e+00
-7.491696702731121604e+01 1.948757774645546226e+00
-7.401418153528645405e+01 1.948625117899183579e+00
-7.307089508196615668e+01 1.948856471264840184e+00
-7.211244983027344801e+01 1.948827817407625673e+00
-7.116353695179036265e+01 1.949091008392408897e+00
-7.021406608072916811e+01 1.948912187098311932e+00
-6.923920654736328117e+01 1.948988597384217147e+00
-6.826230104121093234e+01 1.948951453495235686e+00
-6.729808986621092970e+01 1.948451602874941235e+00
-6.632341633037108863e+01 1.948676058089786611e+00
-6.534795230504556685e+01 1.948669690565961510e+00
-6.435988694733073601e+01 1.948674466208830225e+00
-6.337893599498698194e+01 1.948721692010535467e+00
-6.242718665423177526e+01 1.948604954073736684e+00
-6.145046714560547230e+01 1.948305149826956795e+00
-6.022097699908854906e+01 1.948528543787831468e+00
-5.923453911972656272e+01 1.948498828676646255e+00
-5.824493928242188190e+01 1.948663323042136186e+00
-5.724720205335286494e+01 1.948861777534694362e+00
-5.625829970677083480e+01 1.948699405677146501e+00
-5.526372443564453363e+01 1.948697813796190337e+00
-5.428533094928386760e+01 1.948586912756231193e+00
-5.327568987854817095e+01 1.948543401343424186e+00
-5.232328954645181796e+01 1.948885655749039714e+00
-5.132750529140625417e+01 1.948763611542386087e+00
-5.033492949368490343e+01 1.948847450606087550e+00
-4.932370744397786666e+01 1.949080926479685560e+00
-4.833717656585287159e+01 1.948694630034277342e+00
-4.732660550748698824e+01 1.948755652137604377e+00
-4.632156787552083443e+01 1.948634138557935991e+00
-4.532680660686849450e+01 1.949035823185921945e+00
-4.431893251263020517e+01 1.948770509693196873e+00
-4.307395807207031879e+01 1.948686140002510392e+00
-4.206496799267578268e+01 1.948552422002177043e+00
-4.108513302548828250e+01 1.948955167884133921e+00
-4.008772129208984580e+01 1.948949330987293838e+00
-3.908579911868488921e+01 1.949011414344591575e+00
-3.808197047063801932e+01 1.948798632923425700e+00
-3.706651697721354566e+01 1.948992311773115382e+00
-3.605627141451823547e+01 1.948878226971243466e+00
-3.505867368359375291e+01 1.948643159216688847e+00
-3.404814912460937393e+01 1.948847450606087328e+00
-3.278345894628905910e+01 1.948846389352116182e+00
-3.176665697080078132e+01 1.948860185653737975e+00
-3.080602624817708701e+01 1.949093130900350745e+00
-2.979410670774739955e+01 1.948895737661763494e+00
-2.878939457145182246e+01 1.948845328098145480e+00
-2.778221796793620513e+01 1.948948269733322691e+00
-2.676643897884114409e+01 1.949259747773782081e+00
-2.574642854602864972e+01 1.948891492645879353e+00
-2.448755079039714033e+01 1.949017781868416677e+00
-2.347604974440104542e+01 1.948853287502927190e+00
-2.246645517304688155e+01 1.948910595217355768e+00
-2.144788622106120357e+01 1.948999740550911630e+00
-2.047832761718750660e+01 1.948876104463302061e+00
-1.943213803258464267e+01 1.949007169328707878e+00
-1.817056331282552506e+01 1.949028394408125697e+00
-1.715125037073567782e+01 1.949185990622804843e+00
-1.613872633834635550e+01 1.949544694464969474e+00
-1.511132250387370135e+01 1.949749516481352973e+00
-1.410749385582682613e+01 1.949734658925760478e+00
-1.309827127952474513e+01 1.949889602005512090e+00
-1.208137630527344086e+01 1.950323654879610347e+00
-1.082347503665364741e+01 1.950467985419652939e+00
-9.831829226562502910e+00 1.950829873023730121e+00
-8.832092524088542618e+00 1.951190699373836601e+00
-7.824636924283855599e+00 1.951736183914879907e+00
-6.815321349218752545e+00 1.952461020377005418e+00
-5.564813482259116206e+00 1.953334432395056552e+00
-4.541315595833334662e+00 1.954616427191905537e+00
-3.533441501595052880e+00 1.955736580758192122e+00
-2.513105573111979574e+00 1.956920940189717406e+00
-1.519413790234375172e+00 1.958129177835588042e+00
-4.954509099934896743e-01 1.958791400313430575e+00
7.817476019531253151e-01 1.959549135648653850e+00
1.741401837565104360e+00 1.960530264944752021e+00
2.752949382942708745e+00 1.961163302938394581e+00
3.762683452441407450e+00 1.961683317384136149e+00
4.765535613476563626e+00 1.962271782711000556e+00
5.777734150195313667e+00 1.962728652545473684e+00
7.039727364388022934e+00 1.963398303801112021e+00
8.046113478417970200e+00 1.963850928619701897e+00
9.052732089355471246e+00 1.964362983660661088e+00
1.005721172874349101e+01 1.965001327924158048e+00
1.108080261393229193e+01 1.965530363028652694e+00
1.203771338603515950e+01 1.966167115411193045e+00
1.329212720104166934e+01 1.967313269699766387e+00
1.430655770807291916e+01 1.968116638955738296e+00
1.532340618294271195e+01 1.968345869813453053e+00
1.633602321409505365e+01 1.968978377180110373e+00
1.734575728359375191e+01 1.969999834127102778e+00
1.835311988463542221e+01 1.970681159176421282e+00
1.935829701474609976e+01 1.971053659320207707e+00
2.062210370481771449e+01 1.971443670154513716e+00
2.163760369762370317e+01 1.971594898845366872e+00
2.260102438313802864e+01 1.971764699480711203e+00
2.360643401015625287e+01 1.972088912568821462e+00
2.461705156790365479e+01 1.972316020918594148e+00
2.563301655452474392e+01 1.972432758855393375e+00
2.663410173906249412e+01 1.972282591418510922e+00
2.791571769225260624e+01 1.972369614244124936e+00
2.893075269124349447e+01 1.972370675498095416e+00
2.994946114137369619e+01 1.972549496792192159e+00
3.097007606614582897e+01 1.972468841490404134e+00
3.199422494391275862e+01 1.972774482634023663e+00
3.299754209876302014e+01 1.972489005315851252e+00
3.400797365898437619e+01 1.972635458363835248e+00
3.502524062828776152e+01 1.972472555879302369e+00
3.603283572623698205e+01 1.972514475411152546e+00
3.729231797382812630e+01 1.972703909244958531e+00
3.832107029036458101e+01 1.972755380062547026e+00
3.932871188769531301e+01 1.972822239062713923e+00
4.034304939596354700e+01 1.972917221293109868e+00
4.135436444443359960e+01 1.973169269111198831e+00
4.235419414567057572e+01 1.972895465586706143e+00
4.338178397766927219e+01 1.973042979888661508e+00
4.435310955804036581e+01 1.973392663072073283e+00
4.535047479205729104e+01 1.973239311873278057e+00
4.636378931393229408e+01 1.973498257842178027e+00
4.737501136363933085e+01 1.973284415167041450e+00
4.839204583603515886e+01 1.973253108174899850e+00
4.939950143583984499e+01 1.973104532618973339e+00
5.041086298369141616e+01 1.973165554722300374e+00
5.142050405442708438e+01 1.972840280380219413e+00
5.242177523649088755e+01 1.973357641691033670e+00
5.343057931835937069e+01 1.973080123777642969e+00
5.442845604557292205e+01 1.973289721436895405e+00
5.541759088906249531e+01 1.973253638801885090e+00
5.643011492145183183e+01 1.973197392341427658e+00
5.743203709485678132e+01 1.973410173762593089e+00
5.842661236598308250e+01 1.973352866048164289e+00
5.944913376539713568e+01 1.973315722159182828e+00
6.046477325634766942e+01 1.973144860269867795e+00
6.146920639635416705e+01 1.973094981333235687e+00
6.247363953636067890e+01 1.973061021206166776e+00
6.348500108421224297e+01 1.972993631579014195e+00
6.451305591002603990e+01 1.972940038253483852e+00
6.547187315677084030e+01 1.972905016872444239e+00
6.647663179244790399e+01 1.973273272000346967e+00
6.748115793121745298e+01 1.973059959952195630e+00
6.849089200071612993e+01 1.973276455762259518e+00
6.949286067350260510e+01 1.973344906643382801e+00
7.050533820651041594e+01 1.973314660905212126e+00
7.152381415973307810e+01 1.973047224904544983e+00
7.252048190302734554e+01 1.973319436548081285e+00
7.353365692675781418e+01 1.973396377460971296e+00
7.453562559954427513e+01 1.973337477865586553e+00
7.554624315729166995e+01 1.973114083904711435e+00
7.651129132115885056e+01 1.973221801182758028e+00
7.752060689622396694e+01 1.973126288325377065e+00
7.852438904488933247e+01 1.973102940738017397e+00
7.952603222200521316e+01 1.973692467318852950e+00
8.054274119873046800e+01 1.973497196588206881e+00
