# User			Meike Reginka
# Sample		2020_0446_1
# State			after FC
# Profile		mere_beads_forc.txt
# Comment
# ML
# 
# Meas. type 		FORC
# angle (deg)		 0.000
# Hmin (kA/m)		-80.000
# Hmax (kA/m)		80.000
# pts./branch		161
# time/pt. (s)		 0.020
# dt (s)		 0.020
# nCycles		5
# Hstop (kA/m)		 0.000
# wait (s)		60.000
# nSched		5
# nMinorLoops		10
# nX			2
# nY			2
# dx (mm)		 0.250
# dy (mm)		 0.250
# avg. raster		no average raster
# Number			5
# ID			310319
# -----------------------------------------------
# H (kA/m) 	 I (arb.u.)
8.169113642389322649e+01 1.971948827044662567e+00
8.082610842965495124e+01 1.971916989425535505e+00
7.989533030996095420e+01 1.971841640393601658e+00
7.894720792096354955e+01 1.972181241664289875e+00
7.797002341852213192e+01 1.971798128980794651e+00
7.698339954163412813e+01 1.971786455187114484e+00
7.597989638925780298e+01 1.971909030020753795e+00
7.502461309550783142e+01 1.972086790060879613e+00
7.400934559960937520e+01 1.972053360560796165e+00
7.300035552021485330e+01 1.971864457353976086e+00
7.199317891669920755e+01 1.971919642560462593e+00
7.098669980390626222e+01 1.972069279370359585e+00
6.996580588284504643e+01 1.971886743687364829e+00
6.895416533870444198e+01 1.971953072060546042e+00
6.793573588486326287e+01 1.971974297139964083e+00
6.693702216878256195e+01 1.971700493615471617e+00
6.592556762216797495e+01 1.971940337012895172e+00
6.494894111230469491e+01 1.972030012973436275e+00
6.393218563619791439e+01 1.972005073505119999e+00
6.292905447887369519e+01 1.971903723750899395e+00
6.191048552688801010e+01 1.971808210893517987e+00
6.090400641409505766e+01 1.971754617567987644e+00
5.988990140273437390e+01 1.971699432361500914e+00
5.887179744456380348e+01 1.971936091997011475e+00
5.785606495485025391e+01 1.972116505172064826e+00
5.685656074928385806e+01 1.972016747298799944e+00
5.584022376761069495e+01 1.971964215227240746e+00
5.483690661276042988e+01 1.971562530599254792e+00
5.386874299033203783e+01 1.971822537822125243e+00
5.285607945979818822e+01 1.971969521497094924e+00
5.183741750904948020e+01 1.971872416758757574e+00
5.083354236162110595e+01 1.971696779226573604e+00
4.981543840345052843e+01 1.971899478735015254e+00
4.880435585188803316e+01 1.972010910401960304e+00
4.778239244505208916e+01 1.971980664663789184e+00
4.677535533968099912e+01 1.971887274314350069e+00
4.576348229863282313e+01 1.972138791505453570e+00
4.476039764069010829e+01 1.971975358393935229e+00
4.376098643388672116e+01 1.971900009362000716e+00
4.277054960771485526e+01 1.971910091274724497e+00
4.175653759511718732e+01 1.971811925282416444e+00
4.074605953551431980e+01 1.971953072060546042e+00
3.973744145117188253e+01 1.971792292083954568e+00
3.872361543610026047e+01 1.972068748743374345e+00
3.746236621201171602e+01 1.972022584195640027e+00
3.644193728476562910e+01 1.971923356949360828e+00
3.542206635009765847e+01 1.971819354060212248e+00
3.441382026080729162e+01 1.972016216671814703e+00
3.339990124697265372e+01 1.972130301473686620e+00
3.242741318206380186e+01 1.972128178965744771e+00
3.139875386429036652e+01 1.972323980323376080e+00
3.039469271933594641e+01 1.972438065125247775e+00
2.938472615292968726e+01 1.972607865760592105e+00
2.811236357666015806e+01 1.972441779514146010e+00
2.709425961848958764e+01 1.972339368505953816e+00
2.607782963805339094e+01 1.972019400433727476e+00
2.505944668359375882e+01 1.971817231552271288e+00
2.405171208750000744e+01 1.971939275758924470e+00
2.304328000068359827e+01 1.972106423259341046e+00
2.207181492216797380e+01 1.971784863306158542e+00
2.076876275410156580e+01 1.972114913291108440e+00
1.974489287262370496e+01 1.971978011528862318e+00
1.872771890208333545e+01 1.971941928893851781e+00
1.771998430598958763e+01 1.971942990147822705e+00
1.669369645667318380e+01 1.972044870529029215e+00
1.567894045397135905e+01 1.972260305085121290e+00
1.466023200384114844e+01 1.972340429759924962e+00
1.340558569192708660e+01 1.972100055735515944e+00
1.238720273746744915e+01 1.972128709592730011e+00
1.141336619049479317e+01 1.972204589251649542e+00
1.039921467975260683e+01 1.972152587807075363e+00
9.394967537272137292e+00 1.971896294973102925e+00
8.383233994368490372e+00 1.972097933227574096e+00
7.128587682454429419e+00 1.972164792227740548e+00
6.112250700781250323e+00 1.972214671164373101e+00
5.094007244466147277e+00 1.972178588529362564e+00
4.093015058691408470e+00 1.972107484513312192e+00
3.084815468782553083e+00 1.972183894799217185e+00
2.070198964225260507e+00 1.972278877029612465e+00
8.455447533854170139e-01 1.972048584917927450e+00
-1.786506237630208493e-01 1.972447085784000409e+00
-1.188617190169271032e+00 1.972493780958719967e+00
-2.199420745442708824e+00 1.972517128546080079e+00
-3.208829319270834368e+00 1.972413125656931498e+00
-4.215215433300782522e+00 1.972271978878802123e+00
-5.489623982356771847e+00 1.972088912568821462e+00
-6.485268739257813664e+00 1.972253406934310949e+00
-7.495793298242189984e+00 1.972006665386076607e+00
-8.503899889388023325e+00 1.971896294973102925e+00
-9.511494987337242080e+00 1.971992338457469573e+00
-1.073847416725260651e+01 1.971890988703248304e+00
-1.173797837281901302e+01 1.971971113378051532e+00
-1.276198775244141181e+01 1.971935561370026013e+00
-1.375386605944010654e+01 1.971658574083621218e+00
-1.475988017841797095e+01 1.971344973535219758e+00
-1.577826313287760662e+01 1.971751433806074649e+00
-1.679557660156250520e+01 1.971145988415675676e+00
-1.805147839677734822e+01 1.970341027278747381e+00
-1.906553690875651341e+01 1.969105197029633381e+00
-2.006945855556641334e+01 1.968580937568007672e+00
-2.103734318170573303e+01 1.967710709311868644e+00
-2.204726324873047361e+01 1.966717906222090750e+00
-2.305629982750651408e+01 1.966185156728698091e+00
-2.431694455963542012e+01 1.965114351472059262e+00
-2.533337454007161682e+01 1.964305675946232732e+00
-2.634938602607422453e+01 1.963265647054749596e+00
-2.736237505227864730e+01 1.962482972251210045e+00
-2.837717755436198175e+01 1.962133289067798048e+00
-2.940258191542968902e+01 1.961099097073154995e+00
-3.041315297379557592e+01 1.960230460697972354e+00
-3.139777737727864704e+01 1.959756610799965104e+00
-3.269176216595052153e+01 1.958587108924032094e+00
-3.370354220823568170e+01 1.958017215541658196e+00
-3.471136980309244535e+01 1.957437240246560739e+00
-3.571663993196614229e+01 1.957177763650675306e+00
-3.673446489384765812e+01 1.956408885148757548e+00
-3.775559131181640993e+01 1.956165327362435979e+00
-3.875821097594401721e+01 1.955434654003470829e+00
-3.976938652626952830e+01 1.955362488733449311e+00
-4.077595863782552499e+01 1.954688592461926833e+00
-4.177676482607421349e+01 1.954345276802340159e+00
-4.300830094537761283e+01 1.953765832134228608e+00
-4.403017135345052679e+01 1.953129610378673053e+00
-4.503032655035806897e+01 1.952959809743328723e+00
-4.603359720582682257e+01 1.952511960567608229e+00
-4.704821371038411826e+01 1.952035457534673668e+00
-4.804850840543619483e+01 1.951565322025564875e+00
-4.907256428444010510e+01 1.951085635230717319e+00
-5.007388196588541973e+01 1.950694032515454923e+00
-5.108812647539062368e+01 1.950321001744683036e+00
-5.209218762034505801e+01 1.950091240259983039e+00
-5.305788677555339206e+01 1.949722985132080755e+00
-5.406757434567057885e+01 1.949614737227048922e+00
-5.507847089970703536e+01 1.949560613274532672e+00
-5.607769610898438373e+01 1.949363750662930661e+00
-5.708710468281250883e+01 1.949155744884634167e+00
-5.809190981787109109e+01 1.949092600273365283e+00
-5.911150175624999292e+01 1.948897860169704899e+00
-6.036094013743490194e+01 1.948741325208997344e+00
-6.136328080527344042e+01 1.948574177708580324e+00
-6.237245688219401529e+01 1.948231923302964574e+00
-6.336210321888019337e+01 1.948039305707246260e+00
-6.434254267802734262e+01 1.948141716715438454e+00
-6.535320673515626311e+01 1.948141716715437788e+00
-6.636345229785158040e+01 1.948160288659928741e+00
-6.736676945270181704e+01 1.948104572826456549e+00
-6.836339069661458723e+01 1.948105103453441789e+00
-6.938428461767577460e+01 1.948115715993151031e+00
-7.039420468470052583e+01 1.948125797905874812e+00
-7.138859395830077403e+01 1.948010121223046287e+00
-7.239963001048177205e+01 1.948091307151820217e+00
-7.340141268574218714e+01 1.947955466643544797e+00
-7.436804182858074341e+01 1.947914077738680083e+00
-7.538047286220704279e+01 1.947923098397432717e+00
-7.638332502324219320e+01 1.947918853381549020e+00
-7.737864428447265652e+01 1.948131104175729211e+00
-7.740393994801432598e+01 1.948436745319348518e+00
-7.654681684863281532e+01 1.948058938905708137e+00
-7.564472884733073954e+01 1.947879056357640026e+00
-7.470990528144530174e+01 1.948098735929616687e+00
-7.384380780143229117e+01 1.947960772913399641e+00
-7.290591527636719604e+01 1.948429847168537510e+00
-7.196769725563152065e+01 1.947851463754396661e+00
-7.101738939570314812e+01 1.947860484413149296e+00
-7.007903187682290991e+01 1.947913547111694399e+00
-6.911347221975911737e+01 1.948039305707245816e+00
-6.814967953919271793e+01 1.947694928793689106e+00
-6.719235027265624183e+01 1.947782482246288360e+00
-6.622883658837891119e+01 1.947892322032276358e+00
-6.525634852347005221e+01 1.948175676842507364e+00
-6.427549056988932819e+01 1.948157635525001430e+00
-6.333350609925129504e+01 1.947879056357640026e+00
-6.236938792301432954e+01 1.948012774357973598e+00
-6.139480738593749720e+01 1.948071143326373322e+00
-6.016931618623047484e+01 1.948060530786664080e+00
-5.918827223512369073e+01 1.948171431826623223e+00
-5.819583593554688150e+01 1.948023386897682618e+00
-5.719716871884766363e+01 1.947760726539884635e+00
-5.622147219661459872e+01 1.947926282159345268e+00
-5.522810590940756015e+01 1.947849871873440497e+00
-5.424734095458984484e+01 1.947687500015892414e+00
-5.322956249208984048e+01 1.947954405389574095e+00
-5.229222795960286163e+01 1.947859953786163834e+00
-5.129332824599610063e+01 1.948076980223213184e+00
-5.030572788209636315e+01 1.947815911746371587e+00
-4.930589818085937992e+01 1.947812727984459036e+00
-4.830299952044271095e+01 1.947804237952691642e+00
-4.730303032106120753e+01 1.948037183199304412e+00
-4.630194513652344313e+01 1.948133757310656300e+00
-4.530839285179035869e+01 1.947860484413149296e+00
-4.429582232001953912e+01 1.947935833445083365e+00
-4.306051975081381045e+01 1.948023917524668081e+00
-4.205497062565103761e+01 1.947965548556268578e+00
-4.107936710218099563e+01 1.948099797183587389e+00
-4.007846791516926999e+01 1.948073265834315171e+00
-3.908296265641276790e+01 1.948250495247455305e+00
-3.807211260175781575e+01 1.948190534398099416e+00
-3.706275052731120212e+01 1.948219188255313927e+00
-3.605045899182943003e+01 1.948018080627828219e+00
-3.504081792109375471e+01 1.947949099119719696e+00
-3.404480116914062648e+01 1.947759134658928248e+00
-3.277355457802733696e+01 1.948076980223213184e+00
-3.176200703264974123e+01 1.947716684500092388e+00
-3.080370127910156341e+01 1.947806891087618952e+00
-2.978959626774089031e+01 1.947960772913399641e+00
-2.878246616360677379e+01 1.947718807008033792e+00
-2.777068612132161718e+01 1.948026040032609929e+00
-2.676127754749349563e+01 1.947900812064043308e+00
-2.574205760416666777e+01 1.947974038588035972e+00
-2.448350534420573865e+01 1.948089184643878369e+00
-2.347098131181640923e+01 1.948199024429866588e+00
-2.246403720520833858e+01 1.948040366961216963e+00
-2.144179480208334354e+01 1.948427194033610421e+00
-2.046800475449219192e+01 1.948170901199637761e+00
-1.943539298929037429e+01 1.948377845723963775e+00
-1.817060981220703653e+01 1.948231923302964574e+00
-1.714739092207031490e+01 1.948212290104502920e+00
-1.613575037792969269e+01 1.948407030208163526e+00
-1.510541708242188008e+01 1.948889370137937505e+00
-1.410289041705729396e+01 1.949007699955693340e+00
-1.309259835498047053e+01 1.949189705011702856e+00
-1.207756335598958763e+01 1.949459263520311625e+00
-1.081557014179687748e+01 1.949725107640022159e+00
-9.822110855826828413e+00 1.950353369990795560e+00
-8.827721582226564223e+00 1.951045307579822863e+00
-7.815058051692709284e+00 1.951174780564272737e+00
-6.814112365299481056e+00 1.951752633351428345e+00
-5.557280582454428242e+00 1.952646209194927485e+00
-4.536200663867188787e+00 1.953747790816723118e+00
-3.524420621582032176e+00 1.955041459407251381e+00
-2.507386149186198843e+00 1.955787520948795155e+00
-1.510160413313802685e+00 1.957208540015831666e+00
-4.901034811197917396e-01 1.957960438454215080e+00
7.787251421549482577e-01 1.958704377487816117e+00
1.752561689127604572e+00 1.959855307419258841e+00
2.765829711621094145e+00 1.960500549833566808e+00
3.770076854101563679e+00 1.961098035819184293e+00
4.783019380924480757e+00 1.961785728392327899e+00
5.789358995572918332e+00 1.962174677972663206e+00
7.053351683170574482e+00 1.962708488720026567e+00
8.064759730403649129e+00 1.963296423419905956e+00
9.066774902571616224e+00 1.963803702817996211e+00
1.007251002526041894e+01 1.964310982216087131e+00
1.109186946673177410e+01 1.964816139106235982e+00
1.205384867141927430e+01 1.965466157163412664e+00
1.330677450621745095e+01 1.966245117578053980e+00
1.432697093655599296e+01 1.966965709024296238e+00
1.534135494420573309e+01 1.967445395819143350e+00
1.635439046979167088e+01 1.968107618296985883e+00
1.736300855413412236e+01 1.968594733869629909e+00
1.837446310074870226e+01 1.969321162212711362e+00
1.938210469807943426e+01 1.969831625372715056e+00
2.063940147473958930e+01 1.970152654698912542e+00
2.166150437972005705e+01 1.970605279517501973e+00
2.262618054853516014e+01 1.970888634327732536e+00
2.363149717679036854e+01 1.971160315344283376e+00
2.463546532298177638e+01 1.971002188502618768e+00
2.564464139990235125e+01 1.971190030455468367e+00
2.666586081663410823e+01 1.971160315344283154e+00
2.793859538795573627e+01 1.971591715083454766e+00
2.895311889374999836e+01 1.971576326900876142e+00
2.997787226347655931e+01 1.971897356227074072e+00
3.099653421422526378e+01 1.972129770846700936e+00
3.201975310436197475e+01 1.971680329790024722e+00
3.303078915654296566e+01 1.971754617567987866e+00
3.405014859801432436e+01 1.971862865473019699e+00
3.505597671946614469e+01 1.972046462409985601e+00
3.606757076422525188e+01 1.971800251488736055e+00
3.732375155572916725e+01 1.971976950274891394e+00
3.834190201328124203e+01 1.971707922393267864e+00
3.936428391455078213e+01 1.972134015862584633e+00
4.036299763063151858e+01 1.972147812164206648e+00
4.138254306962890894e+01 1.972207773013562537e+00
4.238493023684895888e+01 1.972022584195640249e+00
4.341084609111328518e+01 1.972193976711940522e+00
4.437896321416015866e+01 1.972118627680006675e+00
4.538930177561849177e+01 1.972173282259507943e+00
4.639717586985677400e+01 1.972034257989320416e+00
4.740942090595704173e+01 1.972223161196140273e+00
4.842882684680989769e+01 1.972420554434727968e+00
4.943525946022135997e+01 1.972245447529529017e+00
5.044657450869140547e+01 1.972195037965911446e+00
5.145886604417318466e+01 1.972128709592730234e+00
5.246804212109374532e+01 1.972123403322875390e+00
5.347884567636719311e+01 1.972138260878468108e+00
5.445426320231120343e+01 1.972077238775141517e+00
5.545572038190105246e+01 1.972134015862584633e+00
5.646498945758463606e+01 1.972360062958386839e+00
5.747230555924478779e+01 1.972319735307492827e+00
5.847971465966796956e+01 1.972353695434561294e+00
5.948982072421875955e+01 1.972071932505286895e+00
6.050141476897787385e+01 1.972266141981961596e+00
6.151170683105468839e+01 1.971872947385743036e+00
6.251637246796875047e+01 1.972037441751232523e+00
6.352257258447266963e+01 1.971907968766782648e+00
6.454909293069661658e+01 1.971875069893684884e+00
6.551428059270834581e+01 1.971768413869608993e+00
6.651090183662108757e+01 1.972193446084955060e+00
6.752254238076173465e+01 1.972132423981628024e+00
6.852799850716145613e+01 1.972368022363168327e+00
6.954140602779948210e+01 1.972183364172231723e+00
7.055313957070313791e+01 1.972025767957552578e+00
7.156119966246745889e+01 1.972106953886326508e+00
7.257353769733072113e+01 1.972057074949693956e+00
7.357638985836589995e+01 1.971862334846033793e+00
7.457496407630208068e+01 1.972181241664289875e+00
7.559822946582032444e+01 1.971954133314516744e+00
7.655983667545572757e+01 1.972028951719465129e+00
7.755896888597006011e+01 1.971807680266532747e+00
7.856526200123698800e+01 1.971983317798716717e+00
7.957239210537110807e+01 1.971994991592396662e+00
8.059268153447266059e+01 1.971842701647572360e+00
