# User			Meike Reginka
# Sample		2020_0446_1
# State			after FC
# Profile		mere_beads_forc.txt
# Comment
# ML
# 
# Meas. type 		FORC
# angle (deg)		 0.000
# Hmin (kA/m)		-80.000
# Hmax (kA/m)		80.000
# pts./branch		161
# time/pt. (s)		 0.020
# dt (s)		 0.020
# nCycles		5
# Hstop (kA/m)		 0.000
# wait (s)		60.000
# nSched		5
# nMinorLoops		10
# nX			2
# nY			2
# dx (mm)		 0.250
# dy (mm)		 0.250
# avg. raster		no average raster
# Number			30
# ID			310344
# -----------------------------------------------
# H (kA/m) 	 I (arb.u.)
8.159158124807943580e+01 1.970982555304156891e+00
8.071822986455077853e+01 1.970748018176588179e+00
7.980009957662760200e+01 1.970787815200496729e+00
7.884309580576172038e+01 1.970656750335090468e+00
7.786595780270181422e+01 1.971119987693388698e+00
7.687728795302734852e+01 1.971008025399458852e+00
7.588992008603513284e+01 1.971068516875800203e+00
7.491645553411460412e+01 1.970922063827815540e+00
7.390625647080078409e+01 1.970923125081786909e+00
7.290107934069011719e+01 1.970942227653262879e+00
7.188460286087239126e+01 1.971149172177588671e+00
7.088091371097006288e+01 1.971069578129770905e+00
6.987610857591145930e+01 1.971246276915926021e+00
6.885372667464191920e+01 1.971280237042994488e+00
6.784073764843751064e+01 1.971035087375716532e+00
6.683490952698568321e+01 1.971197989860250077e+00
6.582996489378254523e+01 1.971105660764781664e+00
6.486621871259767147e+01 1.970917818811932065e+00
6.383374644554037758e+01 1.970734752501951847e+00
6.283545122389323723e+01 1.970773488271889695e+00
6.182753063027344353e+01 1.970668424128770413e+00
6.080821768818359629e+01 1.970738466890850082e+00
5.980750449869791652e+01 1.970825489716463652e+00
5.879009803125000388e+01 1.970770835136962162e+00
5.777948047350260197e+01 1.970885450565819985e+00
5.677072289101562319e+01 1.970595197604778193e+00
5.575936134316407333e+01 1.970370211762947354e+00
5.475976413883464033e+01 1.970501807255339077e+00
5.378988003929037376e+01 1.970650913438250385e+00
5.277693751246745535e+01 1.970571319390433063e+00
5.176390198688151401e+01 1.970650913438250385e+00
5.075365642418620382e+01 1.970565482493593201e+00
4.974708431263022135e+01 1.970775080152845860e+00
4.874362765963542188e+01 1.970727854351140840e+00
4.771650282145182587e+01 1.970625973969934108e+00
4.670635025751953862e+01 1.970272045770638414e+00
4.570470708040365082e+01 1.970695486105028538e+00
4.469083456595052439e+01 1.970410008786855904e+00
4.369686378678385807e+01 1.970415845683696210e+00
4.271433185546875677e+01 1.970573441898374911e+00
4.169129896285807035e+01 1.970493317223571239e+00
4.069095776842448231e+01 1.970640831525527048e+00
3.966769237890625277e+01 1.970866878621328810e+00
3.866539821044922576e+01 1.970858919216547100e+00
3.740038253645833777e+01 1.970832387867274882e+00
3.639222944593099385e+01 1.970815407803740316e+00
3.537486947786458558e+01 1.970798958367191211e+00
3.436188045166016281e+01 1.970826550970434798e+00
3.335809830299479017e+01 1.970749079430558881e+00
3.238951618613280203e+01 1.970806387144987459e+00
3.134876702916666957e+01 1.970757569462326275e+00
3.034740284833985413e+01 1.970728915605111542e+00
2.933506481347656347e+01 1.970605810144487435e+00
2.807288560175781811e+01 1.970622259581036317e+00
2.705603712688802176e+01 1.970379763048685451e+00
2.603370172500000379e+01 1.970476337160037339e+00
2.502234017714844327e+01 1.970367558628020266e+00
2.400725867877604713e+01 1.970579278795214551e+00
2.297845986285807740e+01 1.970656219708105006e+00
2.199364946184896397e+01 1.970501276628353615e+00
2.071798542949218813e+01 1.970970350883491706e+00
1.970364792122396125e+01 1.970817530311682164e+00
1.868745043769531478e+01 1.970607932652429062e+00
1.767250843746745304e+01 1.970707690525693723e+00
1.666058889703776558e+01 1.970558584342781971e+00
1.564095045927734873e+01 1.970713527422533806e+00
1.463237887431641049e+01 1.970841408526027072e+00
1.336982766754557872e+01 1.970801611502118522e+00
1.235600165247396198e+01 1.971116273304490463e+00
1.138681504365234609e+01 1.970826020343449336e+00
1.037842945621745017e+01 1.970909859407150355e+00
9.368090894759117049e+00 1.970963983359666161e+00
8.362216273925783483e+00 1.970852021065736315e+00
7.111289912532554602e+00 1.970955493327899211e+00
6.095650421582032408e+00 1.970887042446776150e+00
5.080987417643230586e+00 1.971065333113887208e+00
4.077623763411459379e+00 1.971116803931476369e+00
3.066913206901042521e+00 1.971374688646404749e+00
2.068989980305989906e+00 1.971216031177755346e+00
8.401508251302086672e-01 1.971175703526861334e+00
-1.761861565429687637e-01 1.970912512542077666e+00
-1.188663689550781610e+00 1.970934268248480947e+00
-2.188353892643229770e+00 1.970654097200163157e+00
-3.196832478841146852e+00 1.970993167843866134e+00
-4.205636560709636207e+00 1.971013331669313251e+00
-5.471675221093751595e+00 1.970678506041493749e+00
-6.475410870377605654e+00 1.970775080152845860e+00
-7.480123006673178310e+00 1.970523032334756897e+00
-8.489903575553388038e+00 1.970647729676337834e+00
-9.500381635156252003e+00 1.970885450565819541e+00
-1.070890056061198159e+01 1.970580870676171159e+00
-1.172016910970052272e+01 1.970769773882991460e+00
-1.273278614085286620e+01 1.970507644152179161e+00
-1.374517067509765766e+01 1.970163267238621563e+00
-1.474100142952474357e+01 1.970159022222737866e+00
-1.574748054231771199e+01 1.969499983506808327e+00
-1.676828146461589242e+01 1.969366796133460218e+00
-1.801213992001953557e+01 1.968652041584058487e+00
-1.902029301054687949e+01 1.967750506335777860e+00
-2.003091056829427430e+01 1.967164163516854636e+00
-2.099326176803386090e+01 1.966327895387784741e+00
-2.200494881155599458e+01 1.965386563115595342e+00
-2.300794047073568649e+01 1.964805526566527183e+00
-2.427277014720052151e+01 1.963530960547474891e+00
-2.527883076555989916e+01 1.962718040005764664e+00
-2.629660922805989642e+01 1.961828178551164203e+00
-2.730550630869140605e+01 1.960607736484627939e+00
-2.832156429407551812e+01 1.960082415769031527e+00
-2.932678792356770714e+01 1.959289659052768418e+00
-3.034298540709636072e+01 1.958338244867855682e+00
-3.133016727656250566e+01 1.957806026001448929e+00
-3.259406696539713266e+01 1.957052005055123889e+00
-3.361858783821613628e+01 1.956482642299735453e+00
-3.464701465908203204e+01 1.956054426322477058e+00
-3.566744358632812606e+01 1.955777969663056837e+00
-3.667596867190754750e+01 1.955277588415777146e+00
-3.768937619254557347e+01 1.954936395264132543e+00
-3.869250734986979268e+01 1.954168578016185043e+00
-3.970084643792318957e+01 1.953558356982917132e+00
-4.071123149876301994e+01 1.953502110522459478e+00
-4.172087256949869527e+01 1.953133324767571288e+00
-4.292915899804687996e+01 1.952499756146943044e+00
-4.394958792529297398e+01 1.952121949733302220e+00
-4.494834814075521479e+01 1.951413562707726035e+00
-4.595510624983724313e+01 1.951311151699533841e+00
-4.695716792138671991e+01 1.950694032515454701e+00
-4.797113343460287638e+01 1.950619744737491779e+00
-4.899295734329427887e+01 1.950002625553412861e+00
-4.999241504947917036e+01 1.949695923155822186e+00
-5.099210525257161919e+01 1.949230563289582108e+00
-5.200193232083333328e+01 1.949089947138438195e+00
-5.201862559879558745e+01 1.948843736217189093e+00
-5.114931966145833542e+01 1.948855410010869038e+00
-5.021789055042318495e+01 1.948828878661596598e+00
-4.928892590660807826e+01 1.948516869994151524e+00
-4.835145187597656502e+01 1.948836307439392401e+00
-4.739519209521485266e+01 1.948895207034777588e+00
-4.644627921673176729e+01 1.949033700677980541e+00
-4.550201627639974333e+01 1.949218889495902829e+00
-4.453850259212239848e+01 1.949366934424843212e+00
-4.358307980022786410e+01 1.949191296892659242e+00
-4.237065492672526545e+01 1.948925452772948264e+00
-4.143304139794922492e+01 1.948602300938809151e+00
-4.047389865553386556e+01 1.948790142891658306e+00
-3.949508667473958212e+01 1.948730182042302417e+00
-3.853022450839844737e+01 1.948836838066378085e+00
-3.754383312841796538e+01 1.948937126566628653e+00
-3.655348930100911531e+01 1.949066068924092621e+00
-3.556932989134114820e+01 1.949144071090954000e+00
-3.458689095878906272e+01 1.949285217869084041e+00
-3.360580050830078847e+01 1.949331382416818137e+00
-3.237584536796875057e+01 1.949598287790499374e+00
-3.138196758756510718e+01 1.949380730726464783e+00
-3.043119473382162354e+01 1.949557960139605584e+00
-2.943280651341146026e+01 1.949598287790499818e+00
-2.844232318785807578e+01 1.949763843409960451e+00
-2.745374633694661526e+01 1.950291817260483729e+00
-2.645521861839192823e+01 1.950338512435203286e+00
-2.545292444993489767e+01 1.949969726680314652e+00
-2.421497141598307579e+01 1.950203733180898569e+00
-2.321095677041016003e+01 1.950330022403435670e+00
-2.219685175904947982e+01 1.950352839363810098e+00
-2.119055864378255549e+01 1.950245652712749411e+00
-2.022323201022135919e+01 1.950405371435369517e+00
-1.920694152792968978e+01 1.950664317404269488e+00
-1.795606166591797503e+01 1.950969427920903776e+00
-1.695274451106771352e+01 1.950970489174874478e+00
-1.592320170504557808e+01 1.951192291254792766e+00
-1.492597596917318015e+01 1.951515443088932322e+00
-1.391387043121745037e+01 1.951970721042448620e+00
-1.290771681409505689e+01 1.952250361463781392e+00
-1.191137456647135906e+01 1.952713598822079621e+00
-1.064273194072266016e+01 1.953433129014350733e+00
-9.676242296028647161e+00 1.953763178999301076e+00
-8.674180624479168600e+00 1.954320337334024105e+00
-7.666632025911460424e+00 1.954934803383175712e+00
-6.664523854980470396e+00 1.955228770733115740e+00
-5.425361837109376140e+00 1.956034262497029719e+00
-4.398841490885417649e+00 1.956651381681108637e+00
-3.397105315006511361e+00 1.957431403349720656e+00
-2.387557243033854970e+00 1.957976357263778500e+00
-1.386286060970052247e+00 1.958617885289188010e+00
-3.653921399088542188e-01 1.959411703259422488e+00
8.834417493164065105e-01 1.959758733307906731e+00
1.872669591569010805e+00 1.960441650238181843e+00
2.871894800846354290e+00 1.960739331977019662e+00
3.875490951985678389e+00 1.960844926747124184e+00
4.878296613639324875e+00 1.961568171328293309e+00
5.889100168912762001e+00 1.962082879504180255e+00
7.148814913411460026e+00 1.962525953037031590e+00
8.151155581250002058e+00 1.962930821426930095e+00
9.148334817740888525e+00 1.963200910562524770e+00
1.015927787115885650e+01 1.963649290365230060e+00
1.117598684788411667e+01 1.964115180858455822e+00
1.213959353092448268e+01 1.964595398280288840e+00
1.338717193684896145e+01 1.965331908536093852e+00
1.439420904222005504e+01 1.966387325610154946e+00
1.540645407832031744e+01 1.966961464008412541e+00
1.642655750989583652e+01 1.967978675939521471e+00
1.743303662268880316e+01 1.968370278654784089e+00
1.843421480598958695e+01 1.969103605148676550e+00
1.944269339218750758e+01 1.969351938577867500e+00
2.069617721956380763e+01 1.970031671746230062e+00
2.170986373649088819e+01 1.970434948255171737e+00
2.267835285458984984e+01 1.970378171167728842e+00
2.368218150263672328e+01 1.970353231699412566e+00
2.468721913460286999e+01 1.970641362152512732e+00
2.568579335253906493e+01 1.971036679256673141e+00
2.670082835152994960e+01 1.970928961978626992e+00
2.797328392656250529e+01 1.970939574518335791e+00
2.899069039401042147e+01 1.970874307399124836e+00
3.000316792701822877e+01 1.970865817367357664e+00
3.101838892353515220e+01 1.970894471224572175e+00
3.203384241695962942e+01 1.971238317511144089e+00
3.303097515406900442e+01 1.971083374431392699e+00
3.404308069202473774e+01 1.971314197170063842e+00
3.507448347330729632e+01 1.971390076828983373e+00
3.611616261790364746e+01 1.971534937996010761e+00
3.736048606712239462e+01 1.971420853194139289e+00
3.838695991396484430e+01 1.971071170010727291e+00
3.938404615169270784e+01 1.971329585352641578e+00
4.040414958326823580e+01 1.971061088098003955e+00
4.141253517070312995e+01 1.971165090987152313e+00
4.241403884967448334e+01 1.971269093876300449e+00
4.344093119095052202e+01 1.971121579574345306e+00
4.440593285543620539e+01 1.971009617280415016e+00
4.541199347379557594e+01 1.970996882232764369e+00
4.641479913544922198e+01 1.971071170010727513e+00
4.741862778349610608e+01 1.970935860129437334e+00
4.844147467858073242e+01 1.971058434963076422e+00
4.945688167262370172e+01 1.970662587231930551e+00
5.045619988066406592e+01 1.970684342938333833e+00
5.146300448912761993e+01 1.970933206994510245e+00
5.247338954996745741e+01 1.971000596621662382e+00
5.347986866276042406e+01 1.971174111645904503e+00
5.446337708108724485e+01 1.971538652384909218e+00
5.546027732128907672e+01 1.971216561804740808e+00
5.646210649593099618e+01 1.971118926439417995e+00
5.746946909697265937e+01 1.971155009074428310e+00
5.846981029140626163e+01 1.971103538256839816e+00
5.948907673411459029e+01 1.971105130137796424e+00
6.049495135494792208e+01 1.971020760447109943e+00
6.149966349124349563e+01 1.971028189224905747e+00
6.250209715784504994e+01 1.970854143573678163e+00
6.351629516796874952e+01 1.970873776772140040e+00
6.452974918798825854e+01 1.970653566573177917e+00
6.548628796503908234e+01 1.971005902891517003e+00
6.648946562174479880e+01 1.971096640106029030e+00
6.750910405950521920e+01 1.971022882955051791e+00
6.849614643082682619e+01 1.971182071050686435e+00
6.950230004794921967e+01 1.971201173622162628e+00
7.052151999127605109e+01 1.971297217106529276e+00
7.152251217705078545e+01 1.971122640828316008e+00
7.252248137643229597e+01 1.971201704249148312e+00
7.352514753994141472e+01 1.971030842359833279e+00
7.453181265026042013e+01 1.970941166399291733e+00
7.554266270491537227e+01 1.970902961256339569e+00
7.650603689104816851e+01 1.970959207716797001e+00
7.751679394694011194e+01 1.971324279082787179e+00
7.851136921806642022e+01 1.970967167121579156e+00
7.952008030117188753e+01 1.971129538979126794e+00
8.052967487252604428e+01 1.971260603844533055e+00
