# User			Meike Reginka
# Sample		2020_0446_1
# State			after FC
# Profile		mere_beads_forc.txt
# Comment
# ML
# 
# Meas. type 		FORC
# angle (deg)		 0.000
# Hmin (kA/m)		-80.000
# Hmax (kA/m)		80.000
# pts./branch		161
# time/pt. (s)		 0.020
# dt (s)		 0.020
# nCycles		5
# Hstop (kA/m)		 0.000
# wait (s)		60.000
# nSched		5
# nMinorLoops		10
# nX			2
# nY			2
# dx (mm)		 0.250
# dy (mm)		 0.250
# avg. raster		no average raster
# Number			3
# ID			310317
# -----------------------------------------------
# H (kA/m) 	 I (arb.u.)
8.167667511624350141e+01 1.973038734872777811e+00
8.079272187373047132e+01 1.973025999825127164e+00
7.987873003076173006e+01 1.972822769689699163e+00
7.893590857125653315e+01 1.972909792515313399e+00
7.795072617519531377e+01 1.973458460818269034e+00
7.696098683974611276e+01 1.972935793237600155e+00
7.596836454264321503e+01 1.973265312595565035e+00
7.501503422291668244e+01 1.973180942904878554e+00
7.398656090266926810e+01 1.973115145158682582e+00
7.298170926822916726e+01 1.972988855936145258e+00
7.197044071914062613e+01 1.973002121610781590e+00
7.097391247399089309e+01 1.973267435103506884e+00
6.995525052324218507e+01 1.973056245563297395e+00
6.893319411764323945e+01 1.972880077404127963e+00
6.793029545722656337e+01 1.972969222737683381e+00
6.691809692050780711e+01 1.972966569602756515e+00
6.591105981513672418e+01 1.972848770411986585e+00
6.494601165126952935e+01 1.972958610197974583e+00
6.390907544358723413e+01 1.972964447094814666e+00
6.291696463968099096e+01 1.973318905921095823e+00
6.190090665429687533e+01 1.973188371682674802e+00
6.089382304954428093e+01 1.973085960674483053e+00
5.988078752395833249e+01 1.973276455762259518e+00
5.885775463134766028e+01 1.973272741373361505e+00
5.785657644804687294e+01 1.973169269111198609e+00
5.684605188906249396e+01 1.973126818952362527e+00
5.582520446738281095e+01 1.973212249897019932e+00
5.483025720120443225e+01 1.973038734872777811e+00
5.385874562330729987e+01 1.973421847556273256e+00
5.284110665895182279e+01 1.973034489856894114e+00
5.182862912594401195e+01 1.973221801182758472e+00
5.082015053974609486e+01 1.972822239062713923e+00
4.980948648261719569e+01 1.973036612364835962e+00
4.880347236363932950e+01 1.973330049087789861e+00
4.777188358483073216e+01 1.972989917190116405e+00
4.676944991822917075e+01 1.972948528285251246e+00
4.576459828378906991e+01 1.972733624356143967e+00
4.475053977180989762e+01 1.973020162928287080e+00
4.374499064664713899e+01 1.972851423546913452e+00
4.275938975615235194e+01 1.973039796126748957e+00
4.174802820830078076e+01 1.973232944349452511e+00
4.073178422539062637e+01 1.973212780524005616e+00
3.971930669238281553e+01 1.973048286158515907e+00
3.872231345341796782e+01 1.972927303205833205e+00
3.744855589570313015e+01 1.972900771856560542e+00
3.642956844928385607e+01 1.972947467031280100e+00
3.541899739091797272e+01 1.973317844667124676e+00
3.440689185296223940e+01 1.972964977721800128e+00
3.339664629026692921e+01 1.973193147325543739e+00
3.242429772350259753e+01 1.973195800460470828e+00
3.140131133027344035e+01 1.973147513404795106e+00
3.038688082324219053e+01 1.972896526840676845e+00
2.937621676611328425e+01 1.972914037531196874e+00
2.810822513170573700e+01 1.972842933515146058e+00
2.708877269147135536e+01 1.972837627245292103e+00
2.606569329947917169e+01 1.973095511960221149e+00
2.505605222874348925e+01 1.972979304650407162e+00
2.404673665367838709e+01 1.972766523229241731e+00
2.303667708850912277e+01 1.972932609475687826e+00
2.206679298896484909e+01 1.973087552555438995e+00
2.076290383203125600e+01 1.972850362292942750e+00
1.974205641035156944e+01 1.973098165095148238e+00
1.872664941630860014e+01 1.973144860269867795e+00
1.771212591051432739e+01 1.973044041142631988e+00
1.669420794986979573e+01 1.972999999102840185e+00
1.567164005107422398e+01 1.972993100952029399e+00
1.465511707187500434e+01 1.973055714936311933e+00
1.340353971914062825e+01 1.973297680841677337e+00
1.238445927395833479e+01 1.973263190087623631e+00
1.140853025481771077e+01 1.973053061801384844e+00
1.040251613583984636e+01 1.973226576825626966e+00
9.388783119531252552e+00 1.973365601095815158e+00
8.381885512304689811e+00 1.973536462985130191e+00
7.127239200390626195e+00 1.973106124499929948e+00
6.109693234798178274e+00 1.973183596039805865e+00
5.099726668391928897e+00 1.973057837444254226e+00
4.094828534570313927e+00 1.972902894364501947e+00
3.081839508365886271e+00 1.973217556166874775e+00
2.072988927115886337e+00 1.973042449261676046e+00
8.394533344075523207e-01 1.973318905921095823e+00
-1.804176002604166718e-01 1.972998937848869039e+00
-1.183920752636719032e+00 1.972899710602589840e+00
-2.196444785026042013e+00 1.973002121610781590e+00
-3.199157447916667341e+00 1.973037142991821202e+00
-4.216749912890626284e+00 1.973057306817268541e+00
-5.479673114713541793e+00 1.973093920079264763e+00
-6.486849718229168005e+00 1.972827014705583082e+00
-7.493840324218751014e+00 1.973108777634857480e+00
-8.498505961132815756e+00 1.973299803349619630e+00
-9.508937521354168254e+00 1.973125227071405918e+00
-1.072801180641276453e+01 1.972769706991154282e+00
-1.173449091920573295e+01 1.972554803062047002e+00
-1.275101389840495081e+01 1.972734685610114669e+00
-1.376209644996745141e+01 1.972458759577680354e+00
-1.476299563697916994e+01 1.972148342791191666e+00
-1.577868162731120094e+01 1.971780618290274623e+00
-1.679422811949870820e+01 1.971377341781332282e+00
-1.805501234977214153e+01 1.970532583620494993e+00
-1.905902699534505729e+01 1.969958975849223082e+00
-2.006801707473958629e+01 1.969191689228261710e+00
-2.102488134746094062e+01 1.968536364901229962e+00
-2.204177632171224488e+01 1.967587073224258631e+00
-2.304341949882812912e+01 1.966748151960261204e+00
-2.430518021611328550e+01 1.965749511973643227e+00
-2.532161019654948220e+01 1.964597520788230245e+00
-2.634203912379557266e+01 1.963777702095709232e+00
-2.735930609309895800e+01 1.963018374879529793e+00
-2.836927265950521004e+01 1.962274435845928089e+00
-2.938742311705729193e+01 1.961652010391994327e+00
-3.039650619521484742e+01 1.960893744429785590e+00
-3.138805900654297432e+01 1.960283523396517458e+00
-3.267041894983724148e+01 1.959393131314931313e+00
-3.369982225771484963e+01 1.958709153130685499e+00
-3.469290954863281229e+01 1.958129708462573504e+00
-3.571264098515625562e+01 1.957527977461072766e+00
-3.672539751445312106e+01 1.957145926031548244e+00
-3.774140900045573233e+01 1.956559583212625686e+00
-3.874579564108073271e+01 1.956033731870044257e+00
-3.976431809368490633e+01 1.955732335742308425e+00
-4.076772824729818012e+01 1.955157136090079906e+00
-4.177271937988281536e+01 1.954874311906834583e+00
-4.300239552392578446e+01 1.954180251809865432e+00
-4.400850264166666648e+01 1.953703748776930427e+00
-4.502079417714844567e+01 1.953563132625786070e+00
-4.602164686477864564e+01 1.953050016330855287e+00
-4.703710035820312640e+01 1.952592085242411457e+00
-4.804627643512369417e+01 1.952101255280869641e+00
-4.905926546132813115e+01 1.951887943232718747e+00
-5.006049014401042996e+01 1.951567975160491741e+00
-5.107998908362631596e+01 1.951350418096457151e+00
-5.207707532135417949e+01 1.951261272762901289e+00
-5.304719191780599630e+01 1.950774157190258151e+00
-5.405859996503906473e+01 1.950527415642023588e+00
-5.506247511246743898e+01 1.950262102149298293e+00
-5.606821023515625768e+01 1.950139527315659427e+00
-5.707255037639973949e+01 1.949634901052495595e+00
-5.807372855970052683e+01 1.949878989465802848e+00
-5.909513397395833323e+01 1.949663024282724422e+00
-6.034657182854819268e+01 1.949467753552079019e+00
-6.134947048896484745e+01 1.949269299059520399e+00
-6.235962305289713470e+01 1.949076681463801863e+00
-6.334857189886066919e+01 1.949046435725631188e+00
-6.433449828502602941e+01 1.949098437170205145e+00
-6.534097739781900316e+01 1.948601239684838227e+00
-6.634689851803386773e+01 1.948702058812073590e+00
-6.734965768030598099e+01 1.948725406399433702e+00
-6.835585779680990015e+01 1.948962596661930169e+00
-6.937038130260417290e+01 1.948623526018226970e+00
-7.037788340179035629e+01 1.948504665573486339e+00
-7.138250253932291400e+01 1.948779530351949507e+00
-7.238293673251952498e+01 1.948720630756564764e+00
-7.338583539293618685e+01 1.948427194033610421e+00
-7.434893058277995692e+01 1.948465399176563029e+00
-7.536563955950519755e+01 1.948710548843840984e+00
-7.636514376507162183e+01 1.948229270168037708e+00
-7.737046039332682312e+01 1.948391111398599662e+00
-7.836763962981770248e+01 1.948892023272865037e+00
-7.937109628281250195e+01 1.948541809462468244e+00
-7.939220700201822467e+01 1.948373070081094616e+00
-7.853503740325521676e+01 1.948546585105336737e+00
-7.763718084567058497e+01 1.948587974010201895e+00
-7.672574646868488912e+01 1.948530666295773317e+00
-7.579813030693358655e+01 1.948812959852032733e+00
-7.485619233567709330e+01 1.948550299494234750e+00
-7.396707766181640409e+01 1.948633607930950751e+00
-7.302862714417318557e+01 1.948199555056852050e+00
-7.207055388753256864e+01 1.948350783747705650e+00
-7.112601195091144746e+01 1.948318946128578588e+00
-7.017323962376302404e+01 1.948612913478518172e+00
-6.920423901246745402e+01 1.948360335033443524e+00
-6.823802836406251515e+01 1.948491930525835691e+00
-6.726902775276691671e+01 1.948263760922091636e+00
-6.630718804622397045e+01 1.948496175541718944e+00
-6.532758557594399917e+01 1.948420826509785320e+00
-6.434258917740883987e+01 1.948359273779473044e+00
-6.339437378964843361e+01 1.948565157049827690e+00
-6.242393169752604365e+01 1.948445235351115912e+00
-6.143693582558593391e+01 1.948445765978101152e+00
-6.020884066051433336e+01 1.948497236795690091e+00
-5.922705271930338000e+01 1.948456909144795635e+00
-5.823452342096354784e+01 1.948670751819932212e+00
-5.723641419684245335e+01 1.948539156327540489e+00
-5.625741621852213825e+01 1.948634669184921897e+00
-5.525893499934895914e+01 1.948847450606087328e+00
-5.426873067008464346e+01 1.949028394408125697e+00
-5.327280691689452397e+01 1.948364049422341537e+00
-5.231780261943359278e+01 1.948406499581177842e+00
-5.131569444850261164e+01 1.948553483256147523e+00
-5.032325814892578819e+01 1.948564626422842228e+00
-4.933137984192708814e+01 1.948283924747538753e+00
-4.833052715429687396e+01 1.948348130612778339e+00
-4.732065358665366261e+01 1.948557728272031220e+00
-4.632798479016927473e+01 1.948613974732488874e+00
-4.532308665634765532e+01 1.948408622089119469e+00
-4.432135048046875170e+01 1.948450010993984849e+00
-4.307307458382162224e+01 1.948725937026419164e+00
-4.206510749082030998e+01 1.948431439049493896e+00
-4.109224743085938059e+01 1.948581606486376572e+00
-4.008869777910156529e+01 1.948520584383049759e+00
-3.909170454013671048e+01 1.948367233184254976e+00
-3.808308645579427321e+01 1.948501481811573788e+00
-3.706470350133463398e+01 1.948584790248289345e+00
-3.606292082607421889e+01 1.948547115732322643e+00
-3.505551172565103712e+01 1.948676058089786611e+00
-3.404707963883463862e+01 1.948416050866915938e+00
-3.278499342587890908e+01 1.948655894264339494e+00
-3.176484349492187320e+01 1.948578953351449261e+00
-3.080137631002604337e+01 1.948389519517643054e+00
-2.979889614404297760e+01 1.948817204867916875e+00
-2.878665110794270987e+01 1.948630954796023218e+00
-2.777226710029297152e+01 1.948614505359474336e+00
-2.676704347080078250e+01 1.948488746763922919e+00
-2.574731203427734272e+01 1.948394825787497897e+00
-2.449336321308594222e+01 1.948351845001676352e+00
-2.347307378398437905e+01 1.948617689121387109e+00
-2.246431620149740027e+01 1.948552422002176598e+00
-2.144644474023438363e+01 1.948720630756564320e+00
-2.046595878170573357e+01 1.948810837344091329e+00
-1.944218189899089211e+01 1.949056517638354524e+00
-1.818167666500651691e+01 1.949006638701722416e+00
-1.714748392083333428e+01 1.948976392963551518e+00
-1.614063281298828656e+01 1.949250196488043985e+00
-1.511132250387370313e+01 1.949324484266007351e+00
-1.410368090654297113e+01 1.949528245028420148e+00
-1.309185436487630483e+01 1.949508081202972809e+00
-1.208272478733724142e+01 1.949584491488877802e+00
-1.081533764488932547e+01 1.950151731736324168e+00
-9.832666215429689771e+00 1.950176671204640888e+00
-8.830697542643232367e+00 1.950780524714083031e+00
-7.814174563444012733e+00 1.951266048405770448e+00
-6.816716330664064571e+00 1.952166522400079929e+00
-5.564534485970053623e+00 1.953152957966032943e+00
-4.537409647786460276e+00 1.954291683476809816e+00
-3.529954047981771481e+00 1.955078072669247824e+00
-2.521242964876302395e+00 1.956425865212292114e+00
-1.511369397233073286e+00 1.957280174658867500e+00
-4.928469446289063249e-01 1.958257589566067214e+00
7.817011025716147365e-01 1.959308230997259148e+00
1.739774359212240107e+00 1.960336586095062561e+00
2.755832344596354844e+00 1.960794517183506391e+00
3.764450428938803217e+00 1.961434453327959737e+00
4.771580533072917518e+00 1.962233577568048393e+00
5.788196511035156533e+00 1.962547178116449631e+00
7.035077426236981069e+00 1.963050743125642317e+00
8.058017320084639223e+00 1.963866316802279632e+00
9.057847021321617120e+00 1.964211224342822693e+00
1.006441913287760670e+01 1.965033165543285110e+00
1.108615004280599159e+01 1.965546281838215892e+00
1.204617627347005282e+01 1.966350712348158725e+00
1.330705350250651442e+01 1.967392333120598469e+00
1.431464860045573495e+01 1.968092230114407704e+00
1.532526615820312976e+01 1.968618612083974817e+00
1.634095214853516254e+01 1.969326999109551668e+00
1.735138370875651503e+01 1.969602925141985983e+00
1.836144327392578646e+01 1.970110204540076682e+00
1.936745739290364909e+01 1.970572380644403765e+00
2.062433567513021515e+01 1.971181009796715733e+00
2.164695007330729482e+01 1.971630450853392169e+00
2.260130337942708323e+01 1.971476569027611481e+00
2.361322291985677779e+01 1.971656451575679370e+00
2.462411947389323430e+01 1.971909560647739257e+00
2.564092144938151208e+01 1.972234834989820218e+00
2.665009752630207984e+01 1.972321327188448770e+00
2.793036499742838785e+01 1.972865750475520930e+00
2.894479550445963767e+01 1.972518189800050781e+00
2.995931901025391042e+01 1.972398798728324243e+00
3.098165441214192839e+01 1.972632274601922475e+00
3.200724477073568153e+01 1.972334062236099417e+00
3.301363088476562524e+01 1.972599375728824711e+00
3.403294382685546537e+01 1.972942691388411163e+00
3.504318938955078266e+01 1.972956487690032734e+00
3.604892451223958716e+01 1.972686398554438503e+00
3.730747677220051628e+01 1.972515006038138230e+00
3.832246527180989659e+01 1.972823830943670309e+00
3.934600965761718783e+01 1.972868934237433480e+00
4.034546736380208642e+01 1.972585048800217455e+00
4.136180434547526374e+01 1.972912445650240487e+00
4.237242190322265856e+01 1.972739991879969068e+00
4.339261833356120235e+01 1.973072694999846277e+00
4.435901497949219419e+01 1.972811626523005124e+00
4.537479396858724812e+01 1.972874771134273564e+00
4.637899461168620263e+01 1.973003182864752292e+00
4.738552022386068074e+01 1.972821177808743220e+00
4.841566752184245104e+01 1.972823830943670309e+00
4.941735719833985030e+01 1.972707093006871082e+00
5.042397580927734424e+01 1.973025469198141257e+00
5.143561635341796290e+01 1.973232413722467271e+00
5.244260695940754857e+01 1.973120451428536981e+00
5.345396850725911975e+01 1.972839749753233507e+00
5.444319634951172304e+01 1.972734685610114447e+00
5.543837611259766618e+01 1.972994692832985564e+00
5.644262325507813216e+01 1.973186779801718416e+00
5.744770738642578323e+01 1.972927833832818667e+00
5.845116403942057559e+01 1.973007958507621673e+00
5.947596390852864090e+01 1.973111430769784569e+00
6.048253602008465180e+01 1.972771298872110890e+00
6.149622253701171815e+01 1.973003713491738198e+00
6.249870270299479103e+01 1.972946405777309398e+00
6.350546081207683358e+01 1.972754318808576102e+00
6.452398326468099299e+01 1.972542598641381595e+00
6.548819443968099563e+01 1.972850892919927990e+00
6.649309257350260793e+01 1.972754849435561786e+00
6.750645359475912244e+01 1.972822239062713923e+00
6.851311870507811363e+01 1.972713991157682090e+00
6.951397139270834202e+01 1.972862036086622473e+00
7.052119449560545661e+01 1.972530924847701872e+00
7.153864746243490913e+01 1.972984080293276321e+00
7.254712604863281911e+01 1.972835504737350254e+00
7.354909472141928006e+01 1.972847178531030199e+00
7.455287687008463138e+01 1.972836565991320956e+00
7.556605189381511423e+01 1.973100287603090086e+00
7.653063506386718018e+01 1.973101879484046250e+00
7.754385658697917449e+01 1.972758033197474337e+00
7.854331429316405888e+01 1.973164493468329228e+00
7.955397835029297937e+01 1.972889628689866059e+00
8.056417741360677098e+01 1.972933140102673066e+00
