# User			Meike Reginka
# Sample		2020_0446_1
# State			after FC
# Profile		mere_beads_forc.txt
# Comment
# ML
# 
# Meas. type 		FORC
# angle (deg)		 0.000
# Hmin (kA/m)		-80.000
# Hmax (kA/m)		80.000
# pts./branch		161
# time/pt. (s)		 0.020
# dt (s)		 0.020
# nCycles		5
# Hstop (kA/m)		 0.000
# wait (s)		60.000
# nSched		5
# nMinorLoops		10
# nX			2
# nY			2
# dx (mm)		 0.250
# dy (mm)		 0.250
# avg. raster		no average raster
# Number			34
# ID			310348
# -----------------------------------------------
# H (kA/m) 	 I (arb.u.)
8.157921241259765566e+01 1.970843000406983681e+00
8.070646552102864746e+01 1.970886511819790687e+00
7.978149982402345586e+01 1.970832918494260344e+00
7.883658589235027137e+01 1.970757569462326275e+00
7.785902939485677621e+01 1.970456173334590222e+00
7.686538411136068305e+01 1.970628096477875957e+00
7.588815310953775395e+01 1.970436009509143105e+00
7.490097124007161256e+01 1.970591483215880180e+00
7.389463162542317320e+01 1.970767651375049612e+00
7.288759452005209027e+01 1.970590421961909477e+00
7.187781395117187344e+01 1.970863164232430798e+00
7.087458979508464552e+01 1.970887573073761390e+00
6.986690169837240205e+01 1.970802142129104428e+00
6.884661226927083533e+01 1.970690710462159378e+00
6.783771518863932215e+01 1.970737405636878936e+00
6.683044558636068189e+01 1.970659934097003463e+00
6.582554745253905537e+01 1.970795243978292977e+00
6.486194076949871601e+01 1.970774018898875601e+00
6.383686190410156058e+01 1.970723609335257365e+00
6.283126627955729759e+01 1.970926839470684699e+00
6.182739113212890203e+01 1.970830795986318495e+00
6.081593658551432213e+01 1.970806387144987459e+00
5.980257556425781473e+01 1.970761283851224066e+00
5.878772656279296882e+01 1.970815407803740094e+00
5.778468840423177255e+01 1.970775610779831544e+00
5.677142038173828098e+01 1.970971412137462409e+00
5.575884984996745430e+01 1.970935329502452094e+00
5.475060376067708034e+01 1.971127416471185390e+00
5.378797356464843205e+01 1.971244154407983729e+00
5.277210157679037650e+01 1.971229827479377139e+00
5.176664545039062659e+01 1.971172519764948339e+00
5.075663238460287374e+01 1.970875899280081445e+00
4.974680531634115255e+01 1.970907206272223267e+00
4.873790823570964648e+01 1.970971942764448093e+00
4.771329436412760572e+01 1.970989453454968121e+00
4.670583876432291959e+01 1.971002188502618768e+00
4.570294010390625772e+01 1.971099823867941581e+00
4.468595213089193408e+01 1.971081251923450850e+00
4.369751477812499729e+01 1.970936921383408480e+00
4.270317200390624635e+01 1.971202234876133774e+00
4.168664902470703737e+01 1.970923655708772149e+00
4.068621483151041929e+01 1.971087619447276174e+00
3.967131933066406191e+01 1.970981494050186189e+00
3.867283811149088990e+01 1.970671607890683408e+00
3.739405862057291330e+01 1.970785692692554880e+00
3.638134859065755222e+01 1.970617483938167602e+00
3.536854556197916821e+01 1.970613238922283461e+00
3.435825349990234656e+01 1.970694424851057391e+00
3.334452048359374743e+01 1.970749610057544787e+00
3.238272727643228421e+01 1.970741120025777393e+00
3.135192898710938181e+01 1.970778794541744094e+00
3.034154392626953367e+01 1.970859449843532563e+00
2.933194935491536626e+01 1.970607402025443378e+00
2.807381558938802257e+01 1.970698669866941088e+00
2.705706011328125626e+01 1.970697608612970164e+00
2.604211811305338031e+01 1.970702914882824786e+00
2.502368865921224383e+01 1.970667893501784951e+00
2.401362909404297241e+01 1.970611647041327075e+00
2.296116209293620258e+01 1.970976718407317252e+00
2.199137099215495539e+01 1.970760753224238604e+00
2.072072889300130782e+01 1.970726793097170138e+00
1.969909098183594054e+01 1.970729446232097448e+00
1.868535796552735206e+01 1.971018637939168094e+00
1.767060196282552553e+01 1.970763936986151599e+00
1.665552046445312939e+01 1.970793121470351572e+00
1.563560303040365085e+01 1.970962922105695458e+00
1.461940554687500438e+01 1.971025536089978658e+00
1.336917667620443240e+01 1.971000065994676920e+00
1.235883811474609573e+01 1.970999535367691680e+00
1.138927951087239876e+01 1.971062149351974657e+00
1.038182391106771085e+01 1.970707690525694167e+00
9.372089841569012592e+00 1.970711935541577420e+00
8.366726713932294501e+00 1.970885450565819985e+00
7.108825445312501934e+00 1.970717241811431819e+00
6.100393358496095431e+00 1.970584054438083932e+00
5.081126915787762321e+00 1.970807448398958606e+00
4.080181229394532316e+00 1.970730507486067928e+00
3.066959706282552656e+00 1.970870062383242249e+00
2.072012440104167297e+00 1.970733691247980701e+00
8.396858313151043252e-01 1.970903491883325032e+00
-1.877180031575521046e-01 1.970926839470684699e+00
-1.188989185221354550e+00 1.971059496217047569e+00
-2.190027870377604824e+00 1.970928961978626548e+00
-3.198041462760417009e+00 1.970663648485901476e+00
-4.208938016796876624e+00 1.970640831525527048e+00
-5.472000716764323869e+00 1.970686465446275681e+00
-6.475224872851564228e+00 1.970892348716630771e+00
-7.484912442968751023e+00 1.970694424851057391e+00
-8.487346109570314212e+00 1.971069047502785665e+00
-9.492755736588545545e+00 1.970719894946359574e+00
-1.071434098824870063e+01 1.970614300176254163e+00
-1.172114559671224221e+01 1.970420090699579463e+00
-1.273074016806640607e+01 1.970298046492925836e+00
-1.373173235384115110e+01 1.970154777206854391e+00
-1.474355889550781740e+01 1.969866646753754669e+00
-1.574236561035156790e+01 1.969599210753087526e+00
-1.676246904192708698e+01 1.969181607315538152e+00
-1.801283741074219336e+01 1.968580937568008116e+00
-1.901485258291016223e+01 1.967748383827835568e+00
-2.002537714189453766e+01 1.967164694143840098e+00
-2.098596136513672050e+01 1.965969191545619665e+00
-2.200601829733073345e+01 1.965128678400666296e+00
-2.301179991940104230e+01 1.964436210184653753e+00
-2.426695772451172317e+01 1.963536797444314530e+00
-2.527418082740885552e+01 1.962764204553498759e+00
-2.628870433320312472e+01 1.962050511258068175e+00
-2.729769441259765728e+01 1.961416942637439709e+00
-2.831072993818359862e+01 1.960392301928534753e+00
-2.932069650458984356e+01 1.959522073672395948e+00
-3.032908209202474481e+01 1.958901240099418573e+00
-3.132333186748047282e+01 1.958090972692635878e+00
-3.258374410270182153e+01 1.957221275063482313e+00
-3.360654449840495062e+01 1.956968696618408110e+00
-3.464041174690756009e+01 1.956258187084889855e+00
-3.565721372239583076e+01 1.955064276367626253e+00
-3.667159773004557621e+01 1.954549037564753178e+00
-3.768123880078125154e+01 1.954086330833440188e+00
-3.868288197789713934e+01 1.953520151839964747e+00
-3.969907946142578226e+01 1.953154019220003867e+00
-4.069783967688802306e+01 1.952759763369813717e+00
-4.170864323216145664e+01 1.952285382844821005e+00
-4.292855450608724510e+01 1.951791899748351655e+00
-4.393489412073568445e+01 1.951378541326685978e+00
-4.494606967106120976e+01 1.950992775508263222e+00
-4.594650386425780653e+01 1.950494516768925379e+00
-4.695749341705729307e+01 1.950076382704390543e+00
-4.796341453727214343e+01 1.949616859734990548e+00
-4.798015431461588776e+01 1.949500652425176561e+00
-4.710085101025390486e+01 1.949500121798191321e+00
-4.617793128603515385e+01 1.949506489322016423e+00
-4.524738566324869993e+01 1.949668861179564505e+00
-4.430372721487630372e+01 1.949703882560604118e+00
-4.336629968362630194e+01 1.949892785767424641e+00
-4.217038209055990450e+01 1.949661963028753719e+00
-4.124192893994140974e+01 1.949637554187423127e+00
-4.029203957444661910e+01 1.949845029338733937e+00
-3.932331795944011077e+01 1.949731475163847483e+00
-3.836947614651693073e+01 1.950050381982103120e+00
-3.738410775292968680e+01 1.950090179006012114e+00
-3.641203818245443102e+01 1.950123608506095785e+00
-3.544615302972005111e+01 1.950394228268675478e+00
-3.447213048522134926e+01 1.950657949880444164e+00
-3.347992668255208315e+01 1.950251489609589051e+00
-3.225638845686849265e+01 1.950454189118031145e+00
-3.128966631526692765e+01 1.950276959704890789e+00
-3.033173255677083446e+01 1.950451005356118372e+00
-2.934617816565755177e+01 1.950613907840651695e+00
-2.835792681041666796e+01 1.950608070943812056e+00
-2.736790847867839105e+01 1.950792729134748660e+00
-2.636514931640625292e+01 1.951086165857702781e+00
-2.537866493766276577e+01 1.951285681604232103e+00
-2.413861943154297407e+01 1.951570097668433590e+00
-2.313018734472656490e+01 1.951896963891471160e+00
-2.213816953958334111e+01 1.952131501019040316e+00
-2.111439265686849609e+01 1.952080030201451821e+00
-2.015869086868490001e+01 1.952232850773261363e+00
-1.915328124166667223e+01 1.952932747767070598e+00
-1.791625819534505837e+01 1.952745967068192146e+00
-1.689996771305339252e+01 1.953012872441873826e+00
-1.588693218746745472e+01 1.953443741554059976e+00
-1.487422215755208654e+01 1.953541376919382344e+00
-1.387443895569661834e+01 1.954085269579469486e+00
-1.286507688125000293e+01 1.954238090151279472e+00
-1.187398906373698360e+01 1.955054194454902250e+00
-1.061673878645833646e+01 1.955309956661889892e+00
-9.648249668359378362e+00 1.955649027305592647e+00
-8.645165010416668849e+00 1.956105366513080090e+00
-7.633477966894533395e+00 1.956385537561398102e+00
-6.638809697005207511e+00 1.956716118173333463e+00
-5.390812796647136196e+00 1.957512589278494808e+00
-4.373452828580730589e+00 1.958341959256753917e+00
-3.368601194140625754e+00 1.958799359718212507e+00
-2.366865018261719467e+00 1.959942330244872855e+00
-1.365640335579427322e+00 1.960123804673896686e+00
-3.378645060546875412e-01 1.960501080460552048e+00
8.937646120117188620e-01 1.961017911144381065e+00
1.885782417154948654e+00 1.961216365636939463e+00
2.892494026855469524e+00 1.961534211201224398e+00
3.893346714485677929e+00 1.962083940758151179e+00
4.897686855729168620e+00 1.962186351766343151e+00
5.903189481510418446e+00 1.962546647489464169e+00
7.167507664778648646e+00 1.962922331395163145e+00
8.168918344986980884e+00 1.963249197618200714e+00
9.171166014062505312e+00 1.963601003309554116e+00
1.017625014541015815e+01 1.963981993485107713e+00
1.118933217037760564e+01 1.964438863319580619e+00
1.215484532805989915e+01 1.964973204693929665e+00
1.340637618141276555e+01 1.965878454331107861e+00
1.441266929667968988e+01 1.966807582182631853e+00
1.542649531175130484e+01 1.967751567589748340e+00
1.644190230579427592e+01 1.968359135488089606e+00
1.744224350022787107e+01 1.969063277497782316e+00
1.844393317672526678e+01 1.969820482206020351e+00
1.945436473694661572e+01 1.970300699627852925e+00
2.070910404762370405e+01 1.970753855073427818e+00
2.172553402805990075e+01 1.970802142129103984e+00
2.268993120058594570e+01 1.970908267526193969e+00
2.368645944573568229e+01 1.970798427740205527e+00
2.469735599977213880e+01 1.970922063827815762e+00
2.569848768369140757e+01 1.970987861574011735e+00
2.671249969628906484e+01 1.970779855795715241e+00
2.799551063092448544e+01 1.970719894946359352e+00
2.900212924186197938e+01 1.970846714795881915e+00
3.001209580826822787e+01 1.971059496217047569e+00
3.102940927695312467e+01 1.970945942042161336e+00
3.205988207060546813e+01 1.971017576685196948e+00
3.304506446666666619e+01 1.970900838748397721e+00
3.404833512213541979e+01 1.970845653541910991e+00
3.508661981188151202e+01 1.971143865907734272e+00
3.612095205419921484e+01 1.970796835859249363e+00
3.737620285807292220e+01 1.970575564406316538e+00
3.839649228717447471e+01 1.970514011676004262e+00
3.940418038388671818e+01 1.970641892779498194e+00
4.041544893297525931e+01 1.970484296564819493e+00
4.141741760576172027e+01 1.970731568740038853e+00
4.241943277792968559e+01 1.970721486827315516e+00
4.344841759137369763e+01 1.970527277350640594e+00
4.441606972060546354e+01 1.970503399136295464e+00
4.541645741442057016e+01 1.970393559350307022e+00
4.642707497216796497e+01 1.970571850017418747e+00
4.743699503919271621e+01 1.970642954033468675e+00
4.844817058951822730e+01 1.970639770271556124e+00
4.946446107180990026e+01 1.970694424851057391e+00
5.046298879036458374e+01 1.971067986248814741e+00
5.146746842975260705e+01 1.971095578852057884e+00
5.248059695410157133e+01 1.970702384255839323e+00
5.348800605452475310e+01 1.970893940597586935e+00
5.446360957799479507e+01 1.970975657153346550e+00
5.546023082190755815e+01 1.971124232709271951e+00
5.646294348479818126e+01 1.970992637216880894e+00
5.746388917119141126e+01 1.970853082319707461e+00
5.848022615286458858e+01 1.970961330224739072e+00
5.948819324586588664e+01 1.970872184891183654e+00
6.050071727825520895e+01 1.970899777494427019e+00
6.150254645289714261e+01 1.970917818811932065e+00
6.250688659414063864e+01 1.971185785439584670e+00
6.350694879228516498e+01 1.970987861574011735e+00
6.452305327705077787e+01 1.970870062383241805e+00
6.548456748792318649e+01 1.971081251923450850e+00
6.648449018792318554e+01 1.971243093154013026e+00
6.750017617825521654e+01 1.970910920661121501e+00
6.849702991907551564e+01 1.970913573796048368e+00
6.950299753867187746e+01 1.970909328780165115e+00
7.051129012734377000e+01 1.970772427017918549e+00
7.152134969251302721e+01 1.970759161343282662e+00
7.252238837766928725e+01 1.970814346549769169e+00
7.352779800468749727e+01 1.970865817367357664e+00
7.453264963912759811e+01 1.970866347994343570e+00
7.554447618079427684e+01 1.970750671311515267e+00
7.651082632734373590e+01 1.970794182724321830e+00
7.750363462197266529e+01 1.970560706850723820e+00
7.851071822672527389e+01 1.970751732565486414e+00
7.951738333704427930e+01 1.970712996795548122e+00
8.052302546097006086e+01 1.971069047502785443e+00
