# User			Meike Reginka
# Sample		2020_0446_1
# State			after FC
# Profile		mere_beads_forc.txt
# Comment
# ML
# 
# Meas. type 		FORC
# angle (deg)		 0.000
# Hmin (kA/m)		-80.000
# Hmax (kA/m)		80.000
# pts./branch		161
# time/pt. (s)		 0.020
# dt (s)		 0.020
# nCycles		5
# Hstop (kA/m)		 0.000
# wait (s)		60.000
# nSched		5
# nMinorLoops		10
# nX			2
# nY			2
# dx (mm)		 0.250
# dy (mm)		 0.250
# avg. raster		no average raster
# Number			43
# ID			310357
# -----------------------------------------------
# H (kA/m) 	 I (arb.u.)
8.157093552268881353e+01 1.971230358106362601e+00
8.070255957298176952e+01 1.971507876019753303e+00
7.977578040009767335e+01 1.971561999972268886e+00
7.882365906429036784e+01 1.971428812598921443e+00
7.784986901669920201e+01 1.971225051836507980e+00
7.685929269238282302e+01 1.971261134471518517e+00
7.587350580436196879e+01 1.970891287462659625e+00
7.489567031057944746e+01 1.971004841637546079e+00
7.388761021881509805e+01 1.971112558915592450e+00
7.287759715302733809e+01 1.971115212050519538e+00
7.187460549384765329e+01 1.971346034789190460e+00
7.087105584208984510e+01 1.971418200059212200e+00
6.985462586165363064e+01 1.971550856805574625e+00
6.883354594306641161e+01 1.971405995638546571e+00
6.782781082037760712e+01 1.971585347559629220e+00
6.682179670139973382e+01 1.971155539701413772e+00
6.581624757623698940e+01 1.971557754956385855e+00
6.485436137031250325e+01 1.971353463566987152e+00
6.383397894244791360e+01 1.971416608178255814e+00
6.281908344160156332e+01 1.971138559637879872e+00
6.181734726572265259e+01 1.971391138082954075e+00
6.080486973271484175e+01 1.971531223607112970e+00
5.979169470898437311e+01 1.971777434528362072e+00
5.877712470380859600e+01 1.971731800607613216e+00
5.777273806318359561e+01 1.971352402313016228e+00
5.676597995410156017e+01 1.971317911558961855e+00
5.575303742727864176e+01 1.971214969923784643e+00
5.474395434912110403e+01 1.971455874575178902e+00
5.378058016298829358e+01 1.971316850304991153e+00
5.275815176233725623e+01 1.971277053281082381e+00
5.175004517119140246e+01 1.971295094598587427e+00
5.074789050087890985e+01 1.971078068161538299e+00
4.974573583056641013e+01 1.970965575240622769e+00
4.872567889837239363e+01 1.971452160186280667e+00
4.770232051009114826e+01 1.971450037678339262e+00
4.670058433421223754e+01 1.971248399423867870e+00
4.569033877151692735e+01 1.971303584630354822e+00
4.468488264511719166e+01 1.971268563249314987e+00
4.369858426389974682e+01 1.971493018464160363e+00
4.269838256761067896e+01 1.971383178678172143e+00
4.168353356614583305e+01 1.971478160908568089e+00
4.067640346201172008e+01 1.971447384543411729e+00
3.966285644322917392e+01 1.971609756400959812e+00
3.866470071972656797e+01 1.971551387432559865e+00
3.738833919664713079e+01 1.971694126091646071e+00
3.637846562900390524e+01 1.971466487114888144e+00
3.536147765598958870e+01 1.971638410258173879e+00
3.435513804134114224e+01 1.971664941607446542e+00
3.334772894091796758e+01 1.971576326900875920e+00
3.237714735065103611e+01 1.972079361283083365e+00
3.135811340485026477e+01 1.971621960821625441e+00
3.034061393863932565e+01 1.971959439584371587e+00
2.932911289264323074e+01 1.971906907512811946e+00
2.807325759680989563e+01 1.971512651662622240e+00
2.704497027408854848e+01 1.971506284138796694e+00
2.602449484746094299e+01 1.971661227218548307e+00
2.501750424147135732e+01 1.971418730686197440e+00
2.401107162805990214e+01 1.971457997083120750e+00
2.296381255768229579e+01 1.971536529876966926e+00
2.198248961028646420e+01 1.971465425860916998e+00
2.071696244309896429e+01 1.971574204392934293e+00
1.969016310058594144e+01 1.971781148917260085e+00
1.868163801500651289e+01 1.972068218116388882e+00
1.767199694427083756e+01 1.971954663941502206e+00
1.665528796754557561e+01 1.972308061513812438e+00
1.562797713183594261e+01 1.972275162640714674e+00
1.462572946276042174e+01 1.972123403322875834e+00
1.336592171949870078e+01 1.971762046345784114e+00
1.235474616917317725e+01 1.971692003583704667e+00
1.138500156777343975e+01 1.971854375441252305e+00
1.037763896673177300e+01 1.971928663219215672e+00
9.370648360742190874e+00 1.971843232274557822e+00
8.360309799283857757e+00 1.971885151806408221e+00
7.105012496028648705e+00 1.971803965877634512e+00
6.100300359733074274e+00 1.971744535655264308e+00
5.076104982584636716e+00 1.971737106877467616e+00
4.076135783203127083e+00 1.972115443918093902e+00
3.074074111653646302e+00 1.972059197457636248e+00
2.069594472265625651e+00 1.971859151084121242e+00
8.429407880208334980e-01 1.971816170298300142e+00
-1.783716274739583496e-01 1.971754086941001960e+00
-1.181130789746094090e+00 1.971493018464160585e+00
-2.189748874088541797e+00 1.971471793384742544e+00
-3.194833005436199080e+00 1.971895764346117463e+00
-4.211169987109376400e+00 1.971731800607613438e+00
-5.464281819433594478e+00 1.971749841925118263e+00
-6.473643893880209887e+00 1.972073524386243282e+00
-7.475473068522138220e+00 1.972175935394435475e+00
-8.486881115755210203e+00 1.971938745131939008e+00
-9.490244769986983187e+00 1.971854906068237767e+00
-1.070648259277344039e+01 1.972010910401960304e+00
-1.171254321113281627e+01 1.971903723750899395e+00
-1.273404162415364738e+01 1.971584816932643536e+00
-1.373229034641927448e+01 1.971688819821791672e+00
-1.473012057425130550e+01 1.971263256979460365e+00
-1.573729717776693171e+01 1.970959207716797223e+00
-1.675893508893229722e+01 1.970157960968767163e+00
-1.799930609072266208e+01 1.969556760594251443e+00
-1.902168799199219151e+01 1.968432892639067067e+00
-2.001417079095052642e+01 1.967919245717150822e+00
-2.097893995852864890e+01 1.966995954762466470e+00
-2.199788090556641151e+01 1.966046132458510121e+00
-2.300170955361328495e+01 1.965165822289647979e+00
-2.425072944036458722e+01 1.964536498684903654e+00
-2.526683392513021431e+01 1.963467285309220989e+00
-2.627456852122396214e+01 1.962611383981688995e+00
-2.728741804928385761e+01 1.961728420677899543e+00
-2.830640549570312103e+01 1.960983420390326915e+00
-2.931200112024739113e+01 1.959981596641796164e+00
-3.032113069778645809e+01 1.959258882687612502e+00
-3.131626396149088976e+01 1.958527148074675983e+00
-3.256918979628905930e+01 1.957795413461740131e+00
-3.359487315364582827e+01 1.957257888325478534e+00
-3.462683392750651024e+01 1.956725138832085875e+00
-3.563796297845052408e+01 1.956260309592831481e+00
-3.665485795270183189e+01 1.955786459694824231e+00
-3.767342690468749566e+01 1.955286609074529780e+00
-3.866135276425781342e+01 1.955182606185381644e+00
-3.869008938203125325e+01 1.954906680152947107e+00
-3.780329967724609475e+01 1.955199586248916210e+00
-3.687679950065103895e+01 1.954890761343383687e+00
-3.593058358629557603e+01 1.954840351779765673e+00
-3.498729713297525734e+01 1.955148115431327271e+00
-3.404559165862630010e+01 1.955305711646005751e+00
-3.309030836487630012e+01 1.955285547820559078e+00
-3.188188243818359169e+01 1.955515309305258853e+00
-3.097044806119791360e+01 1.955599678995945556e+00
-3.000154044866535585e+01 1.955678211789792176e+00
-2.902589042581379886e+01 1.955670783011996150e+00
-2.805995877369791813e+01 1.956066630743142243e+00
-2.709016767291667094e+01 1.955899483242725445e+00
-2.610024233994140630e+01 1.956127652846468834e+00
-2.511873339501953240e+01 1.956050181306593361e+00
-2.389905461800130482e+01 1.956477866656866071e+00
-2.290633932213542323e+01 1.956717179427304387e+00
-2.192724834505208875e+01 1.956482642299735453e+00
-2.091630529163411722e+01 1.956918287054790317e+00
-1.996767140944011132e+01 1.956804202252918401e+00
-1.897914105791016226e+01 1.956961798467597324e+00
-1.774388498808594150e+01 1.957206417507889817e+00
-1.675070469840495235e+01 1.957315196039907113e+00
-1.574524857200521311e+01 1.957685573675751689e+00
-1.474806933551432842e+01 1.957878191271470003e+00
-1.375135509283854418e+01 1.958058604446523354e+00
-1.275575683531901383e+01 1.958242201383489034e+00
-1.175281167552083517e+01 1.958625844693969942e+00
-1.050751173929036675e+01 1.959227045068485440e+00
-9.543858556868492826e+00 1.959285414036885165e+00
-8.550538769042971055e+00 1.959616525275805987e+00
-7.548988590690107081e+00 1.960106824610362342e+00
-6.556784788020833865e+00 1.960215603142379637e+00
-5.304928438997397855e+00 1.960836967342342252e+00
-4.301053291569011172e+00 1.961341593605506084e+00
-3.294946173828126046e+00 1.962019204265926353e+00
-2.289304049902344484e+00 1.962332274187342129e+00
-1.293519794856771377e+00 1.962571056330794761e+00
-2.769038168945313072e-01 1.962757306402687973e+00
9.463089131184898584e-01 1.963199849308553624e+00
1.954601501790365070e+00 1.963565981928514947e+00
2.946247311881510456e+00 1.963850928619701453e+00
3.946914001985678322e+00 1.964278613969974607e+00
4.949301169205731377e+00 1.964326370398665311e+00
5.963034185514324292e+00 1.964698339915465830e+00
7.212147071028647716e+00 1.965334561671021163e+00
8.219416673307295085e+00 1.965668326044869518e+00
9.224686802180992018e+00 1.966185687355683775e+00
1.022614398177083395e+01 1.966662190388618559e+00
1.123843551725260603e+01 1.967423640112739625e+00
1.219497429430338720e+01 1.967873611796401967e+00
1.344380818352864893e+01 1.968389911853245522e+00
1.446163314541015943e+01 1.969255895093501074e+00
1.546290432747396260e+01 1.969389082466848961e+00
1.647110391738281621e+01 1.969778562674169953e+00
1.748655741080729698e+01 1.970239146897541094e+00
1.848508512936198755e+01 1.970640300898541142e+00
1.949365671432292046e+01 1.970953901446942824e+00
2.074895401757812863e+01 1.970942758280248341e+00
2.175743260377604926e+01 1.970899777494427019e+00
2.272568922496745358e+01 1.971135375875966878e+00
2.373077335631510820e+01 1.971122640828316008e+00
2.473529949508464298e+01 1.971217623058711510e+00
2.574066262272135930e+01 1.971196928606278931e+00
2.674453777014974420e+01 1.970983085931142798e+00
2.802094579261067864e+01 1.971030311732848039e+00
2.903337682623698157e+01 1.971464895233931758e+00
3.005092279182942505e+01 1.971478160908567645e+00
3.106433031246745102e+01 1.971415546924284889e+00
3.208866518776041943e+01 1.971241501273056862e+00
3.307598655537109522e+01 1.971317911558961855e+00
3.409083555683594113e+01 1.971242562527027786e+00
3.512121535172526876e+01 1.971421914448110435e+00
3.615224613795572850e+01 1.971303584630354822e+00
3.740191701604817354e+01 1.971231419360333526e+00
3.842620539195964113e+01 1.971474446519669854e+00
3.943068503134765024e+01 1.971273869519169386e+00
4.043716414414063109e+01 1.971452690813266351e+00
4.145322212952473961e+01 1.971542366773807231e+00
4.245230784065756069e+01 1.971810864028445298e+00
4.346650585078124607e+01 1.971551918059545550e+00
4.442936854371745170e+01 1.971516366051520253e+00
4.544263656621093617e+01 1.971606572639046817e+00
4.645134764931641058e+01 1.971699432361500470e+00
4.745768726396484993e+01 1.971541305519836529e+00
4.846844431985677915e+01 1.971564122480210957e+00
4.947506293079428019e+01 1.971628858972436227e+00
5.048809845638021443e+01 1.971472854638713246e+00
5.149346158401692719e+01 1.971660165964577160e+00
5.249366328030598794e+01 1.971543958654763617e+00
5.350832628424480220e+01 1.971376280527361580e+00
5.448658027246094804e+01 1.971659635337592142e+00
5.547873757574870979e+01 1.971475507773640778e+00
5.648828564772135508e+01 1.971697840480544306e+00
5.749564824876301827e+01 1.971430935106862847e+00
5.849347847659505817e+01 1.971309952154180145e+00
5.950446802939453761e+01 1.971112558915592672e+00
6.051973552529297251e+01 1.971284482058878629e+00
6.152012321910806492e+01 1.971281298296966078e+00
6.252320787705079397e+01 1.971507345392767618e+00
6.352313057705077881e+01 1.971127947098170852e+00
6.454560547708332763e+01 1.971181540423700973e+00
6.550549220960286334e+01 1.971322156574845552e+00
6.650225295166016792e+01 1.971308360273224203e+00
6.750775557744138666e+01 1.971522202948359892e+00
6.851776864322917504e+01 1.971407056892517495e+00
6.951717985003254796e+01 1.971733923115555065e+00
7.052105499746095063e+01 1.971669717250315701e+00
7.153032407314454133e+01 1.971331177233598186e+00
7.253754717604167013e+01 1.971338606011394212e+00
7.353872535934243615e+01 1.971396444352808475e+00
7.453548610139975494e+01 1.971221337447610189e+00
7.555270657132162171e+01 1.971420853194139289e+00
7.650980334095051205e+01 1.971303054003369359e+00
7.751428298033854958e+01 1.971150764058545057e+00
7.852178507952474718e+01 1.971271747011227538e+00
7.952119628632812010e+01 1.971366198614637799e+00
8.053688227666016530e+01 1.971301992749398213e+00
