# User			Meike Reginka
# Sample		2020_0446_1
# State			after FC
# Profile		mere_beads_forc.txt
# Comment
# ML
# 
# Meas. type 		FORC
# angle (deg)		 0.000
# Hmin (kA/m)		-80.000
# Hmax (kA/m)		80.000
# pts./branch		161
# time/pt. (s)		 0.020
# dt (s)		 0.020
# nCycles		5
# Hstop (kA/m)		 0.000
# wait (s)		60.000
# nSched		5
# nMinorLoops		10
# nX			2
# nY			2
# dx (mm)		 0.250
# dy (mm)		 0.250
# avg. raster		no average raster
# Number			62
# ID			310376
# -----------------------------------------------
# H (kA/m) 	 I (arb.u.)
8.158349035569663954e+01 1.972296918347117956e+00
8.070637252226561031e+01 1.972240141259674617e+00
7.978796323805339341e+01 1.972318674053521237e+00
7.883058747213543427e+01 1.972062911846534483e+00
7.785651842825519964e+01 1.971886743687364607e+00
7.686487261816405692e+01 1.972156832822958838e+00
7.587457529013670410e+01 1.972020992314684085e+00
7.490166873079429877e+01 1.971972705259008141e+00
7.389109767242838700e+01 1.972073524386243726e+00
7.288847800830079393e+01 1.971793353337925270e+00
7.187530298457032529e+01 1.971771067004536748e+00
7.087575227962240376e+01 1.971824129703081852e+00
6.985876430660805170e+01 1.972037441751232967e+00
6.884256682307943720e+01 1.971858089830150540e+00
6.783571571523437171e+01 1.971678207282082873e+00
6.682686513398437000e+01 1.971927601965244525e+00
6.581666607067056418e+01 1.971777965155347534e+00
6.485510536041667251e+01 1.971957847703415201e+00
6.383142147646483977e+01 1.971661227218548085e+00
6.282010642799479427e+01 1.971659635337592142e+00
6.182199720387369979e+01 1.971691472956718982e+00
6.080882218014323115e+01 1.971758331956885657e+00
5.979392667929688798e+01 1.971721718694889880e+00
5.877638071370443384e+01 1.971793883964910954e+00
5.777348205328776487e+01 1.971942990147822261e+00
5.676997890091146814e+01 1.971859151084121464e+00
5.575898934811198160e+01 1.972201936116722454e+00
5.474837179036458679e+01 1.972022053568654787e+00
5.378183564628907476e+01 1.971843762901543062e+00
5.276954411080728846e+01 1.971452690813266351e+00
5.175502060501302282e+01 1.971461711472018763e+00
5.074793700026042842e+01 1.971446853916426267e+00
4.973969091097006157e+01 1.971597551980294405e+00
4.872242394166667623e+01 1.971553509940502158e+00
4.769887955585937789e+01 1.971458527710106212e+00
4.670109582740885656e+01 1.971656982202665054e+00
4.569940615091146441e+01 1.971714820544079094e+00
4.467827973294270549e+01 1.971586408813599922e+00
4.369314383626301890e+01 1.971757270702914511e+00
4.269694108678385192e+01 1.971612940162872363e+00
4.168846250058593483e+01 1.971580571916759617e+00
4.068063490572916407e+01 1.971957317076429739e+00
3.966550690797526357e+01 1.971764168853725963e+00
3.865712132054036942e+01 1.971865518607946788e+00
3.739098966139322755e+01 1.971568367496094432e+00
3.637734964384765135e+01 1.971834211615805188e+00
3.537180051868489272e+01 1.972069809997345491e+00
3.435439405123697298e+01 1.971513182289607702e+00
3.334917042174478752e+01 1.971716943052020943e+00
3.237719385003255468e+01 1.971630450853392169e+00
3.135164999082031301e+01 1.971655390321708445e+00
3.034647286070963901e+01 1.971660696591562845e+00
2.933185635615233977e+01 1.971903193123913711e+00
2.806698018030598618e+01 1.972002950997178594e+00
2.704520277099609871e+01 1.971889396822291918e+00
2.603709617985026270e+01 1.971854375441252305e+00
2.501801573466796924e+01 1.971855967322208691e+00
2.399809830061849425e+01 1.972045401156014455e+00
2.296092959602865236e+01 1.971837395377717961e+00
2.199476544700521430e+01 1.971627267091479396e+00
2.071328899195964013e+01 1.971944051401793407e+00
1.969964897441406748e+01 1.971956255822458814e+00
1.868512546861979473e+01 1.972208303640547555e+00
1.767492640530599246e+01 1.971977480901876634e+00
1.666137938652344275e+01 1.972444432649073098e+00
1.563541703287761031e+01 1.971966337735182151e+00
1.462940291389974234e+01 1.972234834989820218e+00
1.337396611250000333e+01 1.971899478735015698e+00
1.235474616917318258e+01 1.972104831378384660e+00
1.139086048984375310e+01 1.971999767235265599e+00
1.037684847724609583e+01 1.972110668275224743e+00
9.377576768587241318e+00 1.971892049957219006e+00
8.367470704036461981e+00 1.971998175354308991e+00
7.115707353776042687e+00 1.972177527275391640e+00
6.104857299121094982e+00 1.972048584917927005e+00
5.082335899707032922e+00 1.972102178243457793e+00
4.086505145279949680e+00 1.972242263767616466e+00
3.082258002799479701e+00 1.972333531609114177e+00
2.070756956803385673e+00 1.972270917624830977e+00
8.453587558593751439e-01 1.972482107165040022e+00
-1.682812616861979194e-01 1.972350511672648743e+00
-1.178387326236979282e+00 1.972130301473686842e+00
-2.186307919856770976e+00 1.972053360560796165e+00
-3.185765626041667797e+00 1.972105362005370344e+00
-4.197359670800781650e+00 1.972411003148990094e+00
-5.458562395507813747e+00 1.972258182577180108e+00
-6.463135033658855555e+00 1.971964215227240746e+00
-7.471985614908856377e+00 1.972129770846700936e+00
-8.476279256770835602e+00 1.971779557036303920e+00
-9.486803815755211033e+00 1.972039033632189131e+00
-1.068551137171224319e+01 1.971935030743040773e+00
-1.170826526803385548e+01 1.971891519330233766e+00
-1.271641835856119940e+01 1.971841640393601658e+00
-1.371787553815104310e+01 1.971586939440585384e+00
-1.472547063610026719e+01 1.971392199336925222e+00
-1.572492834228516045e+01 1.970748548803573641e+00
-1.674121882457682631e+01 1.970508705406149863e+00
-1.799558614020183001e+01 1.969488840340113844e+00
-1.900160025917969264e+01 1.968960866489590344e+00
-1.901996751487630632e+01 1.968996418497615641e+00
-1.813178282864583934e+01 1.969071767529549710e+00
-1.697115826614584222e+01 1.969286140831671750e+00
-1.601606096992187744e+01 1.969897423118911028e+00
-1.506975205680338981e+01 1.970203594889516019e+00
-1.411567774697265953e+01 1.970568666255505752e+00
-1.316383540745443170e+01 1.970851490438750631e+00
-1.220311168606771268e+01 1.971178356661788200e+00
-1.123783102529297118e+01 1.971335422249481883e+00
-1.002959109612630506e+01 1.971926010084287917e+00
-9.102625925716147037e+00 1.971716943052020943e+00
-8.127161900390627025e+00 1.971788577695056333e+00
-7.149419405371095770e+00 1.971591184456468859e+00
-6.174001879427084560e+00 1.971649022797883122e+00
-4.953858108593752085e+00 1.971807680266532747e+00
-3.971744671712240216e+00 1.971583755678672389e+00
-2.985399791113281687e+00 1.971796006472852802e+00
-2.006866806608073261e+00 1.971915928171564802e+00
-1.011129050944010954e+00 1.972110137648239281e+00
5.114931966145833120e-03 1.972042217394101904e+00
1.187361706868489852e+00 1.971990746576512965e+00
2.177333539225260406e+00 1.971894703092146317e+00
3.161213952604167599e+00 1.972110668275225187e+00
4.166577080240886133e+00 1.972173812886493627e+00
5.142273602473959926e+00 1.971850661052354070e+00
6.148566717740887810e+00 1.972018869806741792e+00
7.381125823437502120e+00 1.972069809997345047e+00
8.386070456640627668e+00 1.972059728084621488e+00
9.378599754980472269e+00 1.972139852759424716e+00
1.037526749827474148e+01 1.972072463132272580e+00
1.137895664817708585e+01 1.972226344958053268e+00
1.234386531389974273e+01 1.972227406212024192e+00
1.358558479775390992e+01 1.972483699045996630e+00
1.459248240498047089e+01 1.972210426148489404e+00
1.558984763899740145e+01 1.972080422537054289e+00
1.660571962685547120e+01 1.972182833545246261e+00
1.760503783489583540e+01 1.972311775902710451e+00
1.860505353365886094e+01 1.972583456919261069e+00
1.961130014954427381e+01 1.972103239497428495e+00
2.085069466432291918e+01 1.972052299306825240e+00
2.187749400683594203e+01 1.972226875585038286e+00
2.283277730058594202e+01 1.972255529442252797e+00
2.383618745419922291e+01 1.972495903466661815e+00
2.483820262636719178e+01 1.972592477578014147e+00
2.583835782327473751e+01 1.972526149204832713e+00
2.685683377649739967e+01 1.972943752642382087e+00
2.811757150738932509e+01 1.972599906355810395e+00
2.913283900328776355e+01 1.972494842212691113e+00
3.014085259567057307e+01 1.972734154983129207e+00
3.115844506064453512e+01 1.972584518173232215e+00
3.218812736481119430e+01 1.972594600085955552e+00
3.316349839137370026e+01 1.972626437705082836e+00
3.417676641386719183e+01 1.972418431926786342e+00
3.521068016175130566e+01 1.972261366339093103e+00
3.624324542757161538e+01 1.972096341346617709e+00
3.748719688173827791e+01 1.972155771568988136e+00
3.850246437763671992e+01 1.972364838601255776e+00
3.951973134694011236e+01 1.972541537387410671e+00
4.052574546591796434e+01 1.972400390609280851e+00
4.152255270735678039e+01 1.972637050244791856e+00
4.253117079169921766e+01 1.972951712047163797e+00
4.354281133583984342e+01 1.972667826609947772e+00
4.452036783333333858e+01 1.972718766800551027e+00
4.552335949251302338e+01 1.972711868649740241e+00
4.651974823951823623e+01 1.972539414879468822e+00
4.753110978736979320e+01 1.972311245275725433e+00
4.853912337975260982e+01 1.972200874862751308e+00
4.955578585709636030e+01 1.972264019474020191e+00
5.055315109111328553e+01 1.972271978878802123e+00
5.155795622617188201e+01 1.972464065847534975e+00
5.257057325732422726e+01 1.972663581594064297e+00
5.356584601917318622e+01 1.972630682720966533e+00
5.454293752285155961e+01 1.972688521062380351e+00
5.554755666038412443e+01 1.972416309418844493e+00
5.654575888326823474e+01 1.972388186188615222e+00
5.754861104430339225e+01 1.972290020196307170e+00
5.854620877522786770e+01 1.972224222450111419e+00
5.956756769010416974e+01 1.972363246720298946e+00
6.057702276331380631e+01 1.972068748743374123e+00
6.157648046949870491e+01 1.972202997370693156e+00
6.257830964414063146e+01 1.972189201069071807e+00
6.358399826744793160e+01 1.972123403322875834e+00
6.459977725654296421e+01 1.972372798006037486e+00
6.555389806575522016e+01 1.972260835712107641e+00
6.654745035048829038e+01 1.972513944784167528e+00
6.755732391813150173e+01 1.972518189800050781e+00
6.856250104824218283e+01 1.972254468188282095e+00
6.957530407692058816e+01 1.972174343513478867e+00
7.057620326393229959e+01 1.972246508783500607e+00
7.158477484889323250e+01 1.972302755243958039e+00
7.258767350930989437e+01 1.972277285148656745e+00
7.358513174208984253e+01 1.972341491013895665e+00
7.458254347548827923e+01 1.972390839323542755e+00
7.559543950292969328e+01 1.972795707713441260e+00
7.656118515751951747e+01 1.972381818664790565e+00
7.756092185999351329e+01 1.972536761744541955e+00
7.856205354391278206e+01 1.972460882085622202e+00
7.956002326988932793e+01 1.972437003871276850e+00
8.057054782887369981e+01 1.972585048800217455e+00
