# User			Meike Reginka
# Sample		2020_0446_1
# State			after FC
# Profile		mere_beads_forc.txt
# Comment
# ML
# 
# Meas. type 		FORC
# angle (deg)		 0.000
# Hmin (kA/m)		-80.000
# Hmax (kA/m)		80.000
# pts./branch		161
# time/pt. (s)		 0.020
# dt (s)		 0.020
# nCycles		5
# Hstop (kA/m)		 0.000
# wait (s)		60.000
# nSched		5
# nMinorLoops		10
# nX			2
# nY			2
# dx (mm)		 0.250
# dy (mm)		 0.250
# avg. raster		no average raster
# Number			12
# ID			310326
# -----------------------------------------------
# H (kA/m) 	 I (arb.u.)
8.166914221643880012e+01 1.971901070615971863e+00
8.079806930260416209e+01 1.972129240219715474e+00
7.986575670332032928e+01 1.972279407656597927e+00
7.892233075185548330e+01 1.972120219560963283e+00
7.794351877106120696e+01 1.972221038688198425e+00
7.694778101539715465e+01 1.972066626235432274e+00
7.595632120283201516e+01 1.972043809275058068e+00
7.499224952597658955e+01 1.972238549378718453e+00
7.397623803997394987e+01 1.972030012973436275e+00
7.297585034615886457e+01 1.972004012251149296e+00
7.196011785644530789e+01 1.971903193123913711e+00
7.095991616015626846e+01 1.971915397544578896e+00
6.993553478548176372e+01 1.972146750910235502e+00
6.891826781617839970e+01 1.971928663219215228e+00
6.791388117555338511e+01 1.971962623346284138e+00
6.690940153616536179e+01 1.971895233719132001e+00
6.589864448027343258e+01 1.971837926004703423e+00
6.492764439557291212e+01 1.972113852037137738e+00
6.390507649677734037e+01 1.971834211615804966e+00
6.289692340624999645e+01 1.971916458798549598e+00
6.188746833304035277e+01 1.971890458076263064e+00
6.088396518066406315e+01 1.972002950997178594e+00
5.986218777135417213e+01 1.972184425426202425e+00
5.885677814433594790e+01 1.971752495060046018e+00
5.783830219111327153e+01 1.971929193846200690e+00
5.683070709316406521e+01 1.971858620457136002e+00
5.582711094202473134e+01 1.971711106155180637e+00
5.481542389850260832e+01 1.971803965877634512e+00
5.384805076555990411e+01 1.971731800607613216e+00
5.282645935377604474e+01 1.971855967322208691e+00
5.181533030283203800e+01 1.971782740798216471e+00
5.081354762757162291e+01 1.971639471512144581e+00
4.979665265332031510e+01 1.971720657440918734e+00
4.878389612402343545e+01 1.971797598353808967e+00
4.776128172584635223e+01 1.971820945941169079e+00
4.675722058089193212e+01 1.971763638226740500e+00
4.575111346315105010e+01 1.971889396822292362e+00
4.474114689674479450e+01 1.971884090552437518e+00
4.373601626601561776e+01 1.972171690378551778e+00
4.275092686871745684e+01 1.972049646171897708e+00
4.173891432952473934e+01 1.971984909679672882e+00
4.072578580517578217e+01 1.971777965155347534e+00
3.971753971588542242e+01 1.971538121757923978e+00
3.870352770328776160e+01 1.971684044178922735e+00
3.744111599466146600e+01 1.971859681711106704e+00
3.641385165833333559e+01 1.971796006472852802e+00
3.540700055048828432e+01 1.971876661774641271e+00
3.440219541542968784e+01 1.972240671886660301e+00
3.338344046591796399e+01 1.971898417481044552e+00
3.241285887565103963e+01 1.971909030020753795e+00
3.139322043789062633e+01 1.972335123490070563e+00
3.037892942900391091e+01 1.972067156862417736e+00
2.936026747825520999e+01 1.971866049234932028e+00
2.809850676097005362e+01 1.971890988703248304e+00
2.708077479785156427e+01 1.971855967322208913e+00
2.606276383844401678e+01 1.971964745854225987e+00
2.504917032027995205e+01 1.971972174632022679e+00
2.403706478232422228e+01 1.971883029298466816e+00
2.302161128889974506e+01 1.971869763623830485e+00
2.204000934521484822e+01 1.971984909679672882e+00
2.074476907324219255e+01 1.971816170298299697e+00
1.973112905569661280e+01 1.971894172465161077e+00
1.872181348063151773e+01 1.971888335568320771e+00
1.771105642473958852e+01 1.971642655274057576e+00
1.668853502532552469e+01 1.971863926726990401e+00
1.565750423909505606e+01 1.971910091274724497e+00
1.464172525000000213e+01 1.972011441028945544e+00
1.338889241396484664e+01 1.972475739641214920e+00
1.237102095270182645e+01 1.972084136925952080e+00
1.139690540944010699e+01 1.972295857093146809e+00
1.038470687272135784e+01 1.972225814331067584e+00
9.381203720345054009e+00 1.972138791505453570e+00
8.375003603841149058e+00 1.971919642560463037e+00
7.120171294401044015e+00 1.971785393933143782e+00
6.108716747786459678e+00 1.971825721584038238e+00
5.088427318684897394e+00 1.971791761456969327e+00
4.077856260319012272e+00 1.971828374718965327e+00
3.072121137630208665e+00 1.971901601242957547e+00
2.068710984016927323e+00 1.971620899567653629e+00
8.412668102864584441e-01 1.972001359116222208e+00
-1.869740130533854294e-01 1.971745596909235010e+00
-1.191639649967448200e+00 1.971902662496928249e+00
-2.199188248535156820e+00 1.971952541433560802e+00
-3.213386258658855077e+00 1.971874008639714182e+00
-4.216145420930990539e+00 1.972065564981461350e+00
-5.474651181510417075e+00 1.972192915457969598e+00
-6.495452103808594835e+00 1.971990746576512965e+00
-7.498908756803388087e+00 1.972239080005703915e+00
-8.501202925260418652e+00 1.971887804941335531e+00
-9.516888915592449649e+00 1.971935030743040773e+00
-1.072903479280599370e+01 1.971888866195306678e+00
-1.173504891178385634e+01 1.971866049234932250e+00
-1.275943028645833621e+01 1.971802373996678348e+00
-1.375995747841797368e+01 1.971334891622496421e+00
-1.476885455904948152e+01 1.971042516153512780e+00
-1.578644702402344357e+01 1.970601565128603516e+00
-1.679008967454427648e+01 1.970289556461158886e+00
-1.804678195924479667e+01 1.969516432943357431e+00
-1.906000348235677677e+01 1.968907273164060001e+00
-2.005969368544922560e+01 1.968132557765302160e+00
-2.102413735735677847e+01 1.967389149358685918e+00
-2.204572876914063073e+01 1.966666966031487052e+00
-2.305174288811849337e+01 1.965639141560669323e+00
-2.431471258932292301e+01 1.964616092732721420e+00
-2.532928259449870367e+01 1.963915665111926501e+00
-2.633380873326823490e+01 1.963256095769011500e+00
-2.735656262958984541e+01 1.962194841798110545e+00
-2.837345760384114612e+01 1.961367063700807378e+00
-2.937933222467448502e+01 1.960523366793941014e+00
-3.039618069954427781e+01 1.959747590141212248e+00
-3.138666402509766229e+01 1.959117735909482239e+00
-3.265656213414713704e+01 1.958262365208936151e+00
-3.369679979791666113e+01 1.957546549405563274e+00
-3.470193042864583077e+01 1.956987268562898841e+00
-3.571329197649739484e+01 1.956684280554206401e+00
-3.672934996188151757e+01 1.956408885148757548e+00
-3.774512895097656440e+01 1.955830501734616478e+00
-3.874416816272786690e+01 1.955329059233365641e+00
-3.975980765367839354e+01 1.954902435137063410e+00
-4.076554277636719092e+01 1.954436014016852186e+00
-4.177509084833984332e+01 1.953805098531151918e+00
-4.299300264886068135e+01 1.953410312053976305e+00
-4.400487568990885734e+01 1.952866950020874626e+00
-4.502125917096353902e+01 1.952435550281703458e+00
-4.602406483261718506e+01 1.952233912027232066e+00
-4.702886996767578864e+01 1.951820553605566166e+00
-4.803758105078125595e+01 1.951246415207308793e+00
-4.905494101884765712e+01 1.950837832428511831e+00
-5.006402409700521616e+01 1.950740197063189019e+00
-5.107096820361328326e+01 1.949983522981936446e+00
-5.207916779352213155e+01 1.949797803537028917e+00
-5.304472745058595251e+01 1.949563266409460205e+00
-5.405474051637369826e+01 1.949305912321516177e+00
-5.506400959205728896e+01 1.948892023272865037e+00
-5.605616689534506492e+01 1.948746631478851299e+00
-5.706752844319662898e+01 1.948684548121554005e+00
-5.807572803310547727e+01 1.948625117899183357e+00
-5.908797306920573078e+01 1.948112001604252796e+00
-6.033601646894532422e+01 1.948273312207829733e+00
-6.134119359905599111e+01 1.947995794294439698e+00
-6.234306927307942914e+01 1.947949629746705158e+00
-6.334875789638671506e+01 1.948201146937808659e+00
-6.432026947428384744e+01 1.947680601865081629e+00
-6.533562996894529817e+01 1.947882240119553021e+00
-6.634150458977866549e+01 1.947650356126910953e+00
-6.734886719082031448e+01 1.947575537721962569e+00
-6.834441894895833514e+01 1.947801584817764109e+00
-6.936442938177081885e+01 1.947659907412649050e+00
-7.035807466526694043e+01 1.947672111833314235e+00
-7.038760177252605388e+01 1.947720398888990623e+00
-6.951434338776043376e+01 1.947450309753396169e+00
-6.859556210849608249e+01 1.947722521396932027e+00
-6.767738532119140871e+01 1.947677418103168634e+00
-6.674688619778645204e+01 1.947887546389407420e+00
-6.581252762571614312e+01 1.947710847603252304e+00
-6.487333311796874113e+01 1.947521944396431781e+00
-6.390977293430989192e+01 1.947704480079426759e+00
-6.300377898496093820e+01 1.947795217293939007e+00
-6.205779556751301840e+01 1.947801584817764553e+00
-6.109656035292969278e+01 1.947475779848697686e+00
-5.989073839160155899e+01 1.947931057802214427e+00
-5.892164478154298024e+01 1.947907710214854538e+00
-5.794599475869140548e+01 1.947775584095477130e+00
-5.696662478531901996e+01 1.947669989325372386e+00
-5.600636605774739252e+01 1.947916730873607172e+00
-5.501904469013672383e+01 1.947790441651069848e+00
-5.405632149534503839e+01 1.947890730151319971e+00
-5.306365269886069314e+01 1.947734725817597656e+00
-5.211492581790364653e+01 1.947926282159345490e+00
-5.113202189153646060e+01 1.947993141159512165e+00
-5.014693249423828547e+01 1.947731542055684884e+00
-4.915761165322265924e+01 1.947957058524501406e+00
-4.816410586787109338e+01 1.947864198802047531e+00
-4.715609227548827675e+01 1.947790441651069848e+00
-4.617611781015625638e+01 1.947684846880965326e+00
-4.518344901367187560e+01 1.947673173087285381e+00
-4.417650490706380850e+01 1.948040897588202647e+00
-4.294306231311849587e+01 1.948030815675478866e+00
-4.196164636695964134e+01 1.947963956675312192e+00
-4.098055591647135287e+01 1.948014366238929984e+00
-3.998230719420573109e+01 1.948270659072902422e+00
-3.898503495895182880e+01 1.948153921136103639e+00
-3.798534475585937997e+01 1.948234045810906867e+00
-3.698114411276042546e+01 1.948136410445583611e+00
-3.596666710634764996e+01 1.948096613421674839e+00
-3.497590478450521090e+01 1.947986773635686619e+00
-3.396961166923827591e+01 1.947932649683170814e+00
-3.271208239567057063e+01 1.947879586984625710e+00
-3.170267382184245264e+01 1.948000039310322951e+00
-3.073911363818359277e+01 1.948123144770947279e+00
-2.973347151425781476e+01 1.948358212525501898e+00
-2.872885237672526415e+01 1.948287639136437210e+00
-2.771670033938802646e+01 1.948429316541552270e+00
-2.670668727360026651e+01 1.948146492358307391e+00
-2.569862718183594197e+01 1.948204330699721432e+00
-2.444281838538411833e+01 1.948113062858223721e+00
-2.343131733938802341e+01 1.948379968231905401e+00
-2.241418986822917248e+01 1.948376253843007166e+00
-2.139687639954427212e+01 1.948502543065544490e+00
-2.042001739277344186e+01 1.948511033097311440e+00
-1.938587114798177424e+01 1.948587443383216211e+00
-1.812931836142578490e+01 1.948445235351115912e+00
-1.710679696201172462e+01 1.948603362192780297e+00
-1.609241295436198271e+01 1.948666506804048737e+00
-1.507323951041666987e+01 1.948925983399933948e+00
-1.406862037288411571e+01 1.948966311050828182e+00
-1.304935393017578349e+01 1.949263462162680316e+00
-1.203845737613932698e+01 1.949363220035944977e+00
-1.077711515328776315e+01 1.949785068489378048e+00
-9.791467763411461078e+00 1.950241407696865714e+00
-8.797775980533856455e+00 1.950853220611090011e+00
-7.787855913509116768e+00 1.951204495675458395e+00
-6.782864780924481529e+00 1.952047661955339297e+00
-5.529287954785157666e+00 1.953011280560917662e+00
-4.504953079492188373e+00 1.954055554468284273e+00
-3.496334995149739999e+00 1.955239383272824760e+00
-2.487437914518229931e+00 1.956420558942437715e+00
-1.482539780696614962e+00 1.957271154000114421e+00
-4.641103268554688244e-01 1.958080890779912542e+00
8.023933273437502400e-01 1.959103939607861111e+00
1.774834892871093972e+00 1.959552319410566401e+00
2.781500003190104486e+00 1.960333932960135250e+00
3.795698013313803187e+00 1.961059830676231464e+00
4.801712132291668489e+00 1.961703481209583266e+00
5.808005247558594597e+00 1.962171494210750655e+00
7.072323430826824797e+00 1.962789144021815035e+00
8.079360536197917497e+00 1.963439162078992162e+00
9.082770689811201947e+00 1.963899215675377397e+00
1.008766882363281603e+01 1.964472292819664068e+00
1.110554028489583800e+01 1.964954632749438490e+00
1.206314854772135803e+01 1.965488974123787091e+00
1.332672274088541897e+01 1.966207443062087057e+00
1.433882827884114874e+01 1.966860644881176512e+00
1.535316578710937918e+01 1.967677279811785418e+00
1.636429483805339302e+01 1.968350645456321990e+00
1.737114594589844430e+01 1.969073359410505875e+00
1.837711356549479191e+01 1.969541372411673485e+00
1.938945160035808257e+01 1.970172287897374197e+00
2.065149131393229709e+01 1.970581931930142083e+00
2.166336435498047308e+01 1.970759691970268124e+00
2.263241146565755813e+01 1.971081782550436534e+00
2.364172704072266029e+01 1.971369913003536034e+00
2.464750866279297270e+01 1.971551387432560309e+00
2.565022132568359581e+01 1.971541305519836307e+00
2.667390520963541789e+01 1.971482405924451786e+00
2.794659328157552025e+01 1.971658043456635312e+00
2.895349088880208299e+01 1.971670247877300941e+00
2.998317319296874928e+01 1.971866579861917934e+00
3.099620871855468707e+01 1.972002420370192910e+00
3.201812562600911605e+01 1.971994991592396662e+00
3.302232626910807056e+01 1.972109076394268357e+00
3.403308332499999977e+01 1.971803435250649050e+00
3.506174264277343866e+01 1.972017277925785628e+00
3.606789625989583925e+01 1.971804496504620197e+00
3.732607652480469085e+01 1.971651675932810210e+00
3.835268986979166783e+01 1.971868171742874098e+00
3.936367942259114727e+01 1.971775312020420223e+00
4.037545946487630744e+01 1.971864987980961104e+00
4.138510053561198276e+01 1.972001889743207670e+00
4.239539259768881152e+01 1.971978011528862318e+00
4.341749550266927571e+01 1.972014094163872855e+00
4.438840258860676613e+01 1.971924948830316993e+00
4.538530282880859090e+01 1.971850130425368608e+00
4.640452277213541521e+01 1.971915397544579340e+00
4.741397784534506599e+01 1.971827844091979642e+00
4.842059645628255993e+01 1.971796537099838265e+00
4.944125788043619707e+01 1.971801312742707202e+00
5.044815548766276692e+01 1.971899478735015698e+00
5.144821768580729326e+01 1.972183894799216963e+00
5.246567065263672447e+01 1.972156302195974042e+00
5.347442823512369614e+01 1.971937683877967862e+00
5.445472819612630389e+01 1.972162139092813682e+00
5.545293041901042130e+01 1.971860742965077851e+00
5.646010702252604574e+01 1.971816700925285382e+00
5.746658613531901949e+01 1.971938214504953324e+00
5.847297224934896320e+01 1.971963153973269600e+00
5.948619377246095041e+01 1.972079361283083365e+00
6.051071464527996113e+01 1.971987562814600414e+00
6.150761488548177169e+01 1.972049646171898152e+00
6.251269901682942987e+01 1.972121280814933986e+00
6.352340957333984761e+01 1.972126587084788385e+00
6.454174602841794695e+01 1.971929724473186374e+00
6.551102563600259998e+01 1.971919111933477353e+00
6.650825137187500502e+01 1.971951480179589655e+00
6.751254501373698247e+01 1.971938745131939230e+00
6.852176759003906170e+01 1.971974827766949323e+00
6.952699121953126848e+01 1.971933438862084387e+00
7.054458368450521277e+01 1.972042217394101904e+00
7.155561973668619657e+01 1.972197691100838757e+00
7.255042750472004798e+01 1.971997114100338511e+00
7.356099856308594553e+01 1.972097933227574318e+00
7.456110726061199045e+01 1.972124995203832221e+00
7.557776973795573383e+01 1.971924948830316993e+00
7.654026043583984062e+01 1.972060789338592635e+00
7.754660005048829419e+01 1.972103239497428495e+00
7.854847572451173221e+01 1.972080422537054289e+00
7.955751230328776558e+01 1.971982256544746015e+00
8.056808336165366313e+01 1.972025767957553022e+00
