# User			Meike Reginka
# Sample		2020_0446_1
# State			after FC
# Profile		mere_beads_forc.txt
# Comment
# ML
# 
# Meas. type 		FORC
# angle (deg)		 0.000
# Hmin (kA/m)		-80.000
# Hmax (kA/m)		80.000
# pts./branch		161
# time/pt. (s)		 0.020
# dt (s)		 0.020
# nCycles		5
# Hstop (kA/m)		 0.000
# wait (s)		60.000
# nSched		5
# nMinorLoops		10
# nX			2
# nY			2
# dx (mm)		 0.250
# dy (mm)		 0.250
# avg. raster		no average raster
# Number			54
# ID			310368
# -----------------------------------------------
# H (kA/m) 	 I (arb.u.)
8.156898254866536035e+01 1.972358471077430453e+00
8.070251307360024384e+01 1.972188139815100660e+00
7.977494341123048116e+01 1.972036380497261820e+00
7.882979698264973933e+01 1.972227936839009432e+00
7.785326347154948223e+01 1.972040094886160055e+00
7.686087367135417026e+01 1.971726494337758595e+00
7.587862073632810223e+01 1.971766291361667589e+00
7.489181086191408099e+01 1.971786985814100168e+00
7.389370163779297229e+01 1.971687758567820969e+00
7.288182859674479630e+01 1.971806088385576361e+00
7.187200152848308221e+01 1.972223161196140273e+00
7.087021885322266712e+01 1.972253937561296411e+00
6.985797381712239940e+01 1.972469902744374837e+00
6.884345031132814086e+01 1.971996583473353271e+00
6.782599734449870255e+01 1.972293203958219721e+00
6.682686513398437000e+01 1.972102708870442811e+00
6.582536145501302371e+01 1.971810333401460058e+00
6.484985093030600467e+01 1.971911152528695643e+00
6.382523705872396391e+01 1.972189201069071363e+00
6.282610484820963848e+01 1.972145159029279116e+00
6.182483366614583531e+01 1.972045401156014455e+00
6.080473023457031445e+01 1.972080953164039530e+00
5.979392667929687377e+01 1.971826782838008718e+00
5.877270726256509903e+01 1.971820945941169079e+00
5.777138958111979150e+01 1.971776903901376388e+00
5.676323649059244758e+01 1.971714820544078650e+00
5.575791986233723918e+01 1.971535999249982130e+00
5.475316122666015417e+01 1.971538121757923978e+00
5.377816219514974705e+01 1.971635757123246568e+00
5.276256920358073899e+01 1.971543958654764062e+00
5.175901955182291658e+01 1.971739229385409464e+00
5.074575152932942501e+01 1.971949357671647807e+00
4.974452684664714042e+01 1.971660696591563067e+00
4.872772487115885554e+01 1.971773720139463837e+00
4.770148352122397029e+01 1.971834742242790872e+00
4.670848922906901635e+01 1.971788047068071315e+00
4.570461408164063499e+01 1.971845354782499671e+00
4.468855609625651937e+01 1.971808210893518210e+00
4.369779377441405899e+01 1.971855436695223451e+00
4.269870806328125212e+01 1.971654329067737521e+00
4.168525404326172179e+01 1.971736576250482376e+00
4.068179739026692232e+01 1.972096871973603172e+00
3.966671589189453329e+01 1.971867110488903396e+00
3.865805130817057034e+01 1.972071932505286895e+00
3.739661608655598712e+01 1.972067687489403198e+00
3.638623102571614254e+01 1.972102178243457793e+00
3.536064066712239651e+01 1.971858089830150096e+00
3.435555653577474544e+01 1.971864457353976086e+00
3.334442748483072450e+01 1.972239080005703471e+00
3.237733334817708908e+01 1.972187078561129958e+00
3.135146399329427425e+01 1.971979603409818482e+00
3.034735634895833556e+01 1.972092626957719474e+00
2.932553244026692596e+01 1.972362716093313928e+00
2.806493420751953138e+01 1.972256590696223943e+00
2.704817873141276507e+01 1.972440187633189623e+00
2.602905178684896015e+01 1.972242794394602150e+00
2.501620225878906467e+01 1.972208303640547555e+00
2.400930465156250548e+01 1.972267203235932742e+00
2.296209208056641415e+01 1.972362185466328688e+00
2.198830203297526609e+01 1.972379696156848716e+00
2.072063589423828489e+01 1.972324510950361542e+00
1.970369442060547271e+01 1.972416840045829733e+00
1.868712494202474517e+01 1.972222630569155033e+00
1.767208994303386049e+01 1.972119688933977599e+00
1.665356749042969042e+01 1.972342021640880905e+00
1.562932561389974495e+01 1.972293203958219721e+00
1.462196301285807820e+01 1.972315490291608686e+00
1.336903717805989800e+01 1.972256060069238259e+00
1.235349068587239785e+01 1.972117566426035751e+00
1.138951200777995076e+01 1.972605212625664350e+00
1.037136155022786710e+01 1.972225814331067584e+00
9.370601861360679408e+00 1.972039564259174371e+00
8.368865685481774008e+00 1.972031604854392883e+00
7.111708406966148033e+00 1.972392431204499363e+00
6.102439331282553781e+00 1.972167445362668081e+00
5.085311860123699290e+00 1.972427452585538976e+00
4.074880299902345016e+00 1.972221038688198425e+00
3.075097098046875033e+00 1.972003481624163612e+00
2.075406894954427539e+00 1.972018869806742236e+00
8.399183282226565517e-01 1.971991807830483667e+00
-1.685137585937500626e-01 1.971983317798716717e+00
-1.186524718001302547e+00 1.972283652672482068e+00
-2.193794320279948362e+00 1.971912213782666345e+00
-3.196692980696615560e+00 1.971983848425702179e+00
-4.205078568131511929e+00 1.972031604854392661e+00
-5.468885258203126654e+00 1.971688819821791672e+00
-6.468342964388023475e+00 1.971961562092312992e+00
-7.477844536979168844e+00 1.971660696591562845e+00
-8.474791276562504194e+00 1.971602327623163120e+00
-9.481828381933596006e+00 1.971792292083954568e+00
-1.069825220224609907e+01 1.972299040855059804e+00
-1.171984361402994956e+01 1.972100055735515944e+00
-1.272278877382812823e+01 1.972053891187781849e+00
-1.372489694475911826e+01 1.971986501560629712e+00
-1.472654012187500427e+01 1.971385301186113992e+00
-1.573441421611328650e+01 1.971062679978960119e+00
-1.674703124726563175e+01 1.970804795264031517e+00
-1.799660912659505385e+01 1.969984976571510060e+00
-1.900504121341146302e+01 1.969160912863105573e+00
-2.001500777981771506e+01 1.967952144590248809e+00
-2.096633862613932919e+01 1.967440620176274413e+00
-2.197560770182292345e+01 1.966503532919968711e+00
-2.298771323977865322e+01 1.965650284727364028e+00
-2.424770698056640938e+01 1.964573642573885115e+00
-2.525544157666015721e+01 1.963896562540450308e+00
-2.626498964863281671e+01 1.962932943934871943e+00
-2.728058264020182833e+01 1.962066960694616613e+00
-2.730136786373697788e+01 1.962005407964304782e+00
-2.640355780553386111e+01 1.961916793257734604e+00
-2.546780425201823306e+01 1.961891853789418327e+00
-2.453553815211589040e+01 1.962030878059606298e+00
-2.336566021269531745e+01 1.962332274187342129e+00
-2.239405563603516214e+01 1.962805062831378455e+00
-2.144188780084635937e+01 1.962563096926013273e+00
-2.051659660817057329e+01 1.962705304958114017e+00
-1.956010433050130715e+01 1.963033763062107973e+00
-1.858752326682943234e+01 1.963168542316412246e+00
-1.740188203707682746e+01 1.963583492619034532e+00
-1.641404917626953619e+01 1.963723047516207743e+00
-1.543026176165365193e+01 1.964304084065275902e+00
-1.445470473756510899e+01 1.964823037257046767e+00
-1.348375115224609466e+01 1.965027328646445248e+00
-1.250149821722005505e+01 1.965525056758797851e+00
-1.151701331188151123e+01 1.966000498537761265e+00
-1.029296359300130348e+01 1.966190993625538175e+00
-9.347073174316408384e+00 1.966560840634397067e+00
-8.359658807942711434e+00 1.967200776778850857e+00
-7.368291994140625967e+00 1.967485192843052122e+00
-6.385434567154949725e+00 1.967969124653783375e+00
-5.148690517122397559e+00 1.968593672615658763e+00
-4.146768343717449845e+00 1.968825556608300609e+00
-3.147775631347657033e+00 1.968962458370547175e+00
-2.165569195703125782e+00 1.969550923697411582e+00
-1.165460498177083526e+00 1.969758398848723280e+00
-1.658632938476563012e-01 1.970033263627186004e+00
1.052838996158854457e+00 1.970299638373882223e+00
2.050901720898438363e+00 1.970319802199329562e+00
3.046499978417969157e+00 1.970594136350807268e+00
4.050189128320313081e+00 1.970466255247314002e+00
5.045926883984376943e+00 1.970595728231763877e+00
6.047709559244792921e+00 1.970652505319206771e+00
7.301053888476563891e+00 1.970892348716630771e+00
8.300883589713544453e+00 1.971143865907734272e+00
9.308153191992190045e+00 1.971083374431392699e+00
1.029956650517578254e+01 1.971057373709105498e+00
1.130525512848307557e+01 1.971017046058211264e+00
1.226788532451172209e+01 1.971175703526861334e+00
1.351611472177734896e+01 1.971558816210356113e+00
1.452370981972656594e+01 1.971556163075429247e+00
1.552897994860026110e+01 1.971670247877300941e+00
1.653773753108724165e+01 1.971798128980794651e+00
1.754537912841797365e+01 1.971936091997011919e+00
1.854939377399089295e+01 1.972078830656097681e+00
1.955364091647135893e+01 1.972321327188448770e+00
2.080307929765625374e+01 1.972488474688865567e+00
2.181657981705729910e+01 1.972790401443586861e+00
2.277916351370443238e+01 1.972749012538721702e+00
2.378429414443359846e+01 1.972520842934978091e+00
2.479216823867187713e+01 1.972580803784333758e+00
2.579511339847005047e+01 1.972665704102005924e+00
2.680898591292318045e+01 1.972432228228407913e+00
2.807158361907552546e+01 1.972114913291108440e+00
2.909080356240234622e+01 1.972105892632355806e+00
3.009667818323568156e+01 1.972165853481711695e+00
3.111947857893880709e+01 1.972067156862418180e+00
3.214083749381510557e+01 1.972143567148322951e+00
3.311811499501953193e+01 1.972234834989820662e+00
3.413975290618488856e+01 1.971936091997011475e+00
3.516464577405599101e+01 1.972221038688198425e+00
3.620948687659505794e+01 1.972476800895185622e+00
3.745460081529947871e+01 1.972323449696390618e+00
3.846963581429037049e+01 1.972513414157181622e+00
3.948346182936197835e+01 1.972459290204665594e+00
4.048766247246094707e+01 1.972642887141631718e+00
4.149135162236328256e+01 1.972301163363001653e+00
4.249564526422526711e+01 1.972076708148155832e+00
4.351481870817057285e+01 1.971866049234932028e+00
4.448284283245442339e+01 1.971984379052687864e+00
4.548997293658854346e+01 1.972041686767116220e+00
4.649203460813802735e+01 1.972082014418010232e+00
4.750595362197265814e+01 1.972198221727824219e+00
4.851159574589843970e+01 1.972111198902210205e+00
4.953193167438151789e+01 1.972020461687698178e+00
5.052032252776692900e+01 1.972368022363168327e+00
5.152740613251953761e+01 1.972345736029779362e+00
5.253569872119140882e+01 1.972366961109197625e+00
5.354980373255208548e+01 1.972279938283583611e+00
5.451982733024089356e+01 1.971882498671481132e+00
5.552305148632813570e+01 1.972354226061546534e+00
5.651906823828124971e+01 1.972125525830817683e+00
5.751289951930338162e+01 1.972474678387244218e+00
5.852509805602213788e+01 1.972159485957886149e+00
5.953762208841146020e+01 1.972221569315183887e+00
6.054377570553386079e+01 1.972294795839176107e+00
6.155792721627604180e+01 1.972308592140797900e+00
6.255454846018880488e+01 1.972156302195973154e+00
6.355749361998698532e+01 1.972353164807575610e+00
6.458057301197916900e+01 1.972267733862917982e+00
6.552716092138672366e+01 1.972269325743875035e+00
6.653275654593099375e+01 1.972193446084955504e+00
6.753970065253906796e+01 1.972013563536887393e+00
6.853785637604165970e+01 1.972026298584538040e+00
6.955177538987631181e+01 1.971958908957385903e+00
7.056155595875650022e+01 1.972400390609280851e+00
7.156491961298829096e+01 1.972390308696557071e+00
7.256437731917317535e+01 1.972331409101172328e+00
7.356997294371744545e+01 1.972414717537887885e+00
7.455938678349609461e+01 1.972574436260508435e+00
7.557962971321614987e+01 1.972652969054355498e+00
7.654198091295572226e+01 1.972674194133773318e+00
7.753981114078776216e+01 1.972827014705583082e+00
7.853880385315756030e+01 1.972853546054855745e+00
7.954332999192709508e+01 1.972610518895519194e+00
8.055311056080728349e+01 1.972680561657598863e+00
