# User			Meike Reginka
# Sample		2020_0446_1
# State			after FC
# Profile		mere_beads_forc.txt
# Comment
# ML
# 
# Meas. type 		FORC
# angle (deg)		 0.000
# Hmin (kA/m)		-80.000
# Hmax (kA/m)		80.000
# pts./branch		161
# time/pt. (s)		 0.020
# dt (s)		 0.020
# nCycles		5
# Hstop (kA/m)		 0.000
# wait (s)		60.000
# nSched		5
# nMinorLoops		10
# nX			2
# nY			2
# dx (mm)		 0.250
# dy (mm)		 0.250
# avg. raster		no average raster
# Number			61
# ID			310375
# -----------------------------------------------
# H (kA/m) 	 I (arb.u.)
8.157502746826172313e+01 1.972546313030279608e+00
8.070939498206379881e+01 1.972590885697057317e+00
7.977615239514975087e+01 1.972614233284417429e+00
7.883272644368490489e+01 1.972595661339926920e+00
7.785968038619790832e+01 1.972615825165373593e+00
7.686003668248699228e+01 1.972581865038305127e+00
7.587862073632810223e+01 1.972468841490403690e+00
7.489808827841798688e+01 1.972637050244791412e+00
7.388793571448566411e+01 1.972252876307325486e+00
7.288796651510418201e+01 1.972202466743707694e+00
7.187804644807941656e+01 1.972028421092480333e+00
7.086394143671876122e+01 1.972146220283250262e+00
6.986332124599609017e+01 1.972146220283249818e+00
6.883889337194011659e+01 1.972239080005703915e+00
6.783362324306641256e+01 1.972502270990487361e+00
6.683490952698566900e+01 1.972297448974103418e+00
6.582108351191406825e+01 1.972200874862751308e+00
6.485022292535806798e+01 1.972294265212190867e+00
6.383137497708334251e+01 1.972211487402460328e+00
6.282517486057943756e+01 1.972072993759257820e+00
6.181358081582030906e+01 1.972237488124747529e+00
6.080793869189452749e+01 1.972329286593230480e+00
5.979894861250001270e+01 1.972227406212023970e+00
5.877298625885416783e+01 1.972291612077263778e+00
5.776353118564452416e+01 1.972490597196807416e+00
5.676026053017577766e+01 1.972357940450444547e+00
5.575647838151041924e+01 1.972532516728657814e+00
5.475041776315104158e+01 1.972617417046329980e+00
5.377895268463542067e+01 1.972476800895185622e+00
5.276331319368489403e+01 1.972473086506287387e+00
5.175292813284505655e+01 1.972351042299633761e+00
5.074909948479819377e+01 1.972560639958887085e+00
4.974578232994791449e+01 1.972289489569321708e+00
4.872042446826172579e+01 1.972112260156181351e+00
4.771380585732421764e+01 1.972247039410485847e+00
4.670397878906250355e+01 1.971977480901876634e+00
4.569387272451172066e+01 1.972004012251149296e+00
4.468176718655599444e+01 1.972141444640381103e+00
4.368835439996744441e+01 1.972277285148656523e+00
4.270038204101562940e+01 1.972285775180423473e+00
4.169301943997396620e+01 1.972238018751733213e+00
4.067933292304688564e+01 1.972101116989486869e+00
3.966397242838542070e+01 1.972391369950528217e+00
3.865781881126302721e+01 1.972329286593230480e+00
3.739461661315103669e+01 1.972084136925952524e+00
3.638255757457682193e+01 1.972051768679839556e+00
3.536570909970703269e+01 1.972115974545079142e+00
3.435341756422526061e+01 1.972421615688698893e+00
3.334893792483723729e+01 1.972382879918760823e+00
3.237347389951171550e+01 1.972585579427202918e+00
3.135076650257161646e+01 1.972665704102005924e+00
3.035302927350261015e+01 1.972451861426869790e+00
2.932669492480468421e+01 1.972430636347451527e+00
2.806628268958333550e+01 1.972493780958720411e+00
2.704655125305989927e+01 1.972596191966911938e+00
2.602668031839192508e+01 1.972608927014563029e+00
2.502206118085937803e+01 1.972164261600755530e+00
2.401074613238932542e+01 1.972405166252150011e+00
2.295516367272135838e+01 1.972487944061880105e+00
2.199374246061198690e+01 1.972500679109530752e+00
2.071235900432943211e+01 1.972442840768116712e+00
1.969146508326823408e+01 1.972438065125247775e+00
1.867856905582682714e+01 1.972308592140797900e+00
1.767125295416667186e+01 1.972284713926452770e+00
1.665691544589844497e+01 1.972657744697224436e+00
1.563546353225911822e+01 1.972529863593730726e+00
1.462107952460937810e+01 1.972639172752733705e+00
1.336150427825521092e+01 1.972646601530529953e+00
1.235009623102213716e+01 1.972644479022588104e+00
1.138802402757161758e+01 1.972750073792692849e+00
1.037205904095052134e+01 1.972690643570322200e+00
9.375530795800782968e+00 1.972556394943003388e+00
8.365052736197919003e+00 1.972244916902543999e+00
7.106825971907553274e+00 1.972389247442586369e+00
6.109507237272136848e+00 1.972605743252650257e+00
5.082103402799480918e+00 1.972470433371360521e+00
4.081715708984375190e+00 1.972387124934644520e+00
3.070400660514323476e+00 1.972240141259674617e+00
2.072895928352865180e+00 1.972214671164373101e+00
8.448472626627605564e-01 1.972287897688365321e+00
-1.734426930338542061e-01 1.972661459086122449e+00
-1.186199222330729608e+00 1.972326102831317485e+00
-2.185424431608073093e+00 1.971992869084454814e+00
-3.187439603776042407e+00 1.972166384108696935e+00
-4.195918189973959045e+00 1.972224753077096882e+00
-5.461677854069011850e+00 1.972290020196307170e+00
-6.464762512011720474e+00 1.972576558768450283e+00
-7.472683105631512390e+00 1.972437534498262313e+00
-8.474419281510419566e+00 1.972097933227574096e+00
-9.487361808333336199e+00 1.972155771568988358e+00
-1.069732221461588750e+01 1.971955725195473352e+00
-1.171231071422526426e+01 1.972036380497261820e+00
-1.270632799277343850e+01 1.971850661052354070e+00
-1.371117962721354644e+01 1.971931316354142538e+00
-1.472477314537760584e+01 1.971652737186781357e+00
-1.573301923466797270e+01 1.971389546201997467e+00
-1.674721724479167051e+01 1.970520909826815048e+00
-1.799530714391276476e+01 1.969850197317205787e+00
-1.900922615774740265e+01 1.969016051696077518e+00
-2.000868386393229414e+01 1.968134149646258324e+00
-2.002514464498698743e+01 1.968242397551290601e+00
-1.914151689814453761e+01 1.968366033638900392e+00
-1.820074141142578483e+01 1.968822372846387614e+00
-1.703081697262370398e+01 1.969052664958073739e+00
-1.607502218567708496e+01 1.969619905205520327e+00
-1.512052938141276393e+01 1.969873544904565676e+00
-1.416864054251302463e+01 1.969926607603110558e+00
-1.320577784957682610e+01 1.970651444065236069e+00
-1.224965756695963748e+01 1.971124763336257635e+00
-1.127805299029948394e+01 1.971154478447443070e+00
-1.006576761494140726e+01 1.971167213495093939e+00
-9.129037574414065048e+00 1.971254766947693415e+00
-8.162315432812503602e+00 1.971492487837175123e+00
-7.189455372851563553e+00 1.971680329790024278e+00
-6.211387382161460025e+00 1.971768944496594678e+00
-4.981246244303386916e+00 1.971746658163206156e+00
-3.991041915039063248e+00 1.971923356949360828e+00
-3.009672468261719303e+00 1.972033196735348826e+00
-2.028954012825521680e+00 1.971820945941169079e+00
-1.036517713248698014e+00 1.971891519330233766e+00
-2.385418271484374825e-02 1.972077769402126979e+00
1.170017437565104457e+00 1.971849599798383146e+00
2.150131401041667001e+00 1.972116505172064826e+00
3.142474701855469732e+00 1.972057074949694400e+00
4.140211930924479589e+00 1.972098994481545020e+00
5.140506625976563271e+00 1.971980664663789629e+00
6.130292460807293509e+00 1.972049115544912468e+00
7.377917366113283748e+00 1.972129240219715474e+00
8.374817606315108520e+00 1.971981195290774869e+00
9.373066328580732076e+00 1.972014624790858095e+00
1.036764159970703503e+01 1.972015686044829241e+00
1.136635531578776437e+01 1.971932908235099369e+00
1.232489356624349242e+01 1.972234304362834978e+00
1.357726140846354568e+01 1.972292142704249018e+00
1.457830009361979506e+01 1.971850661052354514e+00
1.558194274414062797e+01 1.971964215227240746e+00
1.658614338723958781e+01 1.972063973100505185e+00
1.758983253714193395e+01 1.972340429759924962e+00
1.859203370683594514e+01 1.972260305085121734e+00
1.959781532890625400e+01 1.972297979601088658e+00
2.084604472617187909e+01 1.972255529442252797e+00
2.186024273629557868e+01 1.972431166974437211e+00
2.283021983460287174e+01 1.972377573648905980e+00
2.382795706367187449e+01 1.972252345680340246e+00
2.482332282428385639e+01 1.972328225339259333e+00
2.583328939069010843e+01 1.972496964720632739e+00
2.684562742555338843e+01 1.972245447529529017e+00
2.811092209583333101e+01 1.972176996648406178e+00
2.912851456080729307e+01 1.972310714648739749e+00
3.013345919401042039e+01 1.972119158306992137e+00
3.115142365403646352e+01 1.971929724473186374e+00
3.218045496686197993e+01 1.972139322132439476e+00
3.315247803795573134e+01 1.972190262323042509e+00
3.417281396643880242e+01 1.971899478735015698e+00
3.519933431266276358e+01 1.971796537099838265e+00
3.623459654261068152e+01 1.972087320687864853e+00
3.748217494853516030e+01 1.971789108322042017e+00
3.849809343577474152e+01 1.971861273592063091e+00
3.951517440755208099e+01 1.971503100376884365e+00
4.051691058343099172e+01 1.972037441751232523e+00
4.152143672220051940e+01 1.971909030020753351e+00
4.252428888323567691e+01 1.972334062236099417e+00
4.354471781048177803e+01 1.972507577260341982e+00
4.450474404114583393e+01 1.972507046633356298e+00
4.551071166074218155e+01 1.972183894799217185e+00
4.651793476363933166e+01 1.972297448974103418e+00
4.752766883313802282e+01 1.972045401156014455e+00
4.853572892490234381e+01 1.972066626235432496e+00
4.955099642080077871e+01 1.972044870529028771e+00
5.054631568203124914e+01 1.971968990870109240e+00
5.155493376637369352e+01 1.972248100664456549e+00
5.255583295338541916e+01 1.972148873418177351e+00
5.357254193011068821e+01 1.972238018751732769e+00
5.453377714469402804e+01 1.972044870529028771e+00
5.554304622037761163e+01 1.972071932505286895e+00
5.654743286100259780e+01 1.972119158306992137e+00
5.754954103193360027e+01 1.972111729529195445e+00
5.854207033027343243e+01 1.972319204680506921e+00
5.955357137626953090e+01 1.971999236608280359e+00
6.056521192041016377e+01 1.972062381219548799e+00
6.157020305299479901e+01 1.972135607743541019e+00
6.256445282845052702e+01 1.971907438139797408e+00
6.358078981012370434e+01 1.972069279370359585e+00
6.459759178561196791e+01 1.972029482346451035e+00
6.556584840680339710e+01 1.971933438862084165e+00
6.655228628616535502e+01 1.972140383386410178e+00
6.755713792060548428e+01 1.972097402600588856e+00
6.856264054638671723e+01 1.972107484513312192e+00
6.957130513011068729e+01 1.972095280092647007e+00
7.057071633691406021e+01 1.972296387720132715e+00
7.158365886373699993e+01 1.972098463854559114e+00
7.258316306930338158e+01 1.972075116267199890e+00
7.357625036022135134e+01 1.972258182577180108e+00
7.457640555712890773e+01 1.972350511672648299e+00
7.558981307776693370e+01 1.972241733140631226e+00
7.655244327379557490e+01 1.972559578704916383e+00
7.755655091813150648e+01 1.972378104275891886e+00
7.855512513606771563e+01 1.972427452585538532e+00
7.955807029586588897e+01 1.972494311585705651e+00
8.056892035052084111e+01 1.972435942617305926e+00
