# User			Meike Reginka
# Sample		2020_0446_1
# State			after FC
# Profile		mere_beads_forc.txt
# Comment
# ML
# 
# Meas. type 		FORC
# angle (deg)		 0.000
# Hmin (kA/m)		-80.000
# Hmax (kA/m)		80.000
# pts./branch		161
# time/pt. (s)		 0.020
# dt (s)		 0.020
# nCycles		5
# Hstop (kA/m)		 0.000
# wait (s)		60.000
# nSched		5
# nMinorLoops		10
# nX			2
# nY			2
# dx (mm)		 0.250
# dy (mm)		 0.250
# avg. raster		no average raster
# Number			64
# ID			310378
# -----------------------------------------------
# H (kA/m) 	 I (arb.u.)
8.158400184889325146e+01 1.971886213060379367e+00
8.071144095485026071e+01 1.971919642560462593e+00
7.979312466940105253e+01 1.971769475123580140e+00
7.883923635709635391e+01 1.972258713204165792e+00
7.785275197835285610e+01 1.971904254377884413e+00
7.686952255631511832e+01 1.972079891910068827e+00
7.588773461510413654e+01 1.971798128980794651e+00
7.491082910895183034e+01 1.971794414591896416e+00
7.389235315572915397e+01 1.971851722306324994e+00
7.289066347923176181e+01 1.971855436695223007e+00
7.187855794127604270e+01 1.971638940885159563e+00
7.087589177776692395e+01 1.971793353337925270e+00
6.987080764641926578e+01 1.971907968766782648e+00
6.884507778968098535e+01 1.971600735742207178e+00
6.783701769791666436e+01 1.971876661774641271e+00
6.682826011542968558e+01 1.971671309131271643e+00
6.582024652304687606e+01 1.972000828489236746e+00
6.486082478434245502e+01 1.972353164807575610e+00
6.383876837874348809e+01 1.972518720427036243e+00
6.282712783460286232e+01 1.972690112943336516e+00
6.181553378984375513e+01 1.972982488412320157e+00
6.081328612076822537e+01 1.972721419935478337e+00
5.979485666692708179e+01 1.972386594307659058e+00
5.877982166793620422e+01 1.972325572204332467e+00
5.777324955638021464e+01 1.972839749753233951e+00
5.676974640400390371e+01 1.972854076681840985e+00
5.576261629986979784e+01 1.972521373561963776e+00
5.475069675944011038e+01 1.972538353625497898e+00
5.378681108011068090e+01 1.972208303640547555e+00
5.276698664482422885e+01 1.972189731696056825e+00
5.175804306481120420e+01 1.972087320687865075e+00
5.075788786790364782e+01 1.972051238052854316e+00
4.974406185283203286e+01 1.972074055013228744e+00
4.872791086868489430e+01 1.971892049957219228e+00
4.771627032454427564e+01 1.972034788616305434e+00
4.670788473710937438e+01 1.971797067726823727e+00
4.569912715462240271e+01 1.971656451575679148e+00
4.469594949791667204e+01 1.971855967322208691e+00
4.369528280781250373e+01 1.972039033632188909e+00
4.270475298287760779e+01 1.971910621901709959e+00
4.169004347955728917e+01 1.972202997370693156e+00
4.068044890820312531e+01 1.971793353337925714e+00
3.966741338261719108e+01 1.972088381941835777e+00
3.866786267766926954e+01 1.971857028576179616e+00
3.739024567128906540e+01 1.971844824155514209e+00
3.638255757457682193e+01 1.971889927449277380e+00
3.537217251373697735e+01 1.972141975267366121e+00
3.436741387805989945e+01 1.972068218116388882e+00
3.334982141308594095e+01 1.972006134759091145e+00
3.238072780302734799e+01 1.972235365616805680e+00
3.135950838629557325e+01 1.972347858537721210e+00
3.034242741451823377e+01 1.972219977434227722e+00
2.933278634378255134e+01 1.971915928171564802e+00
2.807572206402995363e+01 1.972209364894518702e+00
2.704943421471354625e+01 1.972278346402627225e+00
2.603570119840494712e+01 1.971976950274891394e+00
2.502238667652994764e+01 1.972020992314683641e+00
2.401483807796223857e+01 1.971801843369692664e+00
2.295888362324219401e+01 1.971776373274390926e+00
2.198802303668620084e+01 1.971732331234599123e+00
2.071612545423177210e+01 1.971864987980961104e+00
1.969485953811849299e+01 1.971803435250649050e+00
1.868763643522136064e+01 1.971882498671481132e+00
1.767878585397135893e+01 1.971817231552270844e+00
1.666547133209635945e+01 1.971845885409485355e+00
1.563778850133464005e+01 1.971508937273724005e+00
1.463298336627604534e+01 1.971625675210523232e+00
1.336815368981120145e+01 1.971497794107029522e+00
1.235893111350911866e+01 1.971661757845533547e+00
1.139160447994792058e+01 1.971706861139297162e+00
1.038010343395182566e+01 1.971877723028611973e+00
9.371113354557294883e+00 1.971678207282082873e+00
8.367610202180992829e+00 1.971771597631521988e+00
7.109290439127605055e+00 1.971880906790524968e+00
6.113134189029949539e+00 1.971785393933143560e+00
5.097029704264324224e+00 1.971850130425368608e+00
4.079111743619792563e+00 1.971708983647239011e+00
3.078863547949219459e+00 1.971654329067737521e+00
2.078522353515625642e+00 1.971782740798216471e+00
8.482417175130209097e-01 1.972114913291107996e+00
-1.729776992187500306e-01 1.971921234441419202e+00
-1.178061830566406565e+00 1.972080422537054289e+00
-2.172544102929688581e+00 1.971972705259007697e+00
-3.194926004199219349e+00 1.972560109331901401e+00
-4.201219119466147234e+00 1.972483168419011168e+00
-5.456934917154949716e+00 1.972085728806908911e+00
-6.463786025000000990e+00 1.972295326466161347e+00
-7.470218638411459722e+00 1.972216793672314727e+00
-8.467909368098961664e+00 1.972119688933977377e+00
-9.483548859049481194e+00 1.972103239497428495e+00
-1.069522974244791769e+01 1.972582926292275829e+00
-1.170845126555989779e+01 1.972225814331067584e+00
-1.271758084309896120e+01 1.971971113378051088e+00
-1.372568743424479720e+01 1.971742413147322459e+00
-1.471207881422526320e+01 1.971592776337425468e+00
-1.572953178105469263e+01 1.971131661487069087e+00
-1.674419478499349268e+01 1.970577686914258386e+00
-1.676219004563802528e+01 1.970425396969434306e+00
-1.585424312226562904e+01 1.970515072929974965e+00
-1.493188139062500319e+01 1.970674261025610496e+00
-1.398217802265625487e+01 1.971298808987485662e+00
-1.303507862005208473e+01 1.970978840915258878e+00
-1.209518662158203384e+01 1.971337544757423732e+00
-1.113037095462239812e+01 1.971416077551269908e+00
-9.936871329394532992e+00 1.971688289194806210e+00
-9.009534163932293893e+00 1.971756740075929493e+00
-8.042626024804688356e+00 1.971796006472852802e+00
-7.069161472884116115e+00 1.972089443195806924e+00
-6.105229294173177834e+00 1.972288958942336023e+00
-4.878529110546875991e+00 1.972265080727990894e+00
-3.897903653873699525e+00 1.972322388442419472e+00
-2.927461561751302455e+00 1.972381288037804659e+00
-1.946371111263021092e+00 1.972456106442753043e+00
-9.545393036458336145e-01 1.972535169863585125e+00
5.319529244791666722e-02 1.972330878474186866e+00
1.236139558072917088e+00 1.972295326466161569e+00
2.220298967740885754e+00 1.972429575093480381e+00
3.217478204231771777e+00 1.972092626957719474e+00
4.196848177604167063e+00 1.971981725917760331e+00
5.190911955533855426e+00 1.971917520052521189e+00
6.186696210579428090e+00 1.972026298584538040e+00
7.423951753808594844e+00 1.972089443195806924e+00
8.413551591113284545e+00 1.972429044466494918e+00
9.415520263899741948e+00 1.972440187633189623e+00
1.040567809378255504e+01 1.972205119878635449e+00
1.141462167379557613e+01 1.972470433371360521e+00
1.236599901949870173e+01 1.972238549378718675e+00
1.361655338583984509e+01 1.972157363449944301e+00
1.461424411552734881e+01 1.972370144871109732e+00
1.561877025429688004e+01 1.972156832822959061e+00
1.661952994316406773e+01 1.972213079283416493e+00
1.762791553059896188e+01 1.972188139815100660e+00
1.861821285862630404e+01 1.972430105720466065e+00
1.962557545966797434e+01 1.972327164085289075e+00
2.086943391507162104e+01 1.972217854926285874e+00
2.189009533922526529e+01 1.972197691100838757e+00
2.284337915957031839e+01 1.972112260156181351e+00
2.385213674205729362e+01 1.971918050679506429e+00
2.485689537773437863e+01 1.972145159029279116e+00
2.585254013463541867e+01 1.972149934672148497e+00
2.687292256250000477e+01 1.972273040132772826e+00
2.813207931442057230e+01 1.972185486680173572e+00
2.913674495133463438e+01 1.972052299306825240e+00
3.014978047692057572e+01 1.972005604132105461e+00
3.117118589117838567e+01 1.971725433083787893e+00
3.219928721637369762e+01 1.971646369662955811e+00
3.317647171881511525e+01 1.971588531321541771e+00
3.419294819863281276e+01 1.971636287750232031e+00
3.522030553372395900e+01 1.971598613234265107e+00
3.624947634469400981e+01 1.971442608900542570e+00
3.750658712382812610e+01 1.971814578417343533e+00
3.852366809560547267e+01 1.971534937996010983e+00
3.952838023190104622e+01 1.971860742965077851e+00
4.052695444983724116e+01 1.971920173187448277e+00
4.153459604716796605e+01 1.972191854203998673e+00
4.253944768160806689e+01 1.972140383386409956e+00
4.355917911813151022e+01 1.972105362005370344e+00
4.452204181106771586e+01 1.972171690378551778e+00
4.552721894117838985e+01 1.972043278648072162e+00
4.653997547047526240e+01 1.972227936839009432e+00
4.754264163398438114e+01 1.971926010084288139e+00
4.855367768616537205e+01 1.971869232996844801e+00
4.956913117958985282e+01 1.972179649783333488e+00
5.055994000081380335e+01 1.972204589251649542e+00
5.157525399609374972e+01 1.972135077116555557e+00
5.257308422392578962e+01 1.972296387720132715e+00
5.359132768024090154e+01 1.972318674053521681e+00
5.455460886761067485e+01 1.972321327188448770e+00
5.555946050205078990e+01 1.972654030308326201e+00
5.655626774348958463e+01 1.972427983212524216e+00
5.756088688102213524e+01 1.972490597196807860e+00
5.855792661936848731e+01 1.972529332966745264e+00
5.956659120309245736e+01 1.972138791505453570e+00
6.058478816002604361e+01 1.972311775902710895e+00
6.159201126292317952e+01 1.972361654839343004e+00
6.259012048704425979e+01 1.972218916180256798e+00
6.359301914746095008e+01 1.971912744409651808e+00
6.461493605491534709e+01 1.971932908235098925e+00
6.557045184557291861e+01 1.972097933227574096e+00
6.656795657773436403e+01 1.971923887576346290e+00
6.757266871402997310e+01 1.972117566426035751e+00
6.857380039794922766e+01 1.971989685322542263e+00
6.957841953548177116e+01 1.971948296417677104e+00
7.058536364208984537e+01 1.972157894076929985e+00
7.159830616891277089e+01 1.972186017307158812e+00
7.259683388746745436e+01 1.972020461687698401e+00
7.359215314869793190e+01 1.972121280814933986e+00
7.459477281282552497e+01 1.971931846981128222e+00
7.560469287985027620e+01 1.972045401156014455e+00
7.657108952578123251e+01 1.971745066282249770e+00
7.756315383030602106e+01 1.971840048512645271e+00
7.856916794928386594e+01 1.971847477290441519e+00
7.957118312145183836e+01 1.971688819821791672e+00
8.057803422929687542e+01 1.972075646894185130e+00
