# User			Meike Reginka
# Sample		2020_0446_1
# State			after FC
# Profile		mere_beads_forc.txt
# Comment
# ML
# 
# Meas. type 		FORC
# angle (deg)		 0.000
# Hmin (kA/m)		-80.000
# Hmax (kA/m)		80.000
# pts./branch		161
# time/pt. (s)		 0.020
# dt (s)		 0.020
# nCycles		5
# Hstop (kA/m)		 0.000
# wait (s)		60.000
# nSched		5
# nMinorLoops		10
# nX			2
# nY			2
# dx (mm)		 0.250
# dy (mm)		 0.250
# avg. raster		no average raster
# Number			6
# ID			310320
# -----------------------------------------------
# H (kA/m) 	 I (arb.u.)
8.170025030266927502e+01 1.972777135768950307e+00
8.082629442718098289e+01 1.972650315919428188e+00
7.990086373636069084e+01 1.972381288037804659e+00
7.895911176263021503e+01 1.972224753077096882e+00
7.797630083502602361e+01 1.972331409101172328e+00
7.698651500019532534e+01 1.972431697601422229e+00
7.598073337812500938e+01 1.972556925569988628e+00
7.502382260602215069e+01 1.972487944061880327e+00
7.400915960208332933e+01 1.972565946228741485e+00
7.300054151774088496e+01 1.972593008204999165e+00
7.198620400947264386e+01 1.972300102109030506e+00
7.097977139606121000e+01 1.972387655561629760e+00
6.997273429069009865e+01 1.972348389164706894e+00
6.895104988014323055e+01 1.972320265934477623e+00
6.794103681435545639e+01 1.972231651227907223e+00
6.693055875475261018e+01 1.972491658450778118e+00
6.592947357021482446e+01 1.972370144871110176e+00
6.496024046201173974e+01 1.972254468188281651e+00
6.392995366588542083e+01 1.972387124934644520e+00
6.292672950979817870e+01 1.972154710315017212e+00
6.192057589267577811e+01 1.972368022363168327e+00
6.090061195924479875e+01 1.972537292371526974e+00
5.990110775367838869e+01 1.972368022363168327e+00
5.887747036910808873e+01 1.972546843657265292e+00
5.786294686331380177e+01 1.972370675498095638e+00
5.685493327093098515e+01 1.972275693267700136e+00
5.584473420761719353e+01 1.972265080727991338e+00
5.483165218264974072e+01 1.972113321410152054e+00
5.387343942786458229e+01 1.971951480179590099e+00
5.285631195670573845e+01 1.972416840045829733e+00
5.183937048307292628e+01 1.972089973822792164e+00
5.083158938759765988e+01 1.972103239497428495e+00
4.982427328593750104e+01 1.972154179688031750e+00
4.881026127333984732e+01 1.972284183299467308e+00
4.778941385166016431e+01 1.971988624068571117e+00
4.678405072402344445e+01 1.972203527997678840e+00
4.577622312916667369e+01 1.972461412712607443e+00
4.476272260976562478e+01 1.972285244553438011e+00
4.375884746233725053e+01 1.972475739641214920e+00
4.276520217884114317e+01 1.971922826322375588e+00
4.176086203759764715e+01 1.972327164085288631e+00
4.075256944892578304e+01 1.972221038688198647e+00
3.973367500126953900e+01 1.972062381219548799e+00
3.872477792063802582e+01 1.972447085784000409e+00
3.746013424169921535e+01 1.972162669719799144e+00
3.644105379651693255e+01 1.972077769402126979e+00
3.542746027835286071e+01 1.972271978878801679e+00
3.441419225585936914e+01 1.972796238340427166e+00
3.339734378098957990e+01 1.972632274601922919e+00
3.242401872721353584e+01 1.972608396387577345e+00
3.140521727832031829e+01 1.972371206125081322e+00
3.039255374778646512e+01 1.972450269545913404e+00
2.938677212571614916e+01 1.972144097775308413e+00
2.811450254820963579e+01 1.972148873418177351e+00
2.709807256777344264e+01 1.972201405489736992e+00
2.607197071598307048e+01 1.972185486680173572e+00
2.506112066132812899e+01 1.972219977434227278e+00
2.405231657945963875e+01 1.972413125656931498e+00
2.302984167942708638e+01 1.972669949117889843e+00
2.207432588876953616e+01 1.972406758133105953e+00
2.076713527574870000e+01 1.972586110054188602e+00
1.974572986149089004e+01 1.972219446807242038e+00
1.873097385878906707e+01 1.972236426870776604e+00
1.772086779423828418e+01 1.972200874862751308e+00
1.670429831565755308e+01 1.972445493903044245e+00
1.567982394222005738e+01 1.972228998092980135e+00
1.466204547972005656e+01 1.972417370672815196e+00
1.340107525192057736e+01 1.972499087228574588e+00
1.238543576097005428e+01 1.972385533053688578e+00
1.141187821028645999e+01 1.972246508783500163e+00
1.039595972304687876e+01 1.972223691823125735e+00
9.403476924088543853e+00 1.972236957497762511e+00
8.387279440559897381e+00 1.972254998815267335e+00
7.129750166992188554e+00 1.972357940450444991e+00
6.120155595638022028e+00 1.972337776624997652e+00
5.105539091080731673e+00 1.972360062958386395e+00
4.090085597656250904e+00 1.972096341346617709e+00
3.084489973111979921e+00 1.972328225339259333e+00
2.071547446289062844e+00 1.972606273879635497e+00
8.421967979166669060e-01 1.972518189800050781e+00
-1.821380773763020822e-01 1.972538884252483360e+00
-1.190058670996094081e+00 1.972666234728991386e+00
-2.197932765234375641e+00 1.972652438427370036e+00
-3.205713860709636265e+00 1.972375981767950037e+00
-4.216005922786459692e+00 1.972482107165040022e+00
-5.482742073893230206e+00 1.972633335855893622e+00
-6.484571248535158539e+00 1.971945643282749572e+00
-7.493003335351564154e+00 1.972086790060879613e+00
-8.503853390006511859e+00 1.971976419647905931e+00
-9.512378475585938631e+00 1.971834742242790428e+00
-1.073010427858073257e+01 1.971822007195139781e+00
-1.174523227633464018e+01 1.971893641838175615e+00
-1.275705881800130470e+01 1.971791761456969327e+00
-1.375963198274740051e+01 1.971763107599755038e+00
-1.476504160976562652e+01 1.971567306242123285e+00
-1.577003274235026531e+01 1.971505753511811454e+00
-1.679962204775391044e+01 1.970711404914591958e+00
-1.804031854521484846e+01 1.969825788475874973e+00
-1.906274694586588936e+01 1.969137034648759998e+00
-2.007308550732422603e+01 1.968275296424388365e+00
-2.103980764892578748e+01 1.967476172184299488e+00
-2.204968121656901303e+01 1.966790071492111824e+00
-2.305876429472656852e+01 1.965850331100879034e+00
-2.432061801077474072e+01 1.964829404780872313e+00
-2.532765511614583787e+01 1.963939543326271853e+00
-2.634185312626953035e+01 1.963049151244685930e+00
-2.736330503990885887e+01 1.962212352488630351e+00
-2.838577993994140414e+01 1.961693929923844948e+00
-2.939416552737630184e+01 1.960919745152072569e+00
-3.040864253378906668e+01 1.959918982657512743e+00
-3.139661489274088524e+01 1.959334762346532033e+00
-3.267832384469400608e+01 1.958565353217628591e+00
-3.370242622307942781e+01 1.958081421406898004e+00
-3.470909133339844033e+01 1.957655858564566476e+00
-3.572012738557943123e+01 1.957091802079031995e+00
-3.673911483199869821e+01 1.956521908696658762e+00
-3.775633530192057208e+01 1.955910626409419484e+00
-3.875495601923827849e+01 1.955742948282017224e+00
-3.977278098111979432e+01 1.955123706589996679e+00
-4.077288967864583924e+01 1.954550098818724324e+00
-4.178164726113280381e+01 1.954280009683130093e+00
-4.301397386992188387e+01 1.953556234474975062e+00
-4.402487042395833328e+01 1.953149243577134486e+00
-4.503758045387370146e+01 1.952629759758378603e+00
-4.603457369283854916e+01 1.952156440487356592e+00
-4.704049481305338531e+01 1.951830635518289725e+00
-4.805022888255209068e+01 1.951500054906354364e+00
-4.907205279124350028e+01 1.951064940778284740e+00
-5.008364683600261458e+01 1.950652643610589765e+00
-5.108580150631510719e+01 1.950142711077571533e+00
-5.209697705664063250e+01 1.950118832863226404e+00
-5.305537580895182970e+01 1.949953807870751454e+00
-5.407152679309896826e+01 1.949691147512953471e+00
-5.508158635826822547e+01 1.949242237083262497e+00
-5.608178805455730043e+01 1.949103212813074526e+00
-5.709073163457031796e+01 1.949120192876608870e+00
-5.809376979313150713e+01 1.949012475598562277e+00
-5.911164125439452732e+01 1.948806592328207632e+00
-6.035615070113934166e+01 1.948461154160679332e+00
-6.135886336402995767e+01 1.948510502470325978e+00
-6.236613296630860503e+01 1.948379968231905401e+00
-6.336424219042967820e+01 1.948333803684170862e+00
-6.434835510071614806e+01 1.948320007382549512e+00
-6.535864716279296260e+01 1.948160288659928741e+00
-6.635754687639973781e+01 1.948099266556601705e+00
-6.736751344280598630e+01 1.947978814230904909e+00
-6.836957511435547019e+01 1.948011182477016989e+00
-6.938270363870442736e+01 1.948394295160512657e+00
-7.038922925087891258e+01 1.948150737374190644e+00
-7.140710071214192567e+01 1.948173023707579832e+00
-7.239460807727864733e+01 1.947970324199137515e+00
-7.340503963749999627e+01 1.947920445262505629e+00
-7.437092479023438329e+01 1.947960772913399197e+00
-7.537665991292317358e+01 1.947789911024084608e+00
-7.637788459560547949e+01 1.947771869706579118e+00
-7.639657734697264857e+01 1.947942200968908910e+00
-7.553922175068360900e+01 1.947816973000342289e+00
-7.462592739843749712e+01 1.947797339801880856e+00
-7.375615646728515173e+01 1.947854647516309434e+00
-7.283435272822265460e+01 1.947675295595227229e+00
-7.190478359244791307e+01 1.947565986436224250e+00
-7.095703319850261437e+01 1.947961303540384881e+00
-7.002095414931639539e+01 1.947441819721628775e+00
-6.906288089267579267e+01 1.947837136825789406e+00
-6.809811172509766664e+01 1.947690153150819725e+00
-6.714161944742838273e+01 1.947575007094976884e+00
-6.618289519944661947e+01 1.947787788516142760e+00
-6.522184598238931130e+01 1.947841912468658565e+00
-6.423419911910808366e+01 1.947726766412815724e+00
-6.330546697220051300e+01 1.947417941507283645e+00
-6.234195328792318946e+01 1.947622763523667588e+00
-6.135616639990234233e+01 1.947825993659095367e+00
-6.013723161298828757e+01 1.947949629746705158e+00
-5.916353456416015177e+01 1.947906118333897929e+00
-5.817240024726562808e+01 1.947889138270363807e+00
-5.717443052128907510e+01 1.948170370572652743e+00
-5.619724601884766457e+01 1.947708194468324994e+00
-5.520504221617839136e+01 1.947604191579176636e+00
-5.421995281888021623e+01 1.947770808452608193e+00
-5.321672866279295988e+01 1.947830769301964082e+00
-5.227148923544921644e+01 1.947839789960716717e+00
-5.127747195690103865e+01 1.947742685222379366e+00
-5.028531465361328401e+01 1.947657254277721739e+00
-4.928404347154948795e+01 1.947935302818097902e+00
-4.829365314475911219e+01 1.947811666730488334e+00
-4.728247759443360110e+01 1.947914608365665545e+00
-4.628590284990234238e+01 1.947771339079593877e+00
-4.528449216969400482e+01 1.947771339079593433e+00
-4.429210236949869994e+01 1.948074327088285873e+00
-4.304508195615234456e+01 1.947734725817597878e+00
-4.204334578027344094e+01 1.947917261500592190e+00
-4.107048572031249734e+01 1.947796278547910154e+00
-4.006637807597656575e+01 1.947701826944499892e+00
-3.907068681969401069e+01 1.947600477190278401e+00
-3.806569568710938256e+01 1.947862606921091144e+00
-3.704563875491536606e+01 1.947658315531692885e+00
-3.604436757285156290e+01 1.947802646071735255e+00
-3.504342188645833289e+01 1.947527781293272087e+00
-3.402396944622395836e+01 1.947666274936474595e+00
-3.276327821471354440e+01 1.947940078460967062e+00
-3.175391614026692721e+01 1.947752767135102703e+00
-3.078989096279296689e+01 1.947983059246788606e+00
-2.978308635432943063e+01 1.948033999437391417e+00
-2.877181780524088595e+01 1.948072204580344025e+00
-2.776598968378906562e+01 1.948058938905707693e+00
-2.676109154996744977e+01 1.948198493802881348e+00
-2.573108375013021032e+01 1.948350253120720188e+00
-2.447759992275391028e+01 1.948307272334898643e+00
-2.345721749488932417e+01 1.948361396287414893e+00
-2.245227286168620395e+01 1.948436745319348518e+00
-2.142645000618490414e+01 1.948688262510452240e+00
-2.045372944436849139e+01 1.948678711224713922e+00
-1.943943843548177597e+01 1.948746631478851299e+00
-1.816126343652344488e+01 1.948365641303298368e+00
-1.714553094680989886e+01 1.948430908422508656e+00
-1.612817097874349415e+01 1.948843205590203853e+00
-1.511118300572916873e+01 1.948990719892158996e+00
-1.409145156920573072e+01 1.949155744884634167e+00
-1.307711406093750206e+01 1.949406731448751984e+00
-1.206645000380859756e+01 1.949624288512786352e+00
-1.080561927415364920e+01 1.950000503045471012e+00
-9.813554969628910385e+00 1.950405902062355201e+00
-8.825071117480472793e+00 1.950725870134581985e+00
-7.811710096223959177e+00 1.951163637397578698e+00
-6.808532439518231172e+00 1.951890596367645614e+00
-5.549515185742189161e+00 1.952757640861871868e+00
-4.528528265917969975e+00 1.953920244586994315e+00
-3.514934747753907018e+00 1.955277588415777146e+00
-2.518824997037761193e+00 1.956307004767551483e+00
-1.502023021549479420e+00 1.957333237357412603e+00
-4.816870930664063355e-01 1.958212486272303821e+00
7.919774658854168425e-01 1.959063611956966655e+00
1.758467110579427617e+00 1.960080823888075363e+00
2.760063788313802835e+00 1.960723943794441482e+00
3.775796278027344854e+00 1.961445065867668980e+00
4.784693358658855367e+00 1.961679072368252008e+00
5.791776963411459533e+00 1.962309457226967924e+00
7.055816150390626262e+00 1.963080988863812770e+00
8.065782716796878304e+00 1.963307035959614755e+00
9.067890887727868332e+00 1.963963421540616983e+00
1.007818294980469176e+01 1.964616623359706438e+00
1.109730989436849313e+01 1.965017777360706930e+00
1.206059108173828420e+01 1.965693796140171035e+00
1.332123581386719025e+01 1.966463735896059717e+00
1.432994689697265756e+01 1.967190694866127076e+00
1.534172693925781772e+01 1.967550990589248094e+00
1.635443696917318235e+01 1.968289623352995399e+00
1.737123894466146723e+01 1.969103074521691532e+00
1.838171700426432764e+01 1.969809339039326090e+00
1.938503415911458916e+01 1.970267270127769921e+00
2.064126145000000179e+01 1.970957615835841059e+00
2.166601481972656984e+01 1.970815407803740316e+00
2.262255359677735100e+01 1.971209663653930022e+00
2.363889057845052832e+01 1.971406526265531811e+00
2.464862464794921948e+01 1.971817762179256306e+00
2.564873334547526440e+01 1.971696248599587920e+00
2.667055725416666689e+01 1.971851722306324994e+00
2.794464030755208483e+01 1.971957317076429739e+00
2.895800132880859934e+01 1.972032666108363586e+00
2.998196420904947956e+01 1.972271448251816217e+00
3.100797306207682169e+01 1.972004542878134759e+00
3.202882048375650470e+01 1.972493780958719967e+00
3.302999866705729204e+01 1.972333000982128270e+00
3.404554515924478864e+01 1.972413125656931943e+00
3.505713920400390293e+01 1.972285244553438011e+00
3.607147671227213692e+01 1.972280468910569073e+00
3.732519303655598719e+01 1.972256590696223943e+00
3.835185288092448275e+01 1.972123933949861074e+00
3.936786436692708691e+01 1.972331939728157568e+00
4.037578496054687349e+01 1.972225814331067584e+00
4.138338005849610113e+01 1.972221038688198425e+00
4.238883618489583682e+01 1.972754849435561786e+00
4.341414754720051405e+01 1.972755380062547248e+00
4.439198304098307091e+01 1.972725134324376572e+00
4.539506769892578575e+01 1.972793054578514393e+00
4.639754786490885863e+01 1.972563293093814174e+00
4.741532632740886299e+01 1.972649785292442504e+00
4.842687387278646582e+01 1.972479454030112933e+00
4.943963040208333837e+01 1.972335654117055803e+00
5.045024795983073318e+01 1.972250753799383860e+00
5.145979603180339268e+01 1.972322919069404934e+00
5.246432217057290615e+01 1.972186547934144052e+00
5.347931067018228646e+01 1.972206181132605707e+00
5.446081961510417813e+01 1.972375981767950037e+00
5.545818484912109625e+01 1.972442840768116712e+00
5.646884890624999542e+01 1.972598314474854009e+00
5.747858297574869368e+01 1.972511291649239995e+00
5.848399260276693212e+01 1.972524557323876326e+00
5.949953909495443583e+01 1.972333531609113955e+00
6.050918016569011115e+01 1.972487413434894865e+00
6.151603127353516243e+01 1.972491658450778118e+00
6.251837194137370091e+01 1.972707093006871304e+00
6.353098897252604615e+01 1.972418962553771582e+00
6.456262425071614075e+01 1.972456106442753043e+00
6.551804704261067513e+01 1.972400390609280851e+00
6.651634226425781549e+01 1.972437534498262313e+00
6.753319073912760473e+01 1.972287897688365321e+00
6.853822837109373722e+01 1.972320796561463085e+00
6.955107789915363981e+01 1.972364307974270092e+00
7.055420905647785901e+01 1.972347858537721210e+00
7.156654709134114967e+01 1.972386063680673374e+00
7.257767614228514219e+01 1.972317082172565073e+00
7.357759884228516967e+01 1.972661989713107689e+00
7.457910252125650175e+01 1.972422676942669817e+00
7.559841546334635609e+01 1.972387124934644520e+00
7.656653258639322246e+01 1.972489535942836714e+00
7.756571129628906647e+01 1.972908731261342030e+00
7.856902845113933154e+01 1.972616886419344517e+00
7.957741403857421858e+01 1.972484760299967554e+00
8.059756396953125090e+01 1.972590355070072299e+00
