# User			Meike Reginka
# Sample		2020_0446_1
# State			after FC
# Profile		mere_beads_forc.txt
# Comment
# ML
# 
# Meas. type 		FORC
# angle (deg)		 0.000
# Hmin (kA/m)		-80.000
# Hmax (kA/m)		80.000
# pts./branch		161
# time/pt. (s)		 0.020
# dt (s)		 0.020
# nCycles		5
# Hstop (kA/m)		 0.000
# wait (s)		60.000
# nSched		5
# nMinorLoops		10
# nX			2
# nY			2
# dx (mm)		 0.250
# dy (mm)		 0.250
# avg. raster		no average raster
# Number			51
# ID			310365
# -----------------------------------------------
# H (kA/m) 	 I (arb.u.)
8.157679444475911623e+01 1.971794414591895972e+00
8.070507053958333188e+01 1.972101116989486869e+00
7.977810536917318984e+01 1.971798659607780113e+00
7.883007597893879392e+01 1.971847477290441519e+00
7.784963651979165888e+01 1.972035319243291118e+00
7.686022268001302393e+01 1.971853314187281603e+00
7.587764424931638985e+01 1.971972174632022234e+00
7.490580717574869141e+01 1.971749311298133023e+00
7.390137403574217956e+01 1.971651145305824748e+00
7.288443256210938159e+01 1.972029482346451035e+00
7.187586097714843447e+01 1.972054952441752551e+00
7.087231132539061207e+01 1.971701554869442319e+00
6.985350987649739807e+01 1.971980134036804166e+00
6.883731239296875515e+01 1.971604450131104969e+00
6.782967079563802315e+01 1.971721718694889880e+00
6.682435416738280765e+01 1.971564653107196641e+00
6.581834004840494856e+01 1.971604980758090875e+00
6.484752596123045976e+01 1.971606572639046817e+00
6.382863151357421572e+01 1.971573143138963591e+00
6.282019942675781721e+01 1.971751433806075315e+00
6.181148834365234279e+01 1.971539713638880364e+00
6.080473023457031445e+01 1.971696779226573160e+00
5.978239483268230714e+01 1.971398036233765083e+00
5.878275112897136268e+01 1.971361953598754102e+00
5.776994810029296445e+01 1.971498324734014762e+00
5.676119051780598568e+01 1.971777965155347090e+00
5.575122395139973719e+01 1.971623022075595699e+00
5.474958077428385650e+01 1.971835272869776112e+00
5.377885968587241194e+01 1.971623022075595699e+00
5.276880012070313342e+01 1.971577918781832750e+00
5.176060053079427803e+01 1.971644247155013963e+00
5.074351955901693145e+01 1.971732861861584141e+00
4.973573846354167216e+01 1.971718534932976885e+00
4.873725724436849305e+01 1.971732331234598679e+00
4.770738894267577734e+01 1.971805557758590899e+00
4.670523427236329184e+01 1.971610817654930514e+00
4.569759267503255984e+01 1.971848007917426759e+00
4.468558013583984234e+01 1.971790700202998181e+00
4.369807277070313489e+01 1.971881968044495670e+00
4.270363699772135391e+01 1.971905846258840800e+00
4.169334493564453226e+01 1.971909030020753795e+00
4.067979791686198610e+01 1.971836334123746814e+00
3.966964535292969174e+01 1.971805027131605215e+00
3.866060877415364416e+01 1.971987562814600414e+00
3.738768820530599868e+01 1.972090504449777626e+00
3.637381569085286515e+01 1.972057074949694400e+00
3.536505810836588637e+01 1.972126587084788385e+00
3.436578639970703364e+01 1.971868702369859339e+00
3.334917042174478752e+01 1.971806619012562045e+00
3.237765884384765513e+01 1.971874539266699422e+00
3.135606743206380642e+01 1.972112260156181129e+00
3.033949795348307532e+01 1.971946704536720718e+00
2.932985688274739289e+01 1.972117566426035751e+00
2.806846816051432469e+01 1.972036911124247061e+00
2.705199168069662008e+01 1.972056013695723697e+00
2.603235324293619968e+01 1.972280999537554314e+00
2.501680675074870308e+01 1.972500679109531196e+00
2.400139975670573378e+01 1.972349981045663059e+00
2.295804663437500892e+01 1.972290550823292410e+00
2.199118499462890952e+01 1.972043809275058068e+00
2.071040603030599669e+01 1.971998705981294897e+00
1.969565002760417372e+01 1.972002950997178594e+00
1.868247500387370508e+01 1.971813517163372387e+00
1.767148545107422208e+01 1.972070871251315971e+00
1.666272786858724686e+01 1.972114382664122978e+00
1.563099959163412045e+01 1.971729678099671368e+00
1.461875455553385805e+01 1.971933969489069627e+00
1.336852568486328607e+01 1.971946173909735256e+00
1.235772212958984717e+01 1.971845354782499671e+00
1.138365308570963919e+01 1.971764699480711203e+00
1.037568599270833580e+01 1.971488242821291426e+00
9.367858397851565044e+00 1.971662288472519009e+00
8.361704780729168007e+00 1.971848007917427203e+00
7.107941957063802718e+00 1.971927601965244081e+00
6.097463897460938753e+00 1.971845354782499671e+00
5.084939865071616438e+00 1.972296918347117956e+00
4.080367226920574630e+00 1.972472555879302369e+00
3.069005679069011450e+00 1.971980664663789629e+00
2.068617985253907054e+00 1.971919642560462593e+00
8.437777768880210250e-01 1.972109607021254041e+00
-1.708852270507812410e-01 1.971826252211023034e+00
-1.187594203776041857e+00 1.971829966599921491e+00
-2.190306866666666963e+00 1.971910621901709959e+00
-3.191299052441407103e+00 1.971810333401460058e+00
-4.198754652246095453e+00 1.971810864028445298e+00
-5.462235846647137016e+00 1.972007726640047753e+00
-6.471318924804688955e+00 1.972080953164039530e+00
-7.473380596354168404e+00 1.972023114822625489e+00
-8.479348215950523127e+00 1.971942990147822705e+00
-9.487454807096355580e+00 1.972108015140297654e+00
-1.069899619235026478e+01 1.971967398989153075e+00
-1.170580080081380459e+01 1.971953602687531948e+00
-1.271925482083333669e+01 1.971598613234265107e+00
-1.372275797320963875e+01 1.971368851749565110e+00
-1.473174805260416953e+01 1.971066394367858354e+00
-1.573539070312500421e+01 1.970655689081119766e+00
-1.675112319283854490e+01 1.970389314334423547e+00
-1.800009658020833925e+01 1.969272344530050178e+00
-1.900783117630208707e+01 1.968553344964764307e+00
-2.000482441526693478e+01 1.968053494344469856e+00
-2.096852409707031484e+01 1.966763009515853700e+00
-2.198969701442057456e+01 1.966186217982669238e+00
-2.299961708144532224e+01 1.965278315210563509e+00
-2.424240605107422653e+01 1.964451598367231488e+00
-2.525204712180989475e+01 1.963366996808970644e+00
-2.626726811832682529e+01 1.962551953759318568e+00
-2.728774354495443077e+01 1.961832423567047901e+00
-2.829096770104166580e+01 1.961290122787917145e+00
-2.930590970126952755e+01 1.960250624523419249e+00
-3.031522527633464037e+01 1.959402151973683948e+00
-3.032708261861979793e+01 1.959250392655845108e+00
-2.944210638971354399e+01 1.959782611522251861e+00
-2.851318824527994877e+01 1.959609627124995201e+00
-2.757738819238281280e+01 1.959616525275806431e+00
-2.662796382070312262e+01 1.960085599530944300e+00
-2.567226203251953720e+01 1.960262298317099194e+00
-2.471390977958984791e+01 1.960237358848782918e+00
-2.352891954117838935e+01 1.960552020651155303e+00
-2.255652447503256042e+01 1.960674064857808929e+00
-2.159561475611979731e+01 1.960938847723548761e+00
-2.062503316585286939e+01 1.961203630589288593e+00
-1.969262756780599588e+01 1.961545884994904343e+00
-1.872153448434245249e+01 1.961644050987212839e+00
-1.751482903476563280e+01 1.961984713511872203e+00
-1.651495283414713811e+01 1.962193249917154381e+00
-1.553525736510417232e+01 1.962364111806469413e+00
-1.455095845729167081e+01 1.962481910997239343e+00
-1.357363445670573299e+01 1.962870860577574206e+00
-1.257622272330729629e+01 1.963104867078158122e+00
-1.159750374127604289e+01 1.963555900015791167e+00
-1.036299166155599316e+01 1.964040893080492900e+00
-9.407661868424481710e+00 1.964348126105068815e+00
-8.417736535449220625e+00 1.964889896257213664e+00
-7.434460614029949177e+00 1.965032634916299648e+00
-6.432584940006511154e+00 1.965383379353682791e+00
-5.194492407910157539e+00 1.966129440895225899e+00
-4.190570761100261166e+00 1.966486552856434145e+00
-3.200226933691407094e+00 1.967036282413360926e+00
-2.196723781315104596e+00 1.967550459962262854e+00
-1.200521031835937613e+00 1.967547806827335322e+00
-1.972038769856770957e-01 1.968057208733368091e+00
1.019219943326823197e+00 1.968466322139150293e+00
2.012446732389323589e+00 1.968451995210543259e+00
3.019204841471355039e+00 1.968994826616659255e+00
4.020150527864585044e+00 1.968838291655951256e+00
5.013702812597657044e+00 1.969113687061400331e+00
6.022413895703127018e+00 1.968941233291128912e+00
7.276874210091147432e+00 1.969234670014082811e+00
8.280098366178387792e+00 1.969411899427223833e+00
9.280997553190106331e+00 1.969543494919615334e+00
1.027608431751302298e+01 1.970075183159036847e+00
1.129474626826172212e+01 1.970438132017084953e+00
1.225142454345703413e+01 1.970907736899208507e+00
1.350569886031900957e+01 1.971184724185613746e+00
1.450794652939453400e+01 1.971075945653596451e+00
1.550972920465495264e+01 1.971237786884159071e+00
1.651583632239583821e+01 1.971375219273390433e+00
1.752496589993489806e+01 1.971643185901043260e+00
1.852944553932292138e+01 1.971992869084454814e+00
1.953685463974609604e+01 1.971997114100338511e+00
2.078931548072917224e+01 1.971863396100004939e+00
2.180490847229818385e+01 1.972234304362834978e+00
2.276879415162760978e+01 1.971965276481211449e+00
2.376081195677083713e+01 1.972136138370526481e+00
2.476784906214192716e+01 1.972210426148489404e+00
2.577358418483072455e+01 1.972166384108697379e+00
2.679722156940104227e+01 1.972014624790858095e+00
2.806539920133464250e+01 1.972001359116222208e+00
2.906992534010417017e+01 1.971945112655764554e+00
3.008347235888671989e+01 1.971968990870109240e+00
3.110650525149739209e+01 1.972148342791191666e+00
3.212260973626302274e+01 1.971730208726656830e+00
3.310170071334635367e+01 1.971985440306658566e+00
3.412333862451171740e+01 1.971905315631855560e+00
3.515553189527994249e+01 1.972176466021420937e+00
3.619237510419922188e+01 1.972083606298967062e+00
3.743772153981119999e+01 1.971961562092313436e+00
3.845768547324218645e+01 1.972035849870276358e+00
3.946993050934245417e+01 1.972005604132105905e+00
4.048171055162760723e+01 1.972602559490737484e+00
4.147284486852213803e+01 1.972428513839509678e+00
4.247537153388672237e+01 1.972623253943170063e+00
4.351156375146484834e+01 1.972216263045329931e+00
4.446935801181641068e+01 1.972426921958553070e+00
4.547625561904297342e+01 1.972089973822792608e+00
4.647668981223958440e+01 1.972022053568654343e+00
4.748516839843750859e+01 1.971798659607780113e+00
4.850922427744141174e+01 1.971686697313850267e+00
4.951351791930339630e+01 1.971963153973269600e+00
5.051385911373698434e+01 1.971508937273724005e+00
5.152140771230469340e+01 1.971302523376383675e+00
5.252537585849609059e+01 1.971597551980293961e+00
5.353743489707031955e+01 1.971855967322208691e+00
5.450443603496094624e+01 1.971822537822125243e+00
5.550845068053386200e+01 1.971756740075929493e+00
5.651237232734374771e+01 1.971835272869776112e+00
5.751578248095703572e+01 1.971956255822458814e+00
5.851045075084635982e+01 1.971953072060546042e+00
5.952622973994141375e+01 1.971797598353809411e+00
6.054489169069011467e+01 1.971757270702914955e+00
6.155085931028645518e+01 1.971668125369359093e+00
6.255045651461588818e+01 1.971704208004370074e+00
6.355623813668619704e+01 1.971311013408151069e+00
6.457224962268878699e+01 1.971621960821624775e+00
6.553185735891928232e+01 1.971878253655597879e+00
6.652819960654296949e+01 1.971892049957219228e+00
6.752900579479165799e+01 1.971746127536220472e+00
6.853664739212238999e+01 1.971802904623663810e+00
6.954070853707683852e+01 1.971727555591729741e+00
7.055002411214194069e+01 1.971638410258173879e+00
7.155706121751302362e+01 1.971557754956385411e+00
7.255703041689451993e+01 1.971596490726323259e+00
7.355481414534506257e+01 1.971483997805408173e+00
7.456380422473959868e+01 1.971525917337258793e+00
7.557223631155599719e+01 1.971630450853392169e+00
7.652914708365885588e+01 1.971805557758590899e+00
7.753613768964845576e+01 1.971677676655097189e+00
7.852889948489583105e+01 1.971473915892683948e+00
7.953589009088541673e+01 1.971473915892684836e+00
8.054562416038412209e+01 1.971743474401293161e+00
