# User			Meike Reginka
# Sample		2020_0446_1
# State			after FC
# Profile		mere_beads_forc.txt
# Comment
# ML
# 
# Meas. type 		FORC
# angle (deg)		 0.000
# Hmin (kA/m)		-80.000
# Hmax (kA/m)		80.000
# pts./branch		161
# time/pt. (s)		 0.020
# dt (s)		 0.020
# nCycles		5
# Hstop (kA/m)		 0.000
# wait (s)		60.000
# nSched		5
# nMinorLoops		10
# nX			2
# nY			2
# dx (mm)		 0.250
# dy (mm)		 0.250
# avg. raster		no average raster
# Number			49
# ID			310363
# -----------------------------------------------
# H (kA/m) 	 I (arb.u.)
8.156572759195964295e+01 1.971567306242123507e+00
8.070534953587240068e+01 1.971535999249982130e+00
7.977392042483725731e+01 1.971647961543911975e+00
7.882747201357422284e+01 1.971595429472352556e+00
7.784633506370443001e+01 1.971540244265865383e+00
7.686324513981119821e+01 1.971662819099504693e+00
7.588238718623044576e+01 1.971872416758757574e+00
7.489711179140624608e+01 1.971644247155013963e+00
7.388393676767577745e+01 1.971800782115721518e+00
7.288503705406901645e+01 1.971983317798716939e+00
7.187265251982421432e+01 1.971668125369359537e+00
7.086538291754557406e+01 1.971930785727157076e+00
6.985783431897786500e+01 1.971401750622662874e+00
6.883498742389323866e+01 1.971753556314016720e+00
6.783083328017578140e+01 1.971745596909235010e+00
6.682835311419272273e+01 1.971853844814266843e+00
6.581164413746743946e+01 1.971924418203331530e+00
6.485278039134115602e+01 1.971800782115721518e+00
6.382812002037761090e+01 1.972109607021254041e+00
6.282331488531900732e+01 1.972075116267199890e+00
6.181716126819662094e+01 1.971999767235265599e+00
6.080124278095703971e+01 1.971793883964910954e+00
5.978899774485677199e+01 1.971735514996511673e+00
5.877610171741536504e+01 1.971861273592063091e+00
5.777580702236328136e+01 1.971815109044328995e+00
5.676779342998046474e+01 1.971804496504620197e+00
5.575266543222657134e+01 1.971599143861250569e+00
5.475032476438803286e+01 1.971704208004369852e+00
5.378234713948568668e+01 1.971803435250649050e+00
5.276242970543620459e+01 1.971759393210856359e+00
5.174971967552084351e+01 1.971616123924785136e+00
5.074393805345052755e+01 1.971777434528362072e+00
4.973676144993490311e+01 1.971427751344950074e+00
4.873056133343099106e+01 1.971431996360833772e+00
4.770924891793620759e+01 1.971612409535886901e+00
4.669951484843750222e+01 1.971933969489069627e+00
4.569391922389323213e+01 1.971940867639880857e+00
4.468000021005860134e+01 1.971873478012728498e+00
4.368984238017577582e+01 1.971787516441085630e+00
4.269438362080077809e+01 1.971870824877801187e+00
4.168399855996093351e+01 1.972139322132439254e+00
4.067505497994791597e+01 1.971922295695390126e+00
3.966029897724609299e+01 1.971912744409651808e+00
3.865554034156900798e+01 1.972209364894518702e+00
3.739689508284505592e+01 1.971946173909735256e+00
3.637200221497396058e+01 1.971979072782833242e+00
3.536157065475261163e+01 1.971991807830483667e+00
3.435369656051432230e+01 1.972087320687865075e+00
3.334359049596354652e+01 1.971983848425702179e+00
3.236775447558593299e+01 1.972104831378384660e+00
3.135569543701171824e+01 1.972078300029112219e+00
3.034028844296875249e+01 1.972214671164373101e+00
2.933418132522785982e+01 1.972069279370359585e+00
2.806577119638672713e+01 1.972252876307325486e+00
2.704594676110026796e+01 1.971961562092312992e+00
2.602719181158854767e+01 1.972329286593230480e+00
2.502006170745443114e+01 1.972219446807242038e+00
2.400293423629557310e+01 1.972044339902043752e+00
2.295911612014974423e+01 1.972175935394435031e+00
2.198890652493490094e+01 1.971824660330066870e+00
2.072379785218099713e+01 1.971749841925118707e+00
1.969941647750651725e+01 1.971702616123413465e+00
1.868349799026693248e+01 1.971904785004870098e+00
1.766841649189453634e+01 1.971725433083787671e+00
1.665291649908854410e+01 1.971788577695056333e+00
1.563825349514974050e+01 1.971875600520670124e+00
1.462754293863932631e+01 1.971825190957052332e+00
1.336117878258463954e+01 1.971811394655430760e+00
1.235800112587891064e+01 1.971583225051686927e+00
1.138811702633463874e+01 1.971716412425035259e+00
1.037187304342448257e+01 1.971610817654930514e+00
9.362603967740886546e+00 1.971701554869442319e+00
8.367563702799481362e+00 1.971696248599587920e+00
7.100316058496095373e+00 1.971800251488736500e+00
6.089233506933595663e+00 1.972159485957886149e+00
5.086288347135418775e+00 1.971970582751065848e+00
4.080739221972656594e+00 1.971958378330400663e+00
3.069191676595052432e+00 1.972008787894018234e+00
2.070570959277344247e+00 1.972068748743374345e+00
8.451727583333333849e-01 1.971878253655597435e+00
-1.766511503580729114e-01 1.971756740075929493e+00
-1.180991291601562798e+00 1.971863396100004939e+00
-2.193189828320313506e+00 1.971743474401293161e+00
-3.195065502343751085e+00 1.971536529876967370e+00
-4.203776585449221059e+00 1.971375749900375896e+00
-5.468466763769533223e+00 1.971331177233598186e+00
-6.465320504589846529e+00 1.971515835424534790e+00
-7.482308477604168395e+00 1.971599143861250569e+00
-8.478092732649741947e+00 1.971630981480377631e+00
-9.487175810807293885e+00 1.971472854638713690e+00
-1.070160015771484829e+01 1.971473915892684392e+00
-1.172040160660807651e+01 1.971208602399959098e+00
-1.272218428186849337e+01 1.971338606011394434e+00
-1.372596643053385712e+01 1.971129538979127238e+00
-1.472872559280599525e+01 1.970783570184613032e+00
-1.574083113076172324e+01 1.970336782262863906e+00
-1.674656625345052419e+01 1.969927138230096020e+00
-1.799819010556641175e+01 1.969065930632709627e+00
-1.901294610826823472e+01 1.968579876314036969e+00
-2.001486828167318066e+01 1.967686831097523514e+00
-2.097810296966146026e+01 1.966635659039345896e+00
-2.199188248535156731e+01 1.966100256411026370e+00
-2.299631562535807916e+01 1.965346766091686348e+00
-2.424859046881510949e+01 1.964250490739745558e+00
-2.525990551728516209e+01 1.963226380657826287e+00
-2.626657062760417105e+01 1.962328029171458654e+00
-2.728593006907552976e+01 1.961288530906960759e+00
-2.829743111507161402e+01 1.960742515738932212e+00
-2.930125976311848035e+01 1.959972045356058068e+00
-3.031573676953125585e+01 1.959136838480958875e+00
-3.129891969218750347e+01 1.958242732010474718e+00
-3.257179376165364459e+01 1.957607571508890310e+00
-3.258899853281249648e+01 1.957402749492506366e+00
-3.146320200706380277e+01 1.957844761771386777e+00
-3.056836790927734526e+01 1.957707329382154970e+00
-2.963856627659505705e+01 1.957988561684443685e+00
-2.868928140305989771e+01 1.958157831692802553e+00
-2.772953416868489995e+01 1.958173219875380511e+00
-2.677708733720703549e+01 1.958294202828063435e+00
-2.581292266158854076e+01 1.958168444232511796e+00
-2.484740950390625258e+01 1.958300570351888759e+00
-2.364679547330729648e+01 1.958834381099252120e+00
-2.267054095849609752e+01 1.958747888900623568e+00
-2.171418817897135867e+01 1.958856136805655401e+00
-2.072514633424479769e+01 1.959449908402374652e+00
-1.978874178938802686e+01 1.959531094331148582e+00
-1.880193191497396299e+01 1.959538523108944830e+00
-1.758462460641276337e+01 1.960227807563045266e+00
-1.659130481858724337e+01 1.960401322587287387e+00
-1.560668041510417225e+01 1.960302095341008188e+00
-1.461177964830729792e+01 1.960760557056437481e+00
-1.362231930914713907e+01 1.960721290659514171e+00
-1.264178685123698109e+01 1.961341593605505640e+00
-1.164897855660807480e+01 1.961304980343509641e+00
-1.040502710244140872e+01 1.961852587392494573e+00
-9.449976305598960735e+00 1.962160881671041412e+00
-8.462840935514325480e+00 1.962179984242517605e+00
-7.467893669335939677e+00 1.962641099092874430e+00
-6.473318398209636726e+00 1.963020497387471197e+00
-5.221694546093750944e+00 1.963999504175627742e+00
-4.230932224251303886e+00 1.964189468636418967e+00
-3.231800013736980226e+00 1.964509436708645751e+00
-2.234527778483073490e+00 1.965187577996051260e+00
-1.234233083430989808e+00 1.965450238353849244e+00
-2.365423537434896140e-01 1.965919843235972797e+00
9.955517581380211034e-01 1.965983518474227143e+00
1.997706428450521488e+00 1.966158094752440411e+00
2.997954624121094369e+00 1.966707824309366970e+00
3.996575341438803441e+00 1.966943422690907273e+00
4.992406095865887572e+00 1.967134448405669422e+00
6.001117178971355770e+00 1.967363148636398495e+00
7.250648558919272624e+00 1.967606706422720286e+00
8.256523179752605301e+00 1.968133619019272862e+00
9.268907713997398545e+00 1.968930090124434429e+00
1.025297412490234628e+01 1.969151361577367032e+00
1.127921547483724218e+01 1.969494146609968688e+00
1.224133417766927323e+01 1.969838523523525842e+00
1.349100505576172182e+01 1.970352170445442086e+00
1.448762629967448312e+01 1.970451928318706969e+00
1.549870885123698372e+01 1.970685934819290441e+00
1.651118638424479457e+01 1.971209133026945004e+00
1.751259706445313213e+01 1.971260073217547593e+00
1.851558872363281694e+01 1.971428281971935537e+00
1.952541579189453458e+01 1.971510529154680391e+00
2.077959710999349241e+01 1.971624613956552530e+00
2.179323712753906861e+01 1.971875069893684884e+00
2.275995926914063006e+01 1.971757801329900417e+00
2.375462753902995416e+01 1.971788047068070870e+00
2.476863955162760789e+01 1.971624613956552086e+00
2.576567928997395995e+01 1.971665472234432004e+00
2.677443687246093518e+01 1.971430404479877385e+00
2.805079839554036525e+01 1.971734984369525989e+00
2.905741700647786274e+01 1.971314197170064064e+00
3.007152201783853940e+01 1.971785924560129022e+00
3.108748700445963209e+01 1.971644777781999425e+00
3.211586732594400928e+01 1.971660696591562845e+00
3.309305182838541981e+01 1.971780087663289383e+00
3.411092328964843290e+01 1.971785924560129022e+00
3.513879211793619106e+01 1.971753025687031258e+00
3.616945090911458749e+01 1.971799720861750815e+00
3.742772417278646202e+01 1.971802373996677904e+00
3.844331716435547719e+01 1.971664410980461302e+00
3.945323723138020711e+01 1.971641594020086430e+00
4.046636575572917138e+01 1.971867641115888192e+00
4.146986890810546811e+01 1.971764168853725741e+00
4.247546453264973820e+01 1.972122342068905132e+00
4.349287100009765794e+01 1.971784863306158320e+00
4.446215060768229677e+01 1.971815109044328551e+00
4.546700224212239760e+01 1.972135607743541019e+00
4.647334185677083696e+01 1.972111198902210649e+00
4.747991396832683364e+01 1.971990215949527725e+00
4.848909004524739430e+01 1.972016747298799944e+00
4.950124208258463909e+01 1.972093688211690399e+00
5.050902317805989838e+01 1.972215732418344025e+00
5.151475830074870288e+01 1.971919111933477353e+00
5.251965643457031518e+01 1.971816700925285382e+00
5.353413344098308357e+01 1.971738168131438762e+00
5.448950973349610649e+01 1.971810864028445298e+00
5.550235926155600197e+01 1.971803435250649050e+00
5.650149147207030609e+01 1.972074585640214428e+00
5.750913306940105230e+01 1.972051238052854316e+00
5.850561481516927387e+01 1.971899478735015698e+00
5.952427676591796768e+01 1.971603919504119951e+00
6.052936089726562585e+01 1.971851191679339310e+00
6.153918796552734705e+01 1.971732861861584141e+00
6.254013365192057705e+01 1.971845885409485355e+00
6.354893773378906019e+01 1.972032135481378123e+00
6.455774181565753622e+01 1.971797067726823505e+00
6.551832603889974393e+01 1.971874008639713738e+00
6.652545614303384980e+01 1.971968460243123999e+00
6.751747394817708425e+01 1.971967398989153297e+00
6.852525504365235065e+01 1.972139322132439254e+00
6.953903455934245414e+01 1.971850130425369052e+00
7.053881776119791880e+01 1.972145159029278894e+00
7.154822633502604390e+01 1.971910621901709959e+00
7.255489144534504931e+01 1.972219446807242038e+00
7.354551426904296818e+01 1.971968460243123999e+00
7.454645995543619108e+01 1.972114382664122978e+00
7.556474991113282158e+01 1.971912213782666345e+00
7.652496213932290914e+01 1.971857028576179616e+00
7.751953741044923163e+01 1.971764168853725741e+00
7.853624638717448647e+01 1.972027359838509186e+00
7.953514610078126168e+01 1.971689881075762818e+00
8.054311319378257394e+01 1.971798128980794651e+00
