# User			Meike Reginka
# Sample		2020_0446_1
# State			after FC
# Profile		mere_beads_forc.txt
# Comment
# ML
# 
# Meas. type 		FORC
# angle (deg)		 0.000
# Hmin (kA/m)		-80.000
# Hmax (kA/m)		80.000
# pts./branch		161
# time/pt. (s)		 0.020
# dt (s)		 0.020
# nCycles		5
# Hstop (kA/m)		 0.000
# wait (s)		60.000
# nSched		5
# nMinorLoops		10
# nX			2
# nY			2
# dx (mm)		 0.250
# dy (mm)		 0.250
# avg. raster		no average raster
# Number			32
# ID			310346
# -----------------------------------------------
# H (kA/m) 	 I (arb.u.)
8.158711730745443447e+01 1.970510297287106027e+00
8.070772100432941443e+01 1.970634464001701502e+00
7.978838173248699661e+01 1.970633402747730800e+00
7.884286330885416305e+01 1.970648790930308536e+00
7.786670179280599768e+01 1.970414784429725064e+00
7.686450062311197939e+01 1.970317149064402473e+00
7.588940859283853513e+01 1.970353231699412788e+00
7.491055011266276153e+01 1.970148409683028845e+00
7.390453599368488824e+01 1.970138327770305509e+00
7.289675489820965026e+01 1.970651444065235625e+00
7.188553284850260638e+01 1.970989984081953139e+00
7.087868174065756932e+01 1.970521971080786194e+00
6.986964516188150753e+01 1.970282127683362638e+00
6.886102707753906316e+01 1.970785692692554880e+00
6.784027265462239598e+01 1.970653566573177917e+00
6.682905060491536631e+01 1.970377109913758362e+00
6.582936040182289616e+01 1.970378171167729064e+00
6.485491936289062664e+01 1.970413723175754361e+00
6.384206983483073117e+01 1.970803734010060371e+00
6.283168477399087948e+01 1.970639770271556124e+00
6.182157870944011080e+01 1.970394620604277947e+00
6.081082165354818159e+01 1.970705568017751874e+00
5.979829762115886638e+01 1.971026066716964342e+00
5.878554109186197962e+01 1.971106191391767126e+00
5.777948047350261618e+01 1.970551155564986168e+00
5.677434984277343233e+01 1.970616953311181918e+00
5.575689687594402244e+01 1.970798958367191434e+00
5.475153374830728126e+01 1.970855204827649310e+00
5.380169088219402340e+01 1.970778263914758632e+00
5.277907648401692597e+01 1.970528869231597202e+00
5.176650595224609930e+01 1.970691771716130525e+00
5.075774836975912052e+01 1.970558584342781971e+00
4.974782830273437639e+01 1.970568666255505752e+00
4.874097719488932512e+01 1.970679036668479656e+00
4.771706081402994926e+01 1.971002719129604230e+00
4.671453414866536491e+01 1.970878552415008755e+00
4.570577656617839324e+01 1.970882266803906990e+00
4.468795160429687741e+01 1.970784100811598494e+00
4.370416418968098782e+01 1.970737936263864398e+00
4.270080053544921839e+01 1.971101946375883429e+00
4.169241494801432424e+01 1.971144927161704974e+00
4.068202988717447965e+01 1.971030842359833279e+00
3.967099383499349585e+01 1.971060026844032809e+00
3.866665369374999983e+01 1.971069578129770905e+00
3.739703458098957611e+01 1.971098231986984972e+00
3.637916311972656302e+01 1.971045699915425331e+00
3.536366312692057079e+01 1.971186316066570132e+00
3.436564690156249213e+01 1.970779855795714797e+00
3.335535483948567759e+01 1.971050475558294934e+00
3.238021630983072896e+01 1.971234603122245632e+00
3.135434695494792123e+01 1.971584286305658296e+00
3.034572887060547330e+01 1.971386893067070378e+00
2.933539030914712953e+01 1.971221868074595207e+00
2.806567819762370419e+01 1.971537591130938516e+00
2.704752774007161520e+01 1.971333830368525275e+00
2.603081876334635680e+01 1.971163499106195705e+00
2.502717611282552568e+01 1.971186846693555594e+00
2.400916515341797108e+01 1.971082313177421996e+00
2.297162445377604456e+01 1.971091864463160093e+00
2.199457944947917198e+01 1.971270155130271151e+00
2.071733443815104891e+01 1.971075415026610544e+00
1.969774249977213643e+01 1.971125293963243541e+00
1.867601158984375687e+01 1.971043577407483927e+00
1.767911134964193209e+01 1.971043046780498464e+00
1.665784543352864944e+01 1.971312605289107012e+00
1.564099695865885842e+01 1.971003249756589915e+00
1.463079789534505437e+01 1.970863164232431020e+00
1.337038566012370033e+01 1.970674791652595959e+00
1.235846611969401287e+01 1.970689649208188232e+00
1.138351358756510479e+01 1.970836102256172895e+00
1.038749683561198367e+01 1.971115742677505445e+00
9.373252326106774390e+00 1.970783039557627792e+00
8.353660387727867231e+00 1.970847245422867378e+00
7.108267452734377656e+00 1.970922594454801002e+00
6.099742367154949108e+00 1.970951778939000754e+00
5.082335899707032922e+00 1.971298278360499978e+00
4.082459699088542671e+00 1.971239378765115235e+00
3.065983219270834503e+00 1.970857857962576176e+00
2.063875048339844032e+00 1.971123171455301692e+00
8.410808127604169071e-01 1.971160315344283154e+00
-1.838585544921875203e-01 1.971008025399458852e+00
-1.184153249544271258e+00 1.971038801764614989e+00
-2.198397759049480094e+00 1.971035618002701995e+00
-3.196646481315104538e+00 1.970845653541910769e+00
-4.207589534733074288e+00 1.971394321844866626e+00
-5.468094768717449483e+00 1.971216031177755568e+00
-6.481409290592449857e+00 1.971099823867941581e+00
-7.483238465234376413e+00 1.971066924994843816e+00
-8.482231177604168337e+00 1.970949656431059127e+00
-9.500474633919273160e+00 1.970753324446442356e+00
-1.071238801422526343e+01 1.970774018898875157e+00
-1.171998311217448219e+01 1.970562298731680206e+00
-1.272948468476562667e+01 1.970595197604778193e+00
-1.373038387177734343e+01 1.970292740223071437e+00
-1.473844396354166975e+01 1.970148409683028623e+00
-1.574934051757812803e+01 1.969719663078784766e+00
-1.676581699739583797e+01 1.969525453602110066e+00
-1.800367703258464047e+01 1.968474281543932225e+00
-1.902843040231120497e+01 1.967734056899228978e+00
-2.003002708004557775e+01 1.966980035952903272e+00
-2.098912332307942918e+01 1.966294465887701071e+00
-2.200629729361979514e+01 1.965410971956925934e+00
-2.301556636930338939e+01 1.964335391057417723e+00
-2.426658572945963854e+01 1.963307566586600217e+00
-2.527413432802734405e+01 1.962723346275619285e+00
-2.628954132207032046e+01 1.962052633766009579e+00
-2.730350683528645916e+01 1.961287469652989834e+00
-2.831403139427083104e+01 1.960573776357559028e+00
-2.933008937965495022e+01 1.959445132759505270e+00
-3.033489451471354670e+01 1.959152226663536611e+00
-3.131677545468750168e+01 1.958052236922698031e+00
-3.258913803095703088e+01 1.957324216698659747e+00
-3.361212442418619872e+01 1.956581338919029411e+00
-3.463543631308593262e+01 1.956239084513413218e+00
-3.565735322054036516e+01 1.955788051575780617e+00
-3.667183022695311934e+01 1.954905618898975961e+00
-3.768784171295573060e+01 1.954573977033069454e+00
-3.868841540429687598e+01 1.953972246031568716e+00
-3.969429002513021487e+01 1.953855508094769711e+00
-4.070276861132812485e+01 1.953450109077885077e+00
-4.170859673277993807e+01 1.952914706449565774e+00
-4.292785701536459442e+01 1.952770906536508422e+00
-4.393884656816406675e+01 1.952026436875921256e+00
-4.495099860550129733e+01 1.951688958113174444e+00
-4.595338577272136149e+01 1.950990122373336355e+00
-4.695558694241537268e+01 1.950816607349093790e+00
-4.796583250511068286e+01 1.950160752395077246e+00
-4.898416896018879640e+01 1.949729352655905856e+00
-4.998669562555338786e+01 1.949429548409126411e+00
-4.999841346969401457e+01 1.949585552742848948e+00
-4.912752655338542240e+01 1.949616859734990548e+00
-4.820465332854817575e+01 1.949636492933452203e+00
-4.726745829420573841e+01 1.949906582069046213e+00
-4.632398584335936675e+01 1.949872621941977746e+00
-4.538400084612629826e+01 1.949731475163847705e+00
-4.443392548310546886e+01 1.949719801370167760e+00
-4.347613122275390651e+01 1.949894908275366490e+00
-4.227742366679687080e+01 1.950040300069379784e+00
-4.134599455576172033e+01 1.949698576290749941e+00
-4.038875828798828138e+01 1.949678943092287842e+00
-3.942515160494792070e+01 1.950071076434536144e+00
-3.844759510745442554e+01 1.949625349766757942e+00
-3.747310756914063035e+01 1.950109812204473769e+00
-3.649290060690104553e+01 1.950074790823434157e+00
-3.550948518733724057e+01 1.950365574411461189e+00
-3.453337017067057246e+01 1.950237693307967479e+00
-3.355604617008463464e+01 1.950281735347759948e+00
-3.232725351429036209e+01 1.950267939046138155e+00
-3.134183862132162091e+01 1.950383615728966236e+00
-3.038353286777343953e+01 1.950655296745516853e+00
-2.939123606634114694e+01 1.950674929943978286e+00
-2.840414719563801782e+01 1.950440923443394814e+00
-2.741938329401041585e+01 1.950755585245766754e+00
-2.640876573626302104e+01 1.950903099547722341e+00
-2.541777091751302464e+01 1.950688195618615062e+00
-2.417005301344401147e+01 1.950995428643190754e+00
-2.316799134189454179e+01 1.951138167302276960e+00
-2.217592703736979942e+01 1.950907875190591501e+00
-2.115201065651042001e+01 1.951288865366144876e+00
-2.020374876936849873e+01 1.951450706596707496e+00
-1.918113437119141196e+01 1.951624221620949617e+00
-1.792881302835287372e+01 1.951850799343736842e+00
-1.693061080546875630e+01 1.952271586543199211e+00
-1.590436945553385684e+01 1.952463673511932285e+00
-1.490374926481120355e+01 1.952739599544366600e+00
-1.390373356604817801e+01 1.952879154441540255e+00
-1.289023304664713798e+01 1.953204959410607122e+00
-1.189272831448567835e+01 1.953256430228195617e+00
-1.062645715719401274e+01 1.953834283015351225e+00
-9.666012432096358964e+00 1.954577160794982227e+00
-8.658603331673178971e+00 1.955142278534487410e+00
-7.652449714550782822e+00 1.955611352789625501e+00
-6.647458581966145807e+00 1.956341495521605411e+00
-5.410482035026042524e+00 1.956841346141899640e+00
-4.383031701171876016e+00 1.957376218143234148e+00
-3.382132514160157033e+00 1.958183832415089753e+00
-2.370305972493490287e+00 1.959055121925199261e+00
-1.384007591276042115e+00 1.959513053013643091e+00
-3.523723130859375274e-01 1.959905186355891393e+00
8.768388371419272298e-01 1.960329157317266313e+00
1.869414634863281854e+00 1.960860845556687382e+00
2.877288729101563192e+00 1.961241835732241201e+00
3.881535871582032726e+00 1.961661031050747184e+00
4.883411545605470749e+00 1.961696052431786796e+00
5.900771513671875468e+00 1.962279742115782710e+00
7.153046357128907573e+00 1.962835308569549131e+00
8.155666021256513076e+00 1.963047559363729766e+00
9.165028095703126709e+00 1.963347363610509211e+00
1.016941473632812709e+01 1.964109343961616183e+00
1.117673083798828237e+01 1.964588500129477611e+00
1.214745192639974114e+01 1.965410971956925934e+00
1.340353971914062825e+01 1.966085398855433430e+00
1.441118131647135669e+01 1.966812888452486252e+00
1.541998539833984694e+01 1.967870958661474878e+00
1.643236993258464196e+01 1.968619142710960279e+00
1.743764006145833889e+01 1.969010214799237435e+00
1.844016672682291968e+01 1.969316917196827887e+00
1.944734333033854412e+01 1.969469207141652412e+00
2.069580522451172655e+01 1.969476635919448215e+00
2.171549016165365131e+01 1.970058733722487965e+00
2.267830635520833837e+01 1.970224289341948598e+00
2.368371598222656615e+01 1.970528869231596758e+00
2.469000909749349404e+01 1.970618014565152620e+00
2.569779019296875333e+01 1.970451397691721285e+00
2.670859374824218690e+01 1.970807448398958606e+00
2.798016583502604249e+01 1.970647729676337834e+00
2.899389885133463807e+01 1.971007494772473612e+00
3.000707387506510315e+01 1.970857327335591158e+00
3.102685181097005085e+01 1.970668424128770413e+00
3.204900121533203361e+01 1.970489072207688430e+00
3.303892654830729469e+01 1.970508174779164179e+00
3.404652164625650812e+01 1.970247636929308044e+00
3.507406497887370023e+01 1.970743773160704482e+00
3.611123368346354567e+01 1.970699200493926329e+00
3.736425251702473815e+01 1.971055781828149112e+00
3.838370495725911269e+01 1.971060026844033253e+00
3.939878645563151593e+01 1.970975657153346550e+00
4.040814853007812957e+01 1.970869001129270659e+00
4.141076819420572974e+01 1.970674791652595736e+00
4.242096725751953556e+01 1.971009086653429554e+00
4.344144268414713395e+01 1.971040393645571376e+00
4.440732783688150676e+01 1.970781978303656645e+00
4.541255146637370643e+01 1.970784631438584178e+00
4.641619411689453756e+01 1.971130600233097496e+00
4.743383308125000752e+01 1.971081782550436090e+00
4.844593861920572664e+01 1.971184193558628284e+00
4.944693080498046811e+01 1.971296686479544036e+00
5.045633937880859321e+01 1.971631512107362871e+00
5.147253686233723613e+01 1.971411832535386655e+00
5.246785612356769946e+01 1.971663880353475840e+00
5.347907817327474334e+01 1.971707391766282846e+00
5.446058711819662790e+01 1.971760985091813190e+00
5.545660387014974191e+01 1.971660696591562845e+00
5.645875854046224163e+01 1.971421914448109991e+00
5.747211956171875613e+01 1.971435180122746544e+00
5.846929879820964260e+01 1.971257950709605744e+00
5.948535678359375112e+01 1.971044638661455073e+00
6.049713682587891128e+01 1.970899777494427019e+00
6.150031448258464906e+01 1.970727323724155600e+00
6.250028368196614537e+01 1.970844592287940067e+00
6.351313321002604795e+01 1.970426988850390693e+00
6.452812170963541405e+01 1.970942758280248341e+00
6.548173102565102965e+01 1.971055781828149556e+00
6.649383656360676298e+01 1.970975126526360643e+00
6.749901369371745830e+01 1.971327993471685192e+00
6.849702991907551564e+01 1.971144396534719734e+00
6.950495051269531643e+01 1.971306768392267372e+00
7.052319396901042126e+01 1.970916757557961363e+00
7.152400015725913818e+01 1.970986269693055348e+00
7.252727081272786336e+01 1.971135906502952118e+00
7.353100646201173163e+01 1.971170927883991952e+00
7.452679071705729541e+01 1.971104599510810962e+00
7.555103259358723733e+01 1.971488242821291426e+00
7.650533940032551072e+01 1.971247338169896723e+00
7.750819156136068955e+01 1.971080721296465388e+00
7.850588229104818083e+01 1.971046230542411237e+00
7.951626735188801831e+01 1.971208602399959098e+00
8.052697790839843606e+01 1.971054189947192725e+00
