# User			Meike Reginka
# Sample		2020_0446_1
# State			after FC
# Profile		mere_beads_forc.txt
# Comment
# ML
# 
# Meas. type 		FORC
# angle (deg)		 0.000
# Hmin (kA/m)		-80.000
# Hmax (kA/m)		80.000
# pts./branch		161
# time/pt. (s)		 0.020
# dt (s)		 0.020
# nCycles		5
# Hstop (kA/m)		 0.000
# wait (s)		60.000
# nSched		5
# nMinorLoops		10
# nX			2
# nY			2
# dx (mm)		 0.250
# dy (mm)		 0.250
# avg. raster		no average raster
# Number			67
# ID			310381
# -----------------------------------------------
# H (kA/m) 	 I (arb.u.)
8.158572232600913310e+01 1.971846416036470817e+00
8.070920898453776715e+01 1.971732331234598679e+00
7.979331066692709840e+01 1.971669717250315701e+00
7.883598140039062230e+01 1.971934500116055311e+00
7.786121486578775830e+01 1.971819354060212692e+00
7.686826707301432293e+01 1.971913275036637048e+00
7.588094570540361872e+01 1.971878253655597435e+00
7.490562117822267396e+01 1.971890458076263064e+00
7.389853757347005114e+01 1.972187078561129958e+00
7.289642940253907000e+01 1.971999236608280359e+00
7.188455636149087979e+01 1.971828905345950789e+00
7.087919323385416703e+01 1.971833150361834486e+00
6.986155426949868286e+01 1.972135077116555779e+00
6.883805638307292440e+01 1.971928663219215228e+00
6.783794768554687948e+01 1.971932377608113462e+00
6.683072458264973648e+01 1.971976950274891172e+00
6.581996752675779305e+01 1.971835803496761574e+00
6.486249876207682519e+01 1.971814578417343755e+00
6.383602491523438971e+01 1.971868702369859339e+00
6.283363774801432555e+01 1.971756740075929493e+00
6.181874224716797528e+01 1.971869763623830485e+00
6.081793605891927257e+01 1.972258713204165792e+00
5.980113408343100190e+01 1.972198752354809459e+00
5.878475060237630601e+01 1.972182833545246261e+00
5.777957347226562490e+01 1.972038503005203669e+00
5.676788642874348767e+01 1.971843762901543062e+00
5.575843135553384400e+01 1.972127648338759087e+00
5.475520719944661607e+01 1.971730739353642292e+00
5.378513710237630363e+01 1.971810333401460058e+00
5.277665851617840076e+01 1.971854375441252305e+00
5.176576196214193715e+01 1.971949357671648251e+00
5.075254043902994994e+01 1.971910621901709959e+00
4.974661931881510668e+01 1.972100055735516166e+00
4.874009370664062857e+01 1.972057074949694400e+00
4.770869092535806999e+01 1.972231651227907667e+00
4.671053520185547114e+01 1.972328225339259333e+00
4.570089413111979582e+01 1.972253937561296855e+00
4.468632412594401160e+01 1.972171690378551778e+00
4.369932825400390186e+01 1.971980134036804166e+00
4.270679895566406259e+01 1.972165853481711695e+00
4.169553040657552145e+01 1.972183894799216963e+00
4.067849593417969345e+01 1.971987562814600414e+00
3.967257481396484309e+01 1.971917520052520745e+00
3.866874616591797320e+01 1.971888335568321216e+00
3.739368662552083578e+01 1.972352103553604685e+00
3.639232244469400968e+01 1.972198221727824219e+00
3.537277700569661931e+01 1.971962092719298898e+00
3.436099696341145915e+01 1.971965276481211449e+00
3.335651732402343583e+01 1.972089973822792164e+00
3.237621736302082809e+01 1.972060789338592635e+00
3.135364946422526700e+01 1.972233773735849516e+00
3.034842583473307087e+01 1.972150465299133515e+00
2.933250734749348965e+01 1.972184425426202425e+00
2.807121162402344439e+01 1.972407819387077099e+00
2.705073619739583535e+01 1.972503862871443303e+00
2.603528270397135458e+01 1.972415778791859031e+00
2.502210768024089305e+01 1.972470433371360077e+00
2.400460821402995393e+01 1.972495372839676353e+00
2.296451004840495358e+01 1.972005604132105461e+00
2.200239134557292076e+01 1.972037441751232523e+00
2.072068239361979636e+01 1.972308061513812438e+00
1.970109045524088742e+01 1.972470433371360521e+00
1.869200737708333904e+01 1.972340429759924518e+00
1.768027383417969034e+01 1.972524557323875882e+00
1.665686894651693351e+01 1.972132423981628468e+00
1.564015996979166800e+01 1.972181241664289431e+00
1.462805443183594178e+01 1.972189731696056825e+00
1.336950217187500556e+01 1.972210956775475088e+00
1.236279056217448158e+01 1.972317082172565295e+00
1.138648954798177293e+01 1.972240671886660301e+00
1.038191690983073023e+01 1.972476270268200382e+00
9.377344271679689314e+00 1.972329286593230480e+00
8.368447191048179690e+00 1.972126056457803145e+00
7.119148308007813064e+00 1.972001359116221764e+00
6.102485830664063471e+00 1.972067156862418180e+00
5.090891785904950062e+00 1.971870294250815947e+00
4.085296161360678191e+00 1.972317612799550091e+00
3.082862494759115002e+00 1.972290550823292854e+00
2.068199490820313624e+00 1.972236957497762067e+00
8.511711785481772541e-01 1.972320796561463085e+00
-1.797201095377604363e-01 1.972090504449777626e+00
-1.182200275520833621e+00 1.972269325743874591e+00
-2.180077002734375213e+00 1.972545251776308906e+00
-3.190369064811198641e+00 1.972198752354809459e+00
-4.196941176367189108e+00 1.972068748743374345e+00
-5.457167414062500832e+00 1.972451330799883884e+00
-6.462251545410158116e+00 1.971938745131939008e+00
-7.466126692838543022e+00 1.972065564981461350e+00
-8.475581766048177812e+00 1.971952010806575117e+00
-9.478294428938804472e+00 1.972261366339092881e+00
-1.069532274121093884e+01 1.972525087950861566e+00
-1.170501031132812741e+01 1.972377043021921184e+00
-1.271367489505208681e+01 1.972182302918261021e+00
-1.371638755794270992e+01 1.971938745131939230e+00
-1.374103223014323305e+01 1.971885151806408665e+00
-1.284131569729817812e+01 1.971723310575846044e+00
-1.190779411409505428e+01 1.972053360560796165e+00
-1.096743712180989760e+01 1.972149404045162813e+00
-9.813368972102868071e+00 1.972296918347117956e+00
-8.859434160416670423e+00 1.972433289482379060e+00
-7.905638846875001846e+00 1.972481045911069319e+00
-6.944357132910157659e+00 1.972300632736016190e+00
-5.982098931933594876e+00 1.972290550823292410e+00
-4.779252931022137219e+00 1.972800483356310641e+00
-3.797604487955730246e+00 1.972718236173565787e+00
-2.823860939746094534e+00 1.972419493180757044e+00
-1.859556765983073623e+00 1.972273040132772826e+00
-8.803262907552085181e-01 1.972450269545912960e+00
1.314072521484374867e-01 1.972437534498262313e+00
1.304400650130208561e+00 1.972567538109697871e+00
2.287630072167969431e+00 1.972504393498428987e+00
3.275927926790365152e+00 1.972578681276392132e+00
4.262226308007813991e+00 1.972425860704582368e+00
5.250570662011719847e+00 1.972459820831651278e+00
6.237101540136720246e+00 1.972700725483045758e+00
7.463336729947918080e+00 1.972902363737517151e+00
8.466653884798180485e+00 1.972820647181757536e+00
9.457462706022138121e+00 1.972869464864419164e+00
1.044250560393880534e+01 1.972953834555105646e+00
1.144317229404297009e+01 1.972729909967245732e+00
1.240659297955729556e+01 1.972704439871943993e+00
1.364333702958984773e+01 1.972566476855726947e+00
1.465200161331380713e+01 1.972734685610114669e+00
1.564387992031250363e+01 1.972344674775808215e+00
1.664682508011068052e+01 1.972810034642048294e+00
1.765149071702474615e+01 1.972403043744207940e+00
1.865266890032552283e+01 1.972372267379052024e+00
1.964305922711588792e+01 1.972429575093480825e+00
2.089817053284505377e+01 1.972327694712273871e+00
2.191664648606771593e+01 1.972574966887494119e+00
2.287950917900391090e+01 1.972407819387077543e+00
2.387268946868489650e+01 1.972334592863084879e+00
2.487614612167969241e+01 1.972397737474353763e+00
2.587602232229818000e+01 1.972818524673815688e+00
2.689412628046875398e+01 1.972690643570322200e+00
2.815677048600260335e+01 1.972528802339759579e+00
2.916827153199869826e+01 1.972644479022588104e+00
3.017428565097656090e+01 1.972604151371694092e+00
3.118904165367839099e+01 1.972431697601422673e+00
3.222114192568359670e+01 1.972713460530696628e+00
3.318981704130859356e+01 1.972497495347618202e+00
3.420076009472656153e+01 1.972464596474520437e+00
3.524030026777343494e+01 1.972242794394602150e+00
3.626784360039061994e+01 1.972516067292108932e+00
3.753360326448568429e+01 1.972526149204832713e+00
3.854012887666015530e+01 1.972249692545413158e+00
3.954242304511718942e+01 1.972501209736516437e+00
4.055136662513021406e+01 1.972323980323376080e+00
4.154719737955729641e+01 1.972653499681340739e+00
4.255455998059895961e+01 1.972697541721133208e+00
4.357838336269531965e+01 1.972416840045829733e+00
4.454366402347005760e+01 1.972416309418844271e+00
4.553958777666015578e+01 1.972613702657431745e+00
4.654239343831380893e+01 1.972680561657598863e+00
4.755877691936849061e+01 1.972516597919094394e+00
4.856767400000001089e+01 1.972422146315684133e+00
4.957750106826173209e+01 1.972348919791691912e+00
5.057602878681640846e+01 1.972357940450444991e+00
5.158162441136069276e+01 1.972221569315183887e+00
5.258884751425782156e+01 1.972045931782999917e+00
5.359816308932292372e+01 1.972337245998011968e+00
5.456530372535807061e+01 1.972441779514146454e+00
5.556624941175130061e+01 1.972285244553438233e+00
5.656775309072264690e+01 1.972128178965744771e+00
5.757344171402996125e+01 1.972027890465494870e+00
5.857661937073567060e+01 1.972206181132606151e+00
5.958444696559246267e+01 1.971860212338091944e+00
6.059948196458333314e+01 1.972086259433894373e+00
6.159945116396485787e+01 1.971976950274891172e+00
6.259146896910807811e+01 1.972115974545079586e+00
6.360580647737631921e+01 1.972168506616639228e+00
6.461981848997395161e+01 1.972021522941669547e+00
6.557259081712240345e+01 1.972079891910068827e+00
6.657465248867188734e+01 1.972058666830650786e+00
6.757634216516929371e+01 1.972141975267366121e+00
6.858579723837890185e+01 1.971785924560129022e+00
6.958795190869140868e+01 1.971756740075929493e+00
7.059526801035156041e+01 1.972142505894352027e+00
7.159900365963542868e+01 1.971982256544745571e+00
7.260534327428385382e+01 1.972284183299466864e+00
7.360224351448567859e+01 1.972514475411152546e+00
7.460337519840496157e+01 1.972248100664456549e+00
7.562157215533855492e+01 1.972240671886660301e+00
7.657485597568357605e+01 1.972120750187948524e+00
7.757366269052734253e+01 1.972281530164539776e+00
7.857265540289714068e+01 1.971905846258840800e+00
7.957848352434896810e+01 1.972024176076596635e+00
8.058933357900389183e+01 1.971825190957052776e+00
