# User			Meike Reginka
# Sample		2020_0446_1
# State			after FC
# Profile		mere_beads_forc.txt
# Comment
# ML
# 
# Meas. type 		FORC
# angle (deg)		 0.000
# Hmin (kA/m)		-80.000
# Hmax (kA/m)		80.000
# pts./branch		161
# time/pt. (s)		 0.020
# dt (s)		 0.020
# nCycles		5
# Hstop (kA/m)		 0.000
# wait (s)		60.000
# nSched		5
# nMinorLoops		10
# nX			2
# nY			2
# dx (mm)		 0.250
# dy (mm)		 0.250
# avg. raster		no average raster
# Number			50
# ID			310364
# -----------------------------------------------
# H (kA/m) 	 I (arb.u.)
8.157832892434896621e+01 1.972086790060879613e+00
8.070209457916666906e+01 1.972152057180090345e+00
7.978303430361330584e+01 1.972117035799050289e+00
7.883109896533203198e+01 1.972513414157181844e+00
7.785554194124348726e+01 1.972147281537220964e+00
7.686696509033204450e+01 1.972150995926119421e+00
7.587229682044268486e+01 1.972360062958386395e+00
7.490166873079429877e+01 1.972772890753066832e+00
7.388654073304036274e+01 1.972522434815934478e+00
7.288247958808595683e+01 1.972654030308326201e+00
7.187451249508464457e+01 1.972776605141965067e+00
7.086840537734376255e+01 1.972484229672981870e+00
6.985662533505858107e+01 1.972423738196640519e+00
6.883991635833334044e+01 1.972153118434061048e+00
6.783101927770182726e+01 1.972240671886660301e+00
6.682853911171875438e+01 1.972125525830817239e+00
6.582536145501300950e+01 1.972296918347117956e+00
6.485705833444011148e+01 1.972173282259507943e+00
6.383551342203775647e+01 1.972434350736349762e+00
6.281973443294270965e+01 1.972631743974937457e+00
6.181376681334635492e+01 1.972501740363501455e+00
6.080012679580079293e+01 1.972578150649407114e+00
5.979792562610677464e+01 1.972432758855393375e+00
5.877805469143879691e+01 1.972642356514646256e+00
5.777050609287110206e+01 1.972249161918427252e+00
5.676449197389322876e+01 1.972703378617972847e+00
5.575354892047526079e+01 1.972624315197140987e+00
5.475590469016927386e+01 1.972301693989986893e+00
5.378946154485678477e+01 1.972308061513812660e+00
5.276452217760417085e+01 1.972191323577013655e+00
5.175306763098959095e+01 1.972418431926786342e+00
5.074872748974609493e+01 1.972061850592563559e+00
4.973518047096354167e+01 1.972115974545079586e+00
4.872428391692707805e+01 1.972042748021087366e+00
4.771231787711589334e+01 1.971982256544746015e+00
4.669858486080729421e+01 1.971842171020587120e+00
4.569433771832683533e+01 1.971801312742707202e+00
4.467869822737630869e+01 1.971698901734515452e+00
4.369263234306640697e+01 1.971836334123747037e+00
4.270196301998697663e+01 1.971813517163372609e+00
4.168455655253905690e+01 1.971751964433060111e+00
4.067598496757812399e+01 1.971605511385075893e+00
3.967406279417318160e+01 1.971747188790191174e+00
3.865600533538412265e+01 1.972011441028945544e+00
3.739271013850911629e+01 1.972083606298967062e+00
3.637204871435547204e+01 1.972110137648239281e+00
3.536096616279296967e+01 1.972140383386409956e+00
3.435797450361328487e+01 1.971950418925618953e+00
3.334182351946614631e+01 1.971999767235265821e+00
3.237691485374348588e+01 1.971828905345950567e+00
3.135769491041667223e+01 1.971822537822125243e+00
3.033833546894531707e+01 1.971828905345950567e+00
2.933199585429687417e+01 1.972021522941669325e+00
2.806707317906901267e+01 1.971872947385743036e+00
2.704576076357422210e+01 1.971617715805741300e+00
2.603374822438151526e+01 1.971858620457136002e+00
2.501578376435547568e+01 1.972157894076929985e+00
2.401042063671875582e+01 1.972071401878301433e+00
2.295367569251302697e+01 1.971857028576179616e+00
2.199197548411459024e+01 1.971748250044162099e+00
2.070766256679688055e+01 1.971858620457136002e+00
1.969751000286458975e+01 1.972221569315184331e+00
1.867908054902344261e+01 1.971914866917593656e+00
1.767004397024740214e+01 1.971776903901376388e+00
1.665245150527344009e+01 1.971697840480544306e+00
1.563560303040365085e+01 1.971867110488903396e+00
1.462107952460937987e+01 1.972013563536887393e+00
1.336694470589193173e+01 1.971887804941335975e+00
1.235451367226562702e+01 1.971830497226907175e+00
1.138328109065755456e+01 1.972074055013228744e+00
1.037619748590495128e+01 1.971904254377884413e+00
9.368974383007815376e+00 1.971990746576512965e+00
8.364355245475264766e+00 1.971964215227240746e+00
7.119008809863283105e+00 1.972179649783333488e+00
6.099230873958333632e+00 1.971935561370026235e+00
5.081219914550782590e+00 1.972060789338592635e+00
4.084412673111979863e+00 1.972110668275225187e+00
3.077887060937500863e+00 1.972032135481378123e+00
2.069826969173177655e+00 1.972194507338926206e+00
8.441962713216147884e-01 1.972372798006037486e+00
-1.740471849934895898e-01 1.972355287315517458e+00
-1.183734755110677384e+00 1.972069279370360029e+00
-2.193143328938802483e+00 1.972208303640547999e+00
-3.199110948535157206e+00 1.972196629846867610e+00
-4.207636034114584866e+00 1.972059728084621710e+00
-5.473256200065105048e+00 1.972089443195806924e+00
-6.469272952018231493e+00 1.971805557758590899e+00
-7.479193019042970292e+00 1.972135607743541019e+00
-8.483300663378907203e+00 1.971884090552437518e+00
-9.490430767513023724e+00 1.971909030020753795e+00
-1.070160015771484829e+01 1.971667064115388390e+00
-1.171984361402994956e+01 1.971746127536220472e+00
-1.272441625218099048e+01 1.971730208726656830e+00
-1.372512944166667026e+01 1.971596490726323481e+00
-1.472905108847656486e+01 1.971063741232931044e+00
-1.573994764251302492e+01 1.970564951866607517e+00
-1.675042570211588711e+01 1.970015752936666420e+00
-1.800325853815104793e+01 1.969478227800404824e+00
-1.901090013548177637e+01 1.968630816504640224e+00
-2.001705375260417341e+01 1.967777568312035541e+00
-2.096950058408203788e+01 1.966905217547954665e+00
-2.198979001318359749e+01 1.966300833411526172e+00
-2.299533913834635968e+01 1.965404073806114926e+00
-2.424240605107422297e+01 1.964555601256379846e+00
-2.525483708470052591e+01 1.963760191405189648e+00
-2.627005808121745289e+01 1.963344710475581678e+00
-2.728593006907552265e+01 1.962187943647299537e+00
-2.830287154270833128e+01 1.961396248185007352e+00
-2.930693268766276205e+01 1.960749413889742998e+00
-3.031327230231120495e+01 1.960009189245039529e+00
-3.130440661920573220e+01 1.959279046513059841e+00
-3.132077440149739900e+01 1.958737276360914770e+00
-3.045690889179687844e+01 1.958929893956633084e+00
-2.952966472509765694e+01 1.959172921115969190e+00
-2.859033071920573121e+01 1.959313537267113547e+00
-2.765336818177083344e+01 1.959255168298714267e+00
-2.668813402037760341e+01 1.959472725362749079e+00
-2.573508269694010764e+01 1.959443010251563866e+00
-2.477961340566406534e+01 1.959515175521584940e+00
-2.357318695237630735e+01 1.960304748475935499e+00
-2.260562782190755371e+01 1.960271849602837513e+00
-2.164555509186198279e+01 1.960683085516561563e+00
-2.067302052757161945e+01 1.961024809295192073e+00
-1.972768810146484952e+01 1.961085300771533202e+00
-1.876417441718750467e+01 1.961406860724716372e+00
-1.754482113583985026e+01 1.961596294558522136e+00
-1.655749976822917091e+01 1.961891853789418327e+00
-1.556994590371094311e+01 1.962095614551831124e+00
-1.457578912701823270e+01 1.962079165115282242e+00
-1.360720701015625345e+01 1.962344478608007536e+00
-1.260774930397135485e+01 1.962323253528589495e+00
-1.162135792399088885e+01 1.962579546362561933e+00
-1.037759246735026331e+01 1.962983353498490180e+00
-9.436258988053387142e+00 1.963412100102734037e+00
-8.435499299186199451e+00 1.963777171468723992e+00
-7.448317429720055394e+00 1.964132691548975629e+00
-6.456439122721356227e+00 1.964637848439124701e+00
-5.211557680924480351e+00 1.965022553003576311e+00
-4.205264565657553355e+00 1.965578119457342510e+00
-3.211200787727865880e+00 1.966266342657471800e+00
-2.212859066699219834e+00 1.966597984523378972e+00
-1.214703343196614771e+00 1.967159918500970939e+00
-2.125021735026041692e-01 1.967440089549288729e+00
1.012105537955729329e+00 1.967658707867294687e+00
2.006169315885416804e+00 1.967954267098190657e+00
3.006696507845052935e+00 1.967976022804593939e+00
4.002852757942709339e+00 1.968503466028131754e+00
5.009564367643230653e+00 1.968910987552958236e+00
6.011207544759116672e+00 1.969332305379406067e+00
7.264412375846355019e+00 1.969276589545933653e+00
8.266427548014325666e+00 1.969941465158703053e+00
9.274906134212242748e+00 1.969983384690553896e+00
1.027245736575521029e+01 1.970278413294464404e+00
1.127428654039713685e+01 1.970439723898041340e+00
1.224454263499349338e+01 1.970741650652762633e+00
1.349360902112630711e+01 1.971165621614137553e+00
1.450055312773437777e+01 1.971324279082787179e+00
1.550554426031901656e+01 1.971387954321041525e+00
1.652053275992838621e+01 1.971468609622829993e+00
1.751906047848307679e+01 1.971746127536220472e+00
1.852591158632813162e+01 1.971581633170730985e+00
1.953359968304036798e+01 1.971784863306158320e+00
2.078354955742188181e+01 1.972074585640213984e+00
2.179644558486328521e+01 1.971894172465161077e+00
2.275489083655599387e+01 1.972344144148823197e+00
2.376499690110676966e+01 1.972338307251982670e+00
2.477231300276693204e+01 1.972222630569155033e+00
2.576781826152343413e+01 1.972301163363001653e+00
2.678387624690755331e+01 1.971998175354309657e+00
2.805037990110677271e+01 1.972119158306992137e+00
2.907034383453776272e+01 1.972132423981628468e+00
3.007956641083984550e+01 1.972239610632689377e+00
3.108678951373697785e+01 1.972291612077263112e+00
3.212423721461588144e+01 1.972404104998179086e+00
3.310188671087239953e+01 1.972479984657098617e+00
3.411329475810546796e+01 1.972160016584871833e+00
3.514395354928385728e+01 1.972273570759758288e+00
3.618181974459636052e+01 1.972255529442252797e+00
3.743372259300129912e+01 1.972175935394435031e+00
3.845071056601562276e+01 1.972306469632856052e+00
3.946179311757812513e+01 1.972304347124914203e+00
4.046971371119792593e+01 1.972400921236266091e+00
4.147656481904297721e+01 1.972252345680340246e+00
4.247774300234375033e+01 1.972346797283750508e+00
4.350235687392577688e+01 1.972316020918594148e+00
4.446740503779297171e+01 1.972612110776475802e+00
4.546556076129557056e+01 1.972567007482712631e+00
4.647524833141276446e+01 1.972449738918927942e+00
4.748926034401042529e+01 1.972103239497428495e+00
4.849676244319662288e+01 1.972381288037804659e+00
4.950872848300781470e+01 1.972538353625497898e+00
5.051055765764974836e+01 1.972828075959554006e+00
5.151573478776042947e+01 1.972328225339259333e+00
5.251877294632162574e+01 1.972093157584705159e+00
5.353636541129558424e+01 1.972331939728157568e+00
5.450406403990887583e+01 1.972190262323042509e+00
5.549938330113932494e+01 1.972242794394602150e+00
5.651046585270182021e+01 1.972450269545913404e+00
5.750457613001302093e+01 1.972448677664956795e+00
5.851240372486978458e+01 1.972314429037637984e+00
5.952832221210938002e+01 1.972460351458636740e+00
6.053224385891926573e+01 1.972404104998179086e+00
6.154058294697265552e+01 1.972349450418677597e+00
6.254510908574218320e+01 1.972578150649406670e+00
6.354605477213542741e+01 1.972034788616305434e+00
6.456006678473306692e+01 1.972247570037470865e+00
6.552492895107423010e+01 1.972250223172398398e+00
6.652257318138019571e+01 1.972164792227740548e+00
6.752444885540364794e+01 1.972188670442086122e+00
6.853171845768228820e+01 1.972324510950361320e+00
6.953810457171225323e+01 1.972248631291442011e+00
7.054007324449869998e+01 1.972407288760091637e+00
7.154032144016927930e+01 1.972190792950027971e+00
7.255633292617187635e+01 1.972045401156014455e+00
7.355341916389974699e+01 1.972162139092813682e+00
7.455515533977863640e+01 1.971989154695556579e+00
7.557335229671224397e+01 1.971997644727323751e+00
7.652724060901691416e+01 1.971975889020920469e+00
7.752614032262368937e+01 1.972228467465994672e+00
7.853433991253257318e+01 1.972166914735682841e+00
7.953482060511066720e+01 1.972232712481878814e+00
8.054962310719400875e+01 1.972386063680673374e+00
