# User			Meike Reginka
# Sample		2020_0446_1
# State			after FC
# Profile		mere_beads_forc.txt
# Comment
# ML
# 
# Meas. type 		FORC
# angle (deg)		 0.000
# Hmin (kA/m)		-80.000
# Hmax (kA/m)		80.000
# pts./branch		161
# time/pt. (s)		 0.020
# dt (s)		 0.020
# nCycles		5
# Hstop (kA/m)		 0.000
# wait (s)		60.000
# nSched		5
# nMinorLoops		10
# nX			2
# nY			2
# dx (mm)		 0.250
# dy (mm)		 0.250
# avg. raster		no average raster
# Number			55
# ID			310369
# -----------------------------------------------
# H (kA/m) 	 I (arb.u.)
8.157725943857423090e+01 1.972476270268200160e+00
8.070032760266926175e+01 1.972677377895685868e+00
7.978359229619144344e+01 1.972581865038304905e+00
7.882872749687500402e+01 1.972707623633856544e+00
7.784605606741536121e+01 1.972621131435228437e+00
7.686203615589192850e+01 1.972669418490904381e+00
7.587225032106117339e+01 1.972740522506954752e+00
7.490032024873048044e+01 1.972414717537887885e+00
7.389174866376951911e+01 1.972593538831985072e+00
7.288657153365885222e+01 1.972569129990654035e+00
7.186739808971354648e+01 1.972669949117889843e+00
7.086849837610678549e+01 1.972650846546413650e+00
6.985564884804686869e+01 1.972467780236432988e+00
6.883828887998048174e+01 1.972426921958553514e+00
6.783050778450520113e+01 1.972520312307992629e+00
6.682626064202473515e+01 1.972387655561629760e+00
6.582996489378254523e+01 1.973080123777642969e+00
6.484496849524740014e+01 1.972450269545912960e+00
6.382621354573569050e+01 1.972583456919261513e+00
6.282717433398437379e+01 1.972347858537721210e+00
6.181999773046875646e+01 1.972747951284750556e+00
6.080356775003255621e+01 1.972291081450277872e+00
5.979425217496745404e+01 1.972187609188114976e+00
5.877405574462890314e+01 1.972029482346451035e+00
5.777190107431639632e+01 1.972144097775308413e+00
5.676123701718750425e+01 1.971859681711106704e+00
5.575410691305339128e+01 1.972088912568821462e+00
5.474590732314453589e+01 1.971538652384909218e+00
5.377541873164062736e+01 1.971956255822458814e+00
5.276242970543620459e+01 1.971813517163372387e+00
5.174627872128907313e+01 1.971842171020586676e+00
5.074821599654947590e+01 1.971954133314516966e+00
4.974806079964193373e+01 1.972102708870443255e+00
4.872307493300780834e+01 1.971744005028278623e+00
4.770952791422526218e+01 1.971725963710773133e+00
4.670681525133463197e+01 1.971629920226406929e+00
4.569377972574870483e+01 1.971542897400792915e+00
4.468060470201822909e+01 1.971711636782166099e+00
4.369356233069661499e+01 1.971626736464493934e+00
4.269903355895182528e+01 1.971834742242790428e+00
4.169385642884114418e+01 1.971419791940168587e+00
4.068384336305338422e+01 1.971214439296798959e+00
3.966880836406249955e+01 1.971170927883991952e+00
3.865302937496744562e+01 1.971221337447609745e+00
3.739196614840494703e+01 1.971247338169897168e+00
3.637479217786458463e+01 1.971322687201831236e+00
3.536770857311199023e+01 1.971280237042994932e+00
3.436341493124999857e+01 1.971351341059045303e+00
3.334112602874348852e+01 1.971212847415842795e+00
3.237379939518228866e+01 1.971842701647572360e+00
3.135588143453776411e+01 1.971735514996511229e+00
3.034363639843750349e+01 1.972079361283083365e+00
2.933255384687500111e+01 1.972034257989319972e+00
2.806623619020182403e+01 1.972173812886493627e+00
2.704738824192708790e+01 1.972141975267366565e+00
2.603072576458333387e+01 1.971992338457469573e+00
2.501638825631510699e+01 1.971843762901543506e+00
2.401144362311198321e+01 1.971893641838175615e+00
2.296706751438802740e+01 1.971851191679339754e+00
2.198746504410807745e+01 1.971719596186948031e+00
2.071221950618490482e+01 1.972225283704082344e+00
1.969667301399740111e+01 1.972131362727657766e+00
1.868586945872396399e+01 1.972181241664289431e+00
1.766981147333984481e+01 1.972022584195640027e+00
1.665719444218750311e+01 1.972012502282916691e+00
1.563732350751953426e+01 1.972041686767116220e+00
1.462628745533854513e+01 1.972453983934811195e+00
1.336736320032552605e+01 1.972228467465995116e+00
1.235907061165364951e+01 1.971998705981294897e+00
1.139118598551432626e+01 1.971685636059879121e+00
1.037768546611328446e+01 1.972124995203832221e+00
9.376507282812502453e+00 1.971958378330400441e+00
8.366122221972657869e+00 1.971853844814266843e+00
7.115846851920574423e+00 1.971724902456802431e+00
6.100625855403645659e+00 1.971699962988486154e+00
5.083405385481771788e+00 1.971760985091813190e+00
4.083343187337240998e+00 1.971819354060212248e+00
3.076166583821615674e+00 1.971801312742707424e+00
2.079405841764323526e+00 1.971693064837675369e+00
8.422432972981772625e-01 1.971805557758590899e+00
-1.820915779947916702e-01 1.971672370385242790e+00
-1.182246774902343978e+00 1.971688819821791672e+00
-2.189934871614583667e+00 1.971663880353475395e+00
-3.194693507291667345e+00 1.971764168853725741e+00
-4.203544088541668167e+00 1.971775842647405685e+00
-5.467397277994792582e+00 1.971776903901376388e+00
-6.474992375944012224e+00 1.971776903901376388e+00
-7.483424462760419615e+00 1.971833680988819726e+00
-8.479952707910156207e+00 1.971812455909401685e+00
-9.481223889973961150e+00 1.971765230107696887e+00
-1.070094916637370197e+01 1.971576326900876142e+00
-1.171575166845703286e+01 1.971706330512311700e+00
-1.272264927568359738e+01 1.971426690090979150e+00
-1.371782903876953519e+01 1.970947003296131816e+00
-1.472891159033203579e+01 1.970980963423200949e+00
-1.573167075260417214e+01 1.970882797430892452e+00
-1.674521777138672363e+01 1.970394620604277947e+00
-1.799535364329427622e+01 1.969459125228928631e+00
-1.900862166578776780e+01 1.968923191973623421e+00
-2.001384529527995326e+01 1.967927205121932976e+00
-2.096666412180989880e+01 1.967809405931162603e+00
-2.197649119007162000e+01 1.966610188944044157e+00
-2.298757374163411882e+01 1.965499586663496334e+00
-2.424552150963541663e+01 1.964479190970474853e+00
-2.525400009583333372e+01 1.963879582476915964e+00
-2.626401316162109723e+01 1.963103275197201514e+00
-2.628591437031250422e+01 1.963074621339987447e+00
-2.539173126386719304e+01 1.963275728967472933e+00
-2.446309211572265951e+01 1.963737374444815220e+00
-2.328712275732422299e+01 1.963649820992215966e+00
-2.233881437080078669e+01 1.963815376611676600e+00
-2.138520505478516043e+01 1.963683250492299415e+00
-2.046967873222656920e+01 1.964107752080659353e+00
-1.950825752011719061e+01 1.964895202527068285e+00
-1.854683630800781557e+01 1.964921203249354820e+00
-1.735226719700521514e+01 1.965422645750605657e+00
-1.637219973291016117e+01 1.964939775193845994e+00
-1.539696820449219139e+01 1.965535138671521187e+00
-1.441429677503255746e+01 1.966144829077803635e+00
-1.344803962724609647e+01 1.966327895387784297e+00
-1.247238960439453592e+01 1.966375651816474779e+00
-1.149329862731119967e+01 1.966721620610988985e+00
-1.025776356119791899e+01 1.967260207001221506e+00
-9.316476581282556069e+00 1.967556827486087956e+00
-8.329666706868492199e+00 1.968262561376737496e+00
-7.342810333072917750e+00 1.968370809281769329e+00
-6.353768488346356769e+00 1.968361257996031455e+00
-5.124278341829428207e+00 1.968889762473540195e+00
-4.124169644303385951e+00 1.969524392348139363e+00
-3.139452242057292786e+00 1.969685172324730615e+00
-2.143714486393229812e+00 1.969879381801405760e+00
-1.149278713411458597e+00 1.970183431064068902e+00
-1.408931259765625055e-01 1.970432295120245092e+00
1.070694758658854440e+00 1.970774018898875157e+00
2.066293016178386122e+00 1.970849898557794688e+00
3.065704222981771476e+00 1.971066924994843594e+00
4.059768000911459396e+00 1.971676615401126487e+00
5.053738780078125714e+00 1.971407587519502957e+00
6.053289485026041916e+00 1.971281828923951540e+00
7.301425883528647631e+00 1.971386893067070378e+00
8.307718998795575516e+00 1.971428812598920999e+00
9.315546593652348051e+00 1.971480814043495178e+00
1.029784602805989735e+01 1.971408118146488198e+00
1.132041392685547265e+01 1.971469670876800695e+00
1.228281162597656362e+01 1.971872416758757796e+00
1.352025316673177180e+01 1.971717473679006183e+00
1.453296319664713998e+01 1.971770536377551286e+00
1.553967480634766041e+01 1.971737637504453522e+00
1.654982737027995299e+01 1.971838987258674125e+00
1.754914557832031718e+01 1.972015155417843779e+00
1.855199773935547114e+01 1.971705269258340998e+00
1.956312679029948498e+01 1.972104300751399641e+00
2.079973134218750630e+01 1.972146750910235502e+00
2.182848365872396457e+01 1.972243855648572852e+00
2.278260446793620275e+01 1.972385002426702671e+00
2.379484950403646693e+01 1.972174874140464329e+00
2.479058725970052635e+01 1.971924948830316993e+00
2.579678737620443130e+01 1.972053360560796165e+00
2.681061339127604271e+01 1.971853844814266843e+00
2.807790753496094283e+01 1.972034788616305434e+00
2.908461914466145970e+01 1.971844824155514209e+00
3.009830566158854026e+01 1.972023114822625489e+00
3.111106219088541991e+01 1.972121811441919448e+00
3.214530143444010690e+01 1.972034788616305434e+00
3.312095145729166745e+01 1.972434881363335224e+00
3.413649794947917115e+01 1.972140914013395863e+00
3.517329465901692487e+01 1.972383941172731969e+00
3.620004750214843625e+01 1.972195568592897352e+00
3.745511230849609774e+01 1.972240671886660301e+00
3.846949631614583609e+01 1.972382349291775583e+00
3.948350832874348981e+01 1.972290550823292854e+00
4.049249840813802592e+01 1.972434350736349762e+00
4.149986100917968912e+01 1.972383941172731969e+00
4.249769123701171480e+01 1.972199813608780605e+00
4.351347022610676873e+01 1.971721718694889436e+00
4.448335432565104242e+01 1.971632573361334018e+00
4.548402101575520362e+01 1.971635226496261328e+00
4.649426657845052091e+01 1.971628328345450321e+00
4.750307066031902536e+01 1.971483467178422488e+00
4.851271173105469359e+01 1.971514774170564310e+00
4.951830735559896368e+01 1.971877723028612195e+00
5.052734393437501126e+01 1.971930785727157076e+00
5.154219293583984296e+01 1.971967398989153297e+00
5.253802369026692531e+01 1.972123403322875834e+00
5.355938260514323446e+01 1.972388716815600906e+00
5.451359641311849202e+01 1.972497495347618646e+00
5.552365597828776345e+01 1.972276223894685820e+00
5.652250919251302008e+01 1.972413125656931498e+00
5.752433836715495374e+01 1.972754318808576102e+00
5.852695803128255392e+01 1.972548966165207140e+00
5.954357400924480004e+01 1.972405166252149789e+00
6.055023911956379834e+01 1.972204589251649764e+00
6.155848520885416519e+01 1.972267733862918426e+00
6.255389746884766566e+01 1.972098463854559558e+00
6.356632850247397215e+01 1.972006134759091145e+00
6.458038701445312313e+01 1.972198221727823997e+00
6.554143623151041709e+01 1.972205119878635005e+00
6.653875496614584506e+01 1.972131362727657766e+00
6.754249061542968491e+01 1.971966337735182151e+00
6.854171582470704038e+01 1.972169567870609930e+00
6.955749481380208010e+01 1.972122342068904688e+00
7.056109096494139976e+01 1.972120750187948524e+00
7.156501261175129969e+01 1.972088912568821462e+00
7.256814376907553310e+01 1.972167975989653543e+00
7.356936845175781059e+01 1.971973235885992937e+00
7.456217674638672577e+01 1.971889396822292362e+00
7.557828123115234575e+01 1.971966868362167835e+00
7.654165541728515620e+01 1.971933438862084387e+00
7.754204311110026993e+01 1.971764168853725741e+00
7.854350029069011896e+01 1.972112260156181129e+00
7.954449247646485333e+01 1.972555333689032242e+00
8.054948360904948856e+01 1.972408350014062783e+00
