# User			Meike Reginka
# Sample		2020_0446_1
# State			after FC
# Profile		mere_beads_forc.txt
# Comment
# ML
# 
# Meas. type 		FORC
# angle (deg)		 0.000
# Hmin (kA/m)		-80.000
# Hmax (kA/m)		80.000
# pts./branch		161
# time/pt. (s)		 0.020
# dt (s)		 0.020
# nCycles		5
# Hstop (kA/m)		 0.000
# wait (s)		60.000
# nSched		5
# nMinorLoops		10
# nX			2
# nY			2
# dx (mm)		 0.250
# dy (mm)		 0.250
# avg. raster		no average raster
# Number			77
# ID			310391
# -----------------------------------------------
# H (kA/m) 	 I (arb.u.)
8.159609168808594859e+01 1.973338539119557256e+00
8.072766923899739311e+01 1.973357111064047986e+00
7.980005307724610475e+01 1.973738631866587045e+00
7.884486278225911349e+01 1.973581566278893362e+00
7.787200272229817699e+01 1.973798062088957472e+00
7.687524198024090083e+01 1.973965209589374270e+00
7.589173356191405162e+01 1.974189134177234628e+00
7.491003861946614961e+01 1.973553973675650219e+00
7.390602397389322675e+01 1.973445725770618386e+00
7.290196282893882085e+01 1.973552381794693833e+00
7.189287975078124759e+01 1.973489767810410633e+00
7.088333167880860231e+01 1.973752958795194079e+00
6.987736405921224048e+01 1.973899942470163982e+00
6.885502865732421185e+01 1.973711039263343459e+00
6.784957253092447615e+01 1.973479155270701613e+00
6.684067545029296298e+01 1.973460052699225420e+00
6.583600981337890801e+01 1.973179351023922168e+00
6.486905517486978567e+01 1.973258414444754472e+00
6.384453430205077495e+01 1.973328987833819159e+00
6.283893867750651907e+01 1.973257883817768787e+00
6.182604265006511213e+01 1.973342253508455491e+00
6.081737806634114918e+01 1.973565647469330164e+00
5.980541202652996446e+01 1.973414418778476564e+00
5.878577358876952985e+01 1.973319436548081285e+00
5.779161681207681767e+01 1.973286537674983299e+00
5.677723280442707221e+01 1.973369846111699077e+00
5.576889371637370374e+01 1.973557688064548232e+00
5.475716017347005504e+01 1.973882962406629193e+00
5.379769193538412964e+01 1.973822470930287842e+00
5.277823949514974089e+01 1.973917453160683566e+00
5.176915641699218895e+01 1.974015619152992063e+00
5.076653675286458167e+01 1.973456868937312869e+00
4.974959527923178371e+01 1.973515768532697612e+00
4.873632725673827792e+01 1.973747121898353996e+00
4.770641245566406496e+01 1.973767816350786575e+00
4.671760310784505066e+01 1.973674956628332700e+00
4.569870866018879951e+01 1.974008721002181277e+00
4.469129955976563195e+01 1.973909493755901856e+00
4.370714015009765774e+01 1.973572014993155710e+00
4.271265787773437950e+01 1.974008190375195815e+00
4.170599276741536698e+01 1.973604913866253474e+00
4.069435222327473411e+01 1.973681854779143707e+00
3.967071483870442705e+01 1.973575729382053501e+00
3.866763018076172642e+01 1.973456338310327185e+00
3.740312599996745035e+01 1.973119390174566279e+00
3.639106696139323560e+01 1.973365070468829918e+00
3.537635745807291698e+01 1.973237189365336208e+00
3.436564690156249924e+01 1.973338539119557256e+00
3.335395985804036911e+01 1.973360294825960537e+00
3.238440125416666859e+01 1.973256822563798085e+00
3.136931975579427245e+01 1.973325804071906608e+00
3.035572623763021127e+01 1.973423439437229421e+00
2.934287670957031224e+01 1.973653200921929418e+00
2.807879102320963582e+01 1.973652139667958494e+00
2.705803660029296864e+01 1.973408581881636481e+00
2.604169961861979488e+01 1.973447317651574551e+00
2.502368865921224383e+01 1.973413357524506084e+00
2.401748854270833533e+01 1.973377805516480565e+00
2.296902048841146282e+01 1.973319967175066525e+00
2.199490494514974515e+01 1.973170860992154774e+00
2.072017090042318443e+01 1.973007958507621895e+00
1.969504553564453886e+01 1.973224984944670801e+00
1.868814792841797257e+01 1.973182534785834719e+00
1.767911134964193209e+01 1.973375683008539161e+00
1.666654081787109831e+01 1.973872349866920617e+00
1.564053196484375441e+01 1.973523727937479766e+00
1.463051889905599445e+01 1.973477032762759764e+00
1.337712807044271202e+01 1.973301925857561034e+00
1.236757999847005607e+01 1.973439888873778081e+00
1.139002350097656624e+01 1.973317314040139214e+00
1.038768283313802243e+01 1.973476502135774524e+00
9.380180733951826610e+00 1.973556626810577530e+00
8.374771106933597054e+00 1.973729611207834189e+00
7.127471697298178199e+00 1.973451562667458248e+00
6.112994690885418692e+00 1.973438296992822139e+00
5.089589803222657416e+00 1.973523727937479322e+00
4.091620077246095555e+00 1.973380989278393116e+00
3.081653510839844401e+00 1.973402744984796620e+00
2.084288276822917396e+00 1.973270618865419657e+00
8.555421204101563148e-01 1.973514707278726910e+00
-1.701412369466146213e-01 1.973362947960888070e+00
-1.178387326236979504e+00 1.973062082460137923e+00
-2.179658508300782227e+00 1.973104532618973783e+00
-3.184556642122396752e+00 1.973571484366170026e+00
-3.202877398437500744e+00 1.973399561222883847e+00
-2.300649898990885678e+00 1.973297150214692097e+00
-1.372894239095052482e+00 1.973421316929287572e+00
-4.315142604166667950e-01 1.973477032762759764e+00
5.562256016276042603e-01 1.973267965730492568e+00
1.694623459765625562e+00 1.973394254953029892e+00
2.652092224446615187e+00 1.973074286880803108e+00
3.616954390787761042e+00 1.973114614531697120e+00
4.577492114648438637e+00 1.973281762032113917e+00
5.561465526790366098e+00 1.973076940015729974e+00
6.520189774772136460e+00 1.973203229238267298e+00
7.728057708886720611e+00 1.973230291214525423e+00
8.707474181640625588e+00 1.973282292659099602e+00
9.689680617285159059e+00 1.973194208579514886e+00
1.067100356468099243e+01 1.973236658738350746e+00
1.161480151119791948e+01 1.973316252786168512e+00
1.260161138561198158e+01 1.973261598206667244e+00
1.382231314902344188e+01 1.973410173762593089e+00
1.481093649931641210e+01 1.973495604707250495e+00
1.580374479394531662e+01 1.973238781246292817e+00
1.680176101930339172e+01 1.972630682720966311e+00
1.779377882444662262e+01 1.972628560213024462e+00
1.878044920071615209e+01 1.972773952007037979e+00
1.977841892669271928e+01 1.972899179975604156e+00
2.101358199775391000e+01 1.972736277491071055e+00
2.202140959261068431e+01 1.972496434093647499e+00
2.297911085419922372e+01 1.972665173475020683e+00
2.397108215996094316e+01 1.972858321697724682e+00
2.497193484759115023e+01 1.972940568880469314e+00
2.596669611624349372e+01 1.972851423546913896e+00
2.697898765172526581e+01 1.972848239785000901e+00
2.824000437890625292e+01 1.972987794682174556e+00
2.925052893789062480e+01 1.972796768967412406e+00
3.025352059707031671e+01 1.973017509793359769e+00
3.126534713873698124e+01 1.972810034642048294e+00
3.230079536621093439e+01 1.972838157872277565e+00
3.326761050657551522e+01 1.973122573936478830e+00
3.428450548082683014e+01 1.973071103118890113e+00
3.530270243776040928e+01 1.973313599651240979e+00
3.633024577037760849e+01 1.973398499968913145e+00
3.759186698951823047e+01 1.973002652237767052e+00
3.860132206272786703e+01 1.972875832388244710e+00
3.961100963284505383e+01 1.972978243396436460e+00
4.060665438974609742e+01 1.973207474254150995e+00
4.161234301305339045e+01 1.973214372404961781e+00
4.261045223717448494e+01 1.973139554000013396e+00
4.362660322132161639e+01 1.973232944349452955e+00
4.459309286601563116e+01 1.973148574658766030e+00
4.560082746210937898e+01 1.973056245563297839e+00
4.660274963551432847e+01 1.973002652237767052e+00
4.761378568769531938e+01 1.973099226349119384e+00
4.861542886481120007e+01 1.972797830221383109e+00
4.962860388854167581e+01 1.972859382951695384e+00
5.062987507060547188e+01 1.972764400721299882e+00
5.163086725638021335e+01 1.973126818952362305e+00
5.263716037164713413e+01 1.972908200634356790e+00
5.364126801598308703e+01 1.972867342356477316e+00
5.461217510192057034e+01 1.973093920079264763e+00
5.561484126542968909e+01 1.973211719270034470e+00
5.661699593574219591e+01 1.973289721436895849e+00
5.761873211162109243e+01 1.973561933080431929e+00
5.861670183759764541e+01 1.973214903031947021e+00
5.962927236936849340e+01 1.973180412277892870e+00
6.063802995185547218e+01 1.972920405055022419e+00
6.163790615247396687e+01 1.973157595317518442e+00
6.264154880299479800e+01 1.973399030595898829e+00
6.364342447701823602e+01 1.973341722881470250e+00
6.466217942652993145e+01 1.973456868937312869e+00
6.561936919492188736e+01 1.973312007770284815e+00
6.661519994934896260e+01 1.973352866048164289e+00
6.761568064192708505e+01 1.973202698611281836e+00
6.862467072132160695e+01 1.973543361135941199e+00
6.963054534215496005e+01 1.973168738484212925e+00
7.063693145618491087e+01 1.973041388007704899e+00
7.163797014134115670e+01 1.972992039698058253e+00
7.264026430979818372e+01 1.972804728372194338e+00
7.364265147701823366e+01 1.972518720427036243e+00
7.463638975927734975e+01 1.972444432649072654e+00
7.564947178424479546e+01 1.972579211903377372e+00
7.660512707304685875e+01 1.972645540276558807e+00
7.761100169388021186e+01 1.972496434093647499e+00
7.861064539759115632e+01 1.972831259721466557e+00
7.961149808522135629e+01 1.972531986101672574e+00
8.061727970729167225e+01 1.972851423546913452e+00
