# User			Meike Reginka
# Sample		2020_0446_1
# State			after FC
# Profile		mere_beads_forc.txt
# Comment
# ML
# 
# Meas. type 		FORC
# angle (deg)		 0.000
# Hmin (kA/m)		-80.000
# Hmax (kA/m)		80.000
# pts./branch		161
# time/pt. (s)		 0.020
# dt (s)		 0.020
# nCycles		5
# Hstop (kA/m)		 0.000
# wait (s)		60.000
# nSched		5
# nMinorLoops		10
# nX			2
# nY			2
# dx (mm)		 0.250
# dy (mm)		 0.250
# avg. raster		no average raster
# Number			37
# ID			310351
# -----------------------------------------------
# H (kA/m) 	 I (arb.u.)
8.157730593795572815e+01 1.971373627392434047e+00
8.070720951113281671e+01 1.971396974979793715e+00
7.978154632340496732e+01 1.971254766947693415e+00
7.883598140039062230e+01 1.971308360273223759e+00
7.785628593134765651e+01 1.971471262757757081e+00
7.686198965651041703e+01 1.971191622336424532e+00
7.587355230374348025e+01 1.971386893067070378e+00
7.489306634521486217e+01 1.971298278360499978e+00
7.389188816191405351e+01 1.971141212772806739e+00
7.289601090810548101e+01 1.971230358106362379e+00
7.187297801549478038e+01 1.971335952876467124e+00
7.087179983219401436e+01 1.971353463566987152e+00
6.985685783196613841e+01 1.971267501995344062e+00
6.884186933235677941e+01 1.971364606733681413e+00
6.782985679316406902e+01 1.971426690090979150e+00
6.681998322552082925e+01 1.971134845248981637e+00
6.581792155397134536e+01 1.971356647328899703e+00
6.485203640123698676e+01 1.971237256257173387e+00
6.382481856429038203e+01 1.971047291796382162e+00
6.282526785934244629e+01 1.971091864463160093e+00
6.181488279850260881e+01 1.971130600233097940e+00
6.080310275621744864e+01 1.971096109479043568e+00
5.978918374238281785e+01 1.971059496217047569e+00
5.877875218216145470e+01 1.971232480614304228e+00
5.777515603102213504e+01 1.971262726352474903e+00
5.676918841142578742e+01 1.971442078273557330e+00
5.574973597119141289e+01 1.971227174344449828e+00
5.474706980768229414e+01 1.971221868074595207e+00
5.378509060299479927e+01 1.970960268970768370e+00
5.276521966832682864e+01 1.971289788328733028e+00
5.175683408089193449e+01 1.971440486392600722e+00
5.075007597180989904e+01 1.971242562527027786e+00
4.973638945488281138e+01 1.971155539701414217e+00
4.872460941259765832e+01 1.971272277638213000e+00
4.771194588206380871e+01 1.971478691535553551e+00
4.669970084596354809e+01 1.971390607455968613e+00
4.568694431666666844e+01 1.971292441463660117e+00
4.468618462779948430e+01 1.971381586797215979e+00
4.369402732451172255e+01 1.971162437852225002e+00
4.269373262945962466e+01 1.971410771281415952e+00
4.168539354140624908e+01 1.971394321844866626e+00
4.067654296015624737e+01 1.971349218551103455e+00
3.966634389684244866e+01 1.971357708582870849e+00
3.865447085579427267e+01 1.971307829646238519e+00
3.738773470468750304e+01 1.971477630281582627e+00
3.637479217786458463e+01 1.971715881798049352e+00
3.536845256321614528e+01 1.971705269258340554e+00
3.435239457783202965e+01 1.971675554147155340e+00
3.334893792483723729e+01 1.971582694424701465e+00
3.237324140260416527e+01 1.971767883242624197e+00
3.135076650257161646e+01 1.971721188067904196e+00
3.034321790400390739e+01 1.971378933662288890e+00
2.933380933017578229e+01 1.971776903901376388e+00
2.806572469700520855e+01 1.971407587519502957e+00
2.705306116647135539e+01 1.971637879631188639e+00
2.602993527509766025e+01 1.971642124647071670e+00
2.501624875817057614e+01 1.971652206559795673e+00
2.400530570475260816e+01 1.971486120313350021e+00
2.295627965787760871e+01 1.971435710749731784e+00
2.198992951132813189e+01 1.971659104710606458e+00
2.070696507607422632e+01 1.971347096043161828e+00
1.969546403007813140e+01 1.971534407369025521e+00
1.868214950820312836e+01 1.971557224329400171e+00
1.766883498632813243e+01 1.971451629559295426e+00
1.665519496878255623e+01 1.971342320400292669e+00
1.563374305514323481e+01 1.971651675932810210e+00
1.462791493369140916e+01 1.971347626670147513e+00
1.336457323743489667e+01 1.971459588964076914e+00
1.234963123720703493e+01 1.971261134471518961e+00
1.138118861848958652e+01 1.971627267091479396e+00
1.037312852672526198e+01 1.971446323289440805e+00
9.368416390429691987e+00 1.971533876742040281e+00
8.365331732486980698e+00 1.971512651662622240e+00
7.116590842024741015e+00 1.971717473679005739e+00
6.098300886328125614e+00 1.971602327623163120e+00
5.080243427539063994e+00 1.971588000694556087e+00
4.080739221972656594e+00 1.971730208726656830e+00
3.072586131445313118e+00 1.971555632448444006e+00
2.073035426497396472e+00 1.971537591130938516e+00
8.348498956380210334e-01 1.971679268536053575e+00
-1.815335854166666985e-01 1.971602858250148804e+00
-1.186850213671875265e+00 1.971913805663622732e+00
-2.192492337597657048e+00 1.971838987258674125e+00
-3.201575415755208986e+00 1.971797598353808967e+00
-4.207031542154949122e+00 1.971561999972269108e+00
-5.471396224804689012e+00 1.971323217828816254e+00
-6.478247332649741175e+00 1.971344973535219980e+00
-7.479146519661459713e+00 1.971071700637712754e+00
-8.490275570605472666e+00 1.970952309565986660e+00
-9.499126151855469047e+00 1.970851490438751075e+00
-1.070355313173828371e+01 1.970848306676838524e+00
-1.171891362639974332e+01 1.970591483215880180e+00
-1.272795020517578202e+01 1.970416906937666912e+00
-1.373810276910807637e+01 1.970413192548768677e+00
-1.473779297220052342e+01 1.970249759437250336e+00
-1.574469057942708972e+01 1.970014161055709812e+00
-1.676344552893880646e+01 1.969208669291796276e+00
-1.800939645651042298e+01 1.968456770853412641e+00
-1.902373396477864986e+01 1.968030677384095428e+00
-2.002909709241536973e+01 1.966963055889368706e+00
-2.098382239358724277e+01 1.966351242975144409e+00
-2.200206584990234759e+01 1.965560608766822925e+00
-2.301468288105468929e+01 1.964680829224946024e+00
-2.425933182594401316e+01 1.963589860142860077e+00
-2.526474145296224094e+01 1.962932943934872387e+00
-2.628703035546875810e+01 1.962073328218442603e+00
-2.729662492682292196e+01 1.961338409843593089e+00
-2.830584750312499409e+01 1.960416710769865567e+00
-2.932483494954426817e+01 1.959865919958967639e+00
-3.032512964459635540e+01 1.959123042179337082e+00
-3.132165788974609200e+01 1.958439063995091489e+00
-3.257876866888020828e+01 1.957643654143900847e+00
-3.361170592975260263e+01 1.956980370412088055e+00
-3.463241385328776545e+01 1.956371741259776087e+00
-3.564782084733072764e+01 1.956127652846468834e+00
-3.665713642239582981e+01 1.955367795003303932e+00
-3.767975082057292013e+01 1.954647734184047581e+00
-3.868464895439453244e+01 1.954206783159137872e+00
-3.968950058883464749e+01 1.953882039444042151e+00
-4.069398022822265659e+01 1.953514845570109904e+00
-4.171352566722005406e+01 1.952870664409773305e+00
-4.292190509453125458e+01 1.952450938464281638e+00
-4.393224365598958769e+01 1.952354364352929750e+00
-4.493495631888021080e+01 1.951670386168683713e+00
-4.495578804179687182e+01 1.951792961002322802e+00
-4.407625224052733870e+01 1.951753694605399492e+00
-4.315458799960938308e+01 1.951703285041781699e+00
-4.199819488082682284e+01 1.951904923296252647e+00
-4.106885824195963863e+01 1.951990884867895959e+00
-4.013124471318359809e+01 1.951998844272677891e+00
-3.917196247262370434e+01 1.951957985994797973e+00
-3.823174497848307141e+01 1.952153787352429282e+00
-3.725809442903646129e+01 1.952316159209976920e+00
-3.628081692783202783e+01 1.952703516909356285e+00
-3.532344116191406158e+01 1.952861113124034764e+00
-3.434881412545572488e+01 1.952879154441540255e+00
-3.338130149436848626e+01 1.953213449442374072e+00
-3.215460131074218708e+01 1.953158264235887120e+00
-3.121057086731771335e+01 1.953070180156302404e+00
-3.024398822386067565e+01 1.953209735053476059e+00
-2.925624836181640376e+01 1.952927972124202105e+00
-2.828050534020182027e+01 1.952594738377338546e+00
-2.729058000722656629e+01 1.953052669465782820e+00
-2.629865520084635477e+01 1.953410842680961768e+00
-2.529705852311198200e+01 1.953680931816556443e+00
-2.406849836422526323e+01 1.953582235197262484e+00
-2.307006364443360269e+01 1.953786526586660743e+00
-2.207534887516276711e+01 1.953776975300923091e+00
-2.106505681308594191e+01 1.954446626556561428e+00
-2.010982001871745339e+01 1.954691776223839828e+00
-1.911333827294922472e+01 1.954734757009661372e+00
-1.787268827486979816e+01 1.955055255708873618e+00
-1.685997824495442998e+01 1.955145462296399517e+00
-1.585191815319011077e+01 1.955238852645839076e+00
-1.484850799957682810e+01 1.955697314361268369e+00
-1.384249388059896368e+01 1.956300637243725493e+00
-1.283833973688151531e+01 1.956298514735784089e+00
-1.184525244596354554e+01 1.956776609649674814e+00
-1.057809780042317982e+01 1.957317318547849183e+00
-9.614444618001304121e+00 1.957551325048432433e+00
-8.628099737402346037e+00 1.958028358708352457e+00
-7.610693269954428963e+00 1.958109544637126609e+00
-6.610863568717448402e+00 1.958663519209936865e+00
-5.356496253092449145e+00 1.959323619179837328e+00
-4.343879221940105673e+00 1.959800652839757351e+00
-3.342329043587240367e+00 1.960169438594645541e+00
-2.347800271842448439e+00 1.960819987278808130e+00
-1.343088135546875117e+00 1.960946276501345231e+00
-3.311220957356771355e-01 1.961317184764175270e+00
9.079934227539064873e-01 1.961562865058439131e+00
1.906800137597656875e+00 1.961574538852118410e+00
2.906071846256510938e+00 1.961948630876861444e+00
3.918642378027344719e+00 1.961987897273784753e+00
4.909451199251304132e+00 1.962602893949922267e+00
5.924300200716147380e+00 1.962815144744102014e+00
7.179737002115887279e+00 1.963163766673543087e+00
8.184263140885418508e+00 1.963729415040033288e+00
9.179954397167971791e+00 1.963865786175293948e+00
1.019089745058593977e+01 1.964422413883031737e+00
1.119751606152344259e+01 1.964980102844740006e+00
1.216381970869140794e+01 1.965761185767323171e+00
1.341553655957031665e+01 1.966441449562670973e+00
1.442838608763021391e+01 1.967148244707291216e+00
1.543291222639974514e+01 1.967985043463346573e+00
1.644845871858724351e+01 1.968814413441606126e+00
1.745163637529297418e+01 1.969459125228929075e+00
1.845532552519531677e+01 1.969929791365023553e+00
1.946152564169922528e+01 1.970182900437083440e+00
2.071831092516276840e+01 1.970581931930142083e+00
2.173083495755209071e+01 1.970541073652262387e+00
2.269416264430338970e+01 1.971056312455134574e+00
2.369599181894531625e+01 1.971127947098170630e+00
2.470316842246094424e+01 1.971248399423867870e+00
2.571108901608073083e+01 1.971314197170063842e+00
2.672049758990885593e+01 1.971777434528361628e+00
2.799262766927083135e+01 1.971608695146988666e+00
2.900226874000651023e+01 1.971600205115221272e+00
3.002311616168620034e+01 1.971767883242623753e+00
3.103787216438801977e+01 1.971424567583037080e+00
3.206360202112630731e+01 1.971659635337592142e+00
3.304971440481770628e+01 1.971280767669980394e+00
3.406098295390625452e+01 1.971190030455468367e+00
3.509080475621744455e+01 1.971157131582370603e+00
3.612602048678385103e+01 1.971273869519169386e+00
3.737899282096354625e+01 1.971263256979460365e+00
3.839867775810546391e+01 1.971269093876300449e+00
3.941241077441407015e+01 1.971265910114387454e+00
4.041921538287760285e+01 1.971349218551103455e+00
4.142625248824870710e+01 1.971301462122412751e+00
4.243328959361979713e+01 1.971087088820290933e+00
4.344692961116536623e+01 1.971046230542411015e+00
4.441374475152995416e+01 1.970983085931142575e+00
4.542831475670573127e+01 1.971193214217380918e+00
4.642893494742838811e+01 1.971055781828149556e+00
4.743783202805990129e+01 1.971067986248814963e+00
4.844979806787110022e+01 1.971123171455301692e+00
4.945209223632812723e+01 1.971309952154180145e+00
5.047214916852214373e+01 1.971359831090812254e+00
5.147458283512369803e+01 1.971225051836508202e+00
5.248050395533854839e+01 1.971207010519002711e+00
5.349130751061198197e+01 1.971500447241956611e+00
5.446960799820963217e+01 1.971311013408151069e+00
5.546264878974611179e+01 1.971488773448276666e+00
5.647177836728516809e+01 1.971455343948193661e+00
5.747560701533203087e+01 1.971370443630521496e+00
5.847394873636067558e+01 1.971551918059545772e+00
5.948782125081380912e+01 1.971252644439751567e+00
6.050480922382813986e+01 1.971327462844699951e+00
6.150556891269530979e+01 1.971293502717631263e+00
6.251544248033854956e+01 1.971506814765782156e+00
6.351062224342448559e+01 1.971521141694389634e+00
6.453137666634113145e+01 1.971498855361000668e+00
6.549098440257162679e+01 1.971588531321541327e+00
6.649220908525391849e+01 1.971650614678839064e+00
6.749538674195963495e+01 1.971292972090645579e+00
6.849554193886717712e+01 1.971415016297299205e+00
6.950081206774088116e+01 1.971607103266032501e+00
7.052821590221354597e+01 1.971116803931476147e+00
7.151725774694010340e+01 1.971176764780832036e+00
7.252689881767577162e+01 1.971236195003202685e+00
7.352263657333985236e+01 1.971304115257340506e+00
7.452404725354817572e+01 1.971393260590895924e+00
7.554796363440755158e+01 1.971482936551436582e+00
7.650975684156900058e+01 1.971448445797382654e+00
7.750396011764324555e+01 1.971227704971435291e+00
7.850374331949871021e+01 1.971175703526861334e+00
7.951942930983074120e+01 1.971234603122246076e+00
8.052400194798177324e+01 1.971176764780832036e+00
