# User			Meike Reginka
# Sample		2020_0446_1
# State			after FC
# Profile		mere_beads_forc.txt
# Comment
# ML
# 
# Meas. type 		FORC
# angle (deg)		 0.000
# Hmin (kA/m)		-80.000
# Hmax (kA/m)		80.000
# pts./branch		161
# time/pt. (s)		 0.020
# dt (s)		 0.020
# nCycles		5
# Hstop (kA/m)		 0.000
# wait (s)		60.000
# nSched		5
# nMinorLoops		10
# nX			2
# nY			2
# dx (mm)		 0.250
# dy (mm)		 0.250
# avg. raster		no average raster
# Number			57
# ID			310371
# -----------------------------------------------
# H (kA/m) 	 I (arb.u.)
8.157860792063803501e+01 1.972495903466662259e+00
8.070804650000000890e+01 1.972694888586205897e+00
7.978177882031251045e+01 1.972622723316184379e+00
7.882268257727865546e+01 1.972390308696557071e+00
7.785386796350911709e+01 1.972697541721133208e+00
7.686440762434897067e+01 1.972429044466495363e+00
7.588457265716144207e+01 1.972664642848035221e+00
7.489785578151042955e+01 1.972529332966745264e+00
7.388784271572265538e+01 1.972835504737350476e+00
7.288815251263022787e+01 1.972711338022754779e+00
7.187339650992838358e+01 1.972729379340260270e+00
7.086938186435547493e+01 1.972693296705249510e+00
6.986155426949869707e+01 1.972564354347785098e+00
6.884665876865236100e+01 1.972726195578347719e+00
6.783478572760417080e+01 1.972554272435061540e+00
6.682835311419270852e+01 1.972686398554438725e+00
6.582443146738280859e+01 1.972762808840343496e+00
6.485222239876303263e+01 1.972620070181257290e+00
6.383844288307292913e+01 1.972460882085622202e+00
6.282350088284505318e+01 1.972415248164873347e+00
6.181199983684896893e+01 1.972556925569988850e+00
6.081482060035807535e+01 1.972542068014396355e+00
5.979592615270183131e+01 1.972431166974437211e+00
5.877261426380209031e+01 1.972319735307492383e+00
5.777064559101561514e+01 1.972599375728824489e+00
5.676923491080729178e+01 1.972387124934644520e+00
5.575415341243490275e+01 1.972466718982462286e+00
5.475060376067708745e+01 1.972727256832317977e+00
5.378769456835938456e+01 1.972282591418510922e+00
5.276694014544271027e+01 1.972990978444087107e+00
5.175283513408203362e+01 1.973027591706083106e+00
5.074872748974610204e+01 1.972631213347951773e+00
4.974536383551432550e+01 1.972735216237099909e+00
4.873190981549478806e+01 1.972438065125247775e+00
4.770506397360026085e+01 1.972282060791525460e+00
4.670295580266927260e+01 1.972258713204165792e+00
4.569480271214192868e+01 1.972238549378718675e+00
4.468702161666666939e+01 1.972206711759591391e+00
4.369760777688802023e+01 1.972536231117556049e+00
4.270135852802734178e+01 1.972136668997512166e+00
4.168962498512370018e+01 1.972278346402627225e+00
4.067626396386719279e+01 1.972387655561630204e+00
3.967001734798177637e+01 1.972497495347618202e+00
3.866581670488281475e+01 1.972300632736016412e+00
3.739377962428385871e+01 1.972429575093480381e+00
3.637572216549479265e+01 1.972463004593564051e+00
3.536254714176432401e+01 1.972255529442252797e+00
3.436220594733072886e+01 1.972327694712274315e+00
3.334619446132811760e+01 1.972247039410485403e+00
3.237338090074869257e+01 1.972005073505120443e+00
3.135709041845703027e+01 1.972396676220382616e+00
3.034577536998698477e+01 1.972222630569155033e+00
2.932888039573568051e+01 1.972369614244124936e+00
2.807572206402995363e+01 1.972468841490403690e+00
2.704696974749349536e+01 1.972572313752566586e+00
2.603886315634765936e+01 1.972801013983296103e+00
2.502201468147787011e+01 1.972902894364502391e+00
2.400265524000651496e+01 1.972925711324876819e+00
2.296855549459635881e+01 1.972312837156681598e+00
2.199192898473307878e+01 1.972484229672982314e+00
2.071840392392578423e+01 1.972427452585538976e+00
1.970160194843750290e+01 1.972425330077597128e+00
1.868986840553386131e+01 1.972555333689032242e+00
1.767469390839844223e+01 1.972338307251983114e+00
1.666133288714193128e+01 1.972347327910735748e+00
1.564304293144531677e+01 1.972221569315183887e+00
1.462289300048828444e+01 1.972316020918593926e+00
1.337215263662109876e+01 1.972239610632689155e+00
1.235790812711588771e+01 1.972241202513645764e+00
1.139365045273437893e+01 1.972161077838842536e+00
1.037675547848307644e+01 1.972345736029779362e+00
9.370555361979169717e+00 1.972382349291775583e+00
8.366308219498700183e+00 1.972357940450444991e+00
7.118125321614584777e+00 1.972274101386743528e+00
6.102625328808596095e+00 1.971997114100338511e+00
5.087311333528647950e+00 1.972378104275891664e+00
4.084505671875001021e+00 1.972432758855393153e+00
3.066680709993490073e+00 1.972158955330900687e+00
2.070384961751302377e+00 1.972133485235599171e+00
8.454982540039064354e-01 1.972158424703915447e+00
-1.755351652018229125e-01 1.972036911124247283e+00
-1.172295907259114811e+00 1.972377043021921184e+00
-2.188679388313802487e+00 1.972406227506120935e+00
-3.193019529557292735e+00 1.972120750187948524e+00
-4.200242632454428637e+00 1.972002420370192910e+00
-5.460515369531250940e+00 1.971999767235265599e+00
-6.470574934700522363e+00 1.971814047790357849e+00
-7.465801197167968972e+00 1.971626736464494378e+00
-8.471489820475262889e+00 1.971399628114721470e+00
-9.492895234733074616e+00 1.971519019186447785e+00
-1.069239328017578572e+01 1.971481875297466324e+00
-1.171142722597656416e+01 1.971513712916593164e+00
-1.271916182207031554e+01 1.971515835424535013e+00
-1.371848003011068151e+01 1.971349749178088917e+00
-1.472491264352214024e+01 1.971104599510810962e+00
-1.572632332373046893e+01 1.970675322279581643e+00
-1.674810073304037061e+01 1.970489602834673448e+00
-1.799744611546224604e+01 1.969498922252837181e+00
-1.900332073629557783e+01 1.968821311592416912e+00
-2.000510341155599647e+01 1.967745200065923017e+00
-2.097298803769531617e+01 1.966790602119097064e+00
-2.198546557070313057e+01 1.966025438006077541e+00
-2.298882922493490355e+01 1.965397706282289825e+00
-2.424110406839193388e+01 1.964325309144694165e+00
-2.426398176409505325e+01 1.964363514287646773e+00
-2.314785710970052790e+01 1.964632542169270302e+00
-2.220880210009766031e+01 1.964834180423741472e+00
-2.125802924635417313e+01 1.964915896979500864e+00
-2.035994019186198045e+01 1.964997613535260035e+00
-1.940888834182943157e+01 1.965258682012101632e+00
-1.844570015322266343e+01 1.965696979902083585e+00
-1.725945443151042014e+01 1.965995722894892328e+00
-1.629724272991536793e+01 1.966213810585912602e+00
-1.531950023489583579e+01 1.966414918213398311e+00
-1.435431257288411899e+01 1.966846848579555163e+00
-1.338089452034505555e+01 1.967546214946379157e+00
-1.240124555068359768e+01 1.967923490733034519e+00
-1.142731600494791877e+01 1.968477465305845220e+00
-1.020577725266927338e+01 1.969024011100859228e+00
-9.258770848828127953e+00 1.969263854498282784e+00
-8.277680398339846590e+00 1.969422511966932632e+00
-7.300681893424481039e+00 1.970017875444608269e+00
-6.318242960872397340e+00 1.970444499540910277e+00
-5.081731407747396290e+00 1.970683812311348593e+00
-4.092457066113282416e+00 1.970793121470351572e+00
-3.105554192936198721e+00 1.970812224041827765e+00
-2.119441809244791752e+00 1.971032434240789444e+00
-1.120681593782552499e+00 1.971313135916092696e+00
-1.122030075846354169e-01 1.971168274749064864e+00
1.093386456835937937e+00 1.971489834702247812e+00
2.092007174153646787e+00 1.971674492893184194e+00
3.081467513313802531e+00 1.971838987258674125e+00
4.083901179915366164e+00 1.971831558480877877e+00
5.075081996191407541e+00 1.971928132592229987e+00
6.084444070638021174e+00 1.971837926004703423e+00
7.327372538411459857e+00 1.971839517885659809e+00
8.330782692024740754e+00 1.972317082172565073e+00
9.323823483561200831e+00 1.972427452585538532e+00
1.032383918232422104e+01 1.972445493903044245e+00
1.133078328893229525e+01 1.972242794394602150e+00
1.229141401155599311e+01 1.972305408378885350e+00
1.353536546572266097e+01 1.972369083617139474e+00
1.454798249687500622e+01 1.972101116989486647e+00
1.555176464554036819e+01 1.971906907512811946e+00
1.654880438388672559e+01 1.972050707425868854e+00
1.756704784020182686e+01 1.971969521497094924e+00
1.856780752906901810e+01 1.972091565703748550e+00
1.956759073092448276e+01 1.972027890465494426e+00
2.082609649150391107e+01 1.971878784282583119e+00
2.183369158945313160e+01 1.972125525830817239e+00
2.279790276445312713e+01 1.972192915457969820e+00
2.379838345703125313e+01 1.971946704536720718e+00
2.479565569228516253e+01 1.972077238775141517e+00
2.581217867148437861e+01 1.972550027419177843e+00
2.681851828613281441e+01 1.972121811441919448e+00
2.808274347063802168e+01 1.972512883530196381e+00
2.909884795540364166e+01 1.972193976711940522e+00
3.011360395810547175e+01 1.972452922680840492e+00
3.111840909316406467e+01 1.972207773013562537e+00
3.215762377054036136e+01 1.972222099942169793e+00
3.313364578844402075e+01 1.971618777059712446e+00
3.414802979609375200e+01 1.971245215661954875e+00
3.518482650563151282e+01 1.971281828923951096e+00
3.620804539576823089e+01 1.971640532766115728e+00
3.746720214768880908e+01 1.971831027853892415e+00
3.848353912936198640e+01 1.971796537099838265e+00
3.948815826689453701e+01 1.971849069171397462e+00
4.050017080608724740e+01 1.971868702369859783e+00
4.150399945413411729e+01 1.971494079718131509e+00
4.250643312073567870e+01 1.971775312020420223e+00
4.352997750654296283e+01 1.971736045623496913e+00
4.449442117845052280e+01 1.971872416758757574e+00
4.550094679062500092e+01 1.971895764346117019e+00
4.650370595289713549e+01 1.971930785727157076e+00
4.751051056136067530e+01 1.971800251488736500e+00
4.852814952571614526e+01 1.972205119878635005e+00
4.953211767190755666e+01 1.971963153973269600e+00
5.053357485149739858e+01 1.972324510950361542e+00
5.154089095315754321e+01 1.972374920513979113e+00
5.254936953935547450e+01 1.972170629124581076e+00
5.355910360885417276e+01 1.972257651950194646e+00
5.452098981477865181e+01 1.972187078561129514e+00
5.552319098447266299e+01 1.972355817942503142e+00
5.652874010963540741e+01 1.972371736752066340e+00
5.753326624840494929e+01 1.972450800172898644e+00
5.852844601149088533e+01 1.972557456196974091e+00
5.955180439977214490e+01 1.972466718982462286e+00
6.055540055091146456e+01 1.972672071625831469e+00
6.156211216061199565e+01 1.972537292371526974e+00
6.256212785937501053e+01 1.972567538109697871e+00
6.357107143938802096e+01 1.972830729094481317e+00
6.458824540992837626e+01 1.972645009649573566e+00
6.554920162822266150e+01 1.972528271712774117e+00
6.654270741357422025e+01 1.972343082894852051e+00
6.754741954986980090e+01 1.972752726927619937e+00
6.855129469729817515e+01 1.972758033197474781e+00
6.955707631936850532e+01 1.972683214792525952e+00
7.056192795380859195e+01 1.972619008927286366e+00
7.155803770452473600e+01 1.972736277491071055e+00
7.257474668124999084e+01 1.972778727649906916e+00
7.357383239238281192e+01 1.972914568158182336e+00
7.456975614557292431e+01 1.972721419935478337e+00
7.558093169589844251e+01 1.972620070181257290e+00
7.654458487832030755e+01 1.972551619300134007e+00
7.754418208264975476e+01 1.972743175641881841e+00
7.854173331419269743e+01 1.972776074514979605e+00
7.954728243935548448e+01 1.972623784570155525e+00
8.056459590804035997e+01 1.972536231117556049e+00
