# User			Meike Reginka
# Sample		2020_0446_1
# State			after FC
# Profile		mere_beads_forc.txt
# Comment
# ML
# 
# Meas. type 		FORC
# angle (deg)		 0.000
# Hmin (kA/m)		-80.000
# Hmax (kA/m)		80.000
# pts./branch		161
# time/pt. (s)		 0.020
# dt (s)		 0.020
# nCycles		5
# Hstop (kA/m)		 0.000
# wait (s)		60.000
# nSched		5
# nMinorLoops		10
# nX			2
# nY			2
# dx (mm)		 0.250
# dy (mm)		 0.250
# avg. raster		no average raster
# Number			23
# ID			310337
# -----------------------------------------------
# H (kA/m) 	 I (arb.u.)
8.160302009593098660e+01 1.970885981192805225e+00
8.074385102376301404e+01 1.970986269693055348e+00
7.980921345540366474e+01 1.971057373709106164e+00
7.886541550888672703e+01 1.970939043891350329e+00
7.788665002747396215e+01 1.971286604566820477e+00
7.688984278603516032e+01 1.971296155852558130e+00
7.590168442955727812e+01 1.971558285583371095e+00
7.493245132135419340e+01 1.971496732853058820e+00
7.391774181803384636e+01 1.971873478012728498e+00
7.291061171389975470e+01 1.971729147472686128e+00
7.190469059368490434e+01 1.971541305519836529e+00
7.090509338935548556e+01 1.971598082607279867e+00
6.988829141386717936e+01 1.971747719417176858e+00
6.886363104290364845e+01 1.971386362440084916e+00
6.786152287197265309e+01 1.971146519042661582e+00
6.685574124990235134e+01 1.971065863740873114e+00
6.584521669091796525e+01 1.971337014130437826e+00
6.488040102395834197e+01 1.971176764780832036e+00
6.386248306331381741e+01 1.971331707860583649e+00
6.284754106308594146e+01 1.971597551980294405e+00
6.184417740885417203e+01 1.971513182289607702e+00
6.082784042718099471e+01 1.971454813321208199e+00
5.982084982119140903e+01 1.971755678821958568e+00
5.880455933889974318e+01 1.971755148194973106e+00
5.779068682444660965e+01 1.971958908957385903e+00
5.678657918011067807e+01 1.971860742965077851e+00
5.577428764462891309e+01 1.971747188790191174e+00
5.477097048977864802e+01 1.971571551258006982e+00
5.380401585126953989e+01 1.971492487837175567e+00
5.278493540608724288e+01 1.971301992749398657e+00
5.177827029576823747e+01 1.971433057614804696e+00
5.077179118297526372e+01 1.971418200059211756e+00
4.976438208255208906e+01 1.971369382376550794e+00
4.874613862623698424e+01 1.971396974979794159e+00
4.772873215878906450e+01 1.971193214217380918e+00
4.672090456393230085e+01 1.971103007629854575e+00
4.571512294186197778e+01 1.971243623780998711e+00
4.470018094163411604e+01 1.971230888733347841e+00
4.370769814267578113e+01 1.971438894511644779e+00
4.271340186783854165e+01 1.971580041289774599e+00
4.170390029524739361e+01 1.971712167409151562e+00
4.070216411936848999e+01 1.971748250044162099e+00
3.967806174098307537e+01 1.971666533488402706e+00
3.867646506324869904e+01 1.971845885409485355e+00
3.740559046718750125e+01 1.971835803496761574e+00
3.638511504055989576e+01 1.971701554869442319e+00
3.537775243951823256e+01 1.971749311298133023e+00
3.436987834527994323e+01 1.971318442185947095e+00
3.336144625846353762e+01 1.971333299741540035e+00
3.239305013912760245e+01 1.971356116701914463e+00
3.137085423538411533e+01 1.971350810432059619e+00
3.035395926113282172e+01 1.971231949987318544e+00
2.934041224235026135e+01 1.971546611789690928e+00
2.806981664257812881e+01 1.971008556026444314e+00
2.706212854586588890e+01 1.971288727074762326e+00
2.603300423427734955e+01 1.971405465011561109e+00
2.502643212272135642e+01 1.971447915170397414e+00
2.401665155384115025e+01 1.971402281249648780e+00
2.298803873544922283e+01 1.971521672321374652e+00
2.200439081897786764e+01 1.971194275471352064e+00
2.072928477919922230e+01 1.971201704249147868e+00
1.970215994101562629e+01 1.971282359550936780e+00
1.869047289749349261e+01 1.971485059059378875e+00
1.768501677109375692e+01 1.971220806820624505e+00
1.666444834570312850e+01 1.971486650940335039e+00
1.564239194010417044e+01 1.971794414591895972e+00
1.463763330442708721e+01 1.971499916614971148e+00
1.336745619908854543e+01 1.971496732853058820e+00
1.235832662154948203e+01 1.971391668709939538e+00
1.138793102880859465e+01 1.971221868074595207e+00
1.037452350817057578e+01 1.971712167409151562e+00
9.372136340950524058e+00 1.971539183011894680e+00
8.371237153938805520e+00 1.971673431639213492e+00
7.109336938509115633e+00 1.971438894511644779e+00
6.095510923437500672e+00 1.971501508495927757e+00
5.083777380533856416e+00 1.971843232274557822e+00
4.083343187337240998e+00 1.971693595464660609e+00
3.071470146289063230e+00 1.971727555591729741e+00
2.070803456184896252e+00 1.971632573361334018e+00
8.407088177083335001e-01 1.971856497949194154e+00
-1.893919808919271031e-01 1.971942459520837021e+00
-1.190756161718750317e+00 1.971831027853892637e+00
-2.199932238639323412e+00 1.971678737909067891e+00
-3.212037776595052296e+00 1.971948296417677104e+00
-4.210472496386720387e+00 1.971751964433060555e+00
-5.482044583170574192e+00 1.971929193846200690e+00
-6.476294358626303982e+00 1.971605511385076115e+00
-7.490771365039063490e+00 1.971537591130938516e+00
-8.493902522363283580e+00 1.971628858972435783e+00
-9.507077546093752218e+00 1.971584286305658074e+00
-1.071703795237630530e+01 1.971523264202331038e+00
-1.172932948785807383e+01 1.971248399423867870e+00
-1.274468998251953344e+01 1.970991575962909970e+00
-1.374345019798177603e+01 1.971122640828316008e+00
-1.475434675201823076e+01 1.970674261025610496e+00
-1.575789640377604428e+01 1.970192451722821092e+00
-1.678223127906901624e+01 1.969847544182278476e+00
-1.801585987054036764e+01 1.969046297434248194e+00
-1.903159236025391010e+01 1.968593672615658763e+00
-2.003983844954427695e+01 1.967581766954404232e+00
-2.100260814371745255e+01 1.966631414023462199e+00
-2.201410918971354747e+01 1.965923026997885792e+00
-2.302263427529297246e+01 1.965561139393808610e+00
-2.428179102721354710e+01 1.964332207295505173e+00
-2.528738665175781719e+01 1.963468346563191691e+00
-2.630539761116537179e+01 1.962508972973497023e+00
-2.732619853346354333e+01 1.961778299614531651e+00
-2.833230565120442179e+01 1.960918683898101866e+00
-2.934259771328125055e+01 1.960075517618220520e+00
-3.035019281123047108e+01 1.959303985981375451e+00
-3.134193162008463673e+01 1.958478861019000039e+00
-3.261099274026692996e+01 1.957768882112467468e+00
-3.363951255989583444e+01 1.957191559952297544e+00
-3.466654439931641463e+01 1.956761752094081874e+00
-3.567055904488932327e+01 1.956223696330835926e+00
-3.669080197460937853e+01 1.955665476742141529e+00
-3.771206789072265764e+01 1.955197994367959602e+00
-3.871101410371093721e+01 1.954736879517603221e+00
-3.971716772083333780e+01 1.954050778825415335e+00
-4.072555330826823194e+01 1.953654400467283780e+00
-4.174035581035155928e+01 1.953295165998133687e+00
-4.294664276549479354e+01 1.953060098243579068e+00
-4.396981515625000014e+01 1.952261504630475875e+00
-4.497187682779948403e+01 1.952185094344570659e+00
-4.598254088492839031e+01 1.951409848318827578e+00
-4.698618353544921433e+01 1.951216169469137895e+00
-4.798973318720703674e+01 1.950662725523313101e+00
-4.901337057177735801e+01 1.950560845142106814e+00
-5.001547874270833915e+01 1.949750577735324120e+00
-5.102167885921224411e+01 1.949934174672289799e+00
-5.202411252581380552e+01 1.949488978631496394e+00
-5.299162515690105124e+01 1.949408323329708370e+00
-5.400475368125000131e+01 1.949148846733823381e+00
-5.500430438619792284e+01 1.948883533241097865e+00
-5.600599406269532210e+01 1.948729651415317399e+00
-5.701024120517578808e+01 1.948703650693030198e+00
-5.801114039218749951e+01 1.948309394842840492e+00
-5.902682638251953051e+01 1.948290292271363855e+00
-5.904905308688151422e+01 1.948228739541052024e+00
-5.816365836354166419e+01 1.947896036421174593e+00
-5.724478408551432551e+01 1.948079633358140272e+00
-5.632460782480470129e+01 1.947971385453108439e+00
-5.538718029355468531e+01 1.947957589151486646e+00
-5.444747429261068561e+01 1.948078572104169570e+00
-5.350023539186199173e+01 1.948030285048493626e+00
-5.258856851796875986e+01 1.948010121223046287e+00
-5.163114625266927504e+01 1.947905587706912689e+00
-5.067112002200521914e+01 1.948590627145129206e+00
-4.971871968990885193e+01 1.948110409723296632e+00
-4.875102106129557455e+01 1.947965017929282894e+00
-4.777067460091146245e+01 1.947907179587868853e+00
-4.680004651126301951e+01 1.947815911746371142e+00
-4.582388499521485414e+01 1.947858361905207447e+00
-4.485255941484375342e+01 1.947821218016225986e+00
-4.387253845013021447e+01 1.947713500738179393e+00
-4.263602689700520898e+01 1.948033468810406177e+00
-4.169222895048828548e+01 1.947923629024417735e+00
-4.071783441093749900e+01 1.948017550000842979e+00
-3.973362850188802042e+01 1.948115185366165569e+00
-3.873937872643229241e+01 1.948411805851032241e+00
-3.775247585325521271e+01 1.948373600708080078e+00
-3.674790321510416646e+01 1.947887015762421958e+00
-3.575844287594400583e+01 1.948195310040968353e+00
-3.476800604977213283e+01 1.948007998715104883e+00
-3.377468626194661283e+01 1.948424010271697870e+00
-3.253589623912760231e+01 1.948240943961717209e+00
-3.152830114117838534e+01 1.948246250231572052e+00
-3.057129737031250727e+01 1.948510502470326422e+00
-2.957872157259114942e+01 1.948364580049327444e+00
-2.857605540908203423e+01 1.948639444827790612e+00
-2.757576071402995410e+01 1.948488746763922919e+00
-2.656904910432943012e+01 1.948656424891325400e+00
-2.556628994205729555e+01 1.948743447716939192e+00
-2.432298947923177579e+01 1.948544993224380795e+00
-2.330590850745443277e+01 1.948740263955026197e+00
-2.231007775302734686e+01 1.948602300938808929e+00
-2.127811697916667200e+01 1.948803408566294637e+00
-2.030790738395182515e+01 1.949011414344591131e+00
-1.928454899567057623e+01 1.948929697788831961e+00
-1.802781021158854813e+01 1.949058640146296817e+00
-1.701663466126302637e+01 1.949456610385384314e+00
-1.599592673772787066e+01 1.949279380972243736e+00
-1.499684102659505669e+01 1.949471998567962494e+00
-1.398599097194010632e+01 1.949683718735157445e+00
-1.297007248470052332e+01 1.950076382704390543e+00
-1.196131490221354454e+01 1.950270061554080003e+00
-1.070797057298177357e+01 1.951079267706892217e+00
-9.723764663932293217e+00 1.951086165857702559e+00
-8.725794937955731356e+00 1.951443277818910804e+00
-7.724430757128908809e+00 1.952487021099292397e+00
-6.718091142480471234e+00 1.952985279838630461e+00
-5.473395698209637672e+00 1.954139924158971198e+00
-4.447433344563803459e+00 1.955045173796149616e+00
-3.428724894433594628e+00 1.955939280266633773e+00
-2.432057151139324080e+00 1.956940573388179061e+00
-1.427345014843750315e+00 1.957751371421947439e+00
-4.112405300781250550e-01 1.958024113692468759e+00
8.454052552408856114e-01 1.959133654719046325e+00
1.827239695833333899e+00 1.959555503172479396e+00
2.829719861816407001e+00 1.959819755411233544e+00
3.839546930078125975e+00 1.960467120333483138e+00
4.852721953808595501e+00 1.960960072802967025e+00
5.848924703287763371e+00 1.961352736772200123e+00
7.109894931087239911e+00 1.961712501868335679e+00
8.117443529654950751e+00 1.962478196608341108e+00
9.115785250683595464e+00 1.963116010244852605e+00
1.013384270947265797e+01 1.963476305967973623e+00
1.114125180989583441e+01 1.964093955779037559e+00
1.210625347438151245e+01 1.964558785018292397e+00
1.336638671331380479e+01 1.965436972679213135e+00
1.436672790774739816e+01 1.966127849014269735e+00
1.538199540364583839e+01 1.966740192555479716e+00
1.639461243479818364e+01 1.967517030462179184e+00
1.740225403212891209e+01 1.968334726646758570e+00
1.840840764925130557e+01 1.968865884259194843e+00
1.940930683626302766e+01 1.969434185760612799e+00
2.067246253499349606e+01 1.969859217975958421e+00
2.168498656738281838e+01 1.970019997952549673e+00
2.265138321331380311e+01 1.970488010953717284e+00
2.365581635332031496e+01 1.970572911271389449e+00
2.466787539189454037e+01 1.970443438286939575e+00
2.566830958509114780e+01 1.970523032334757119e+00
2.667892714283854261e+01 1.970338904770805755e+00
2.795352168942057602e+01 1.970339966024776679e+00
2.897167214697265791e+01 1.970589891334923793e+00
2.997996473564452913e+01 1.970703976136795932e+00
3.100443910908202838e+01 1.970784631438584178e+00
3.202988996953124712e+01 1.970579278795214551e+00
3.301897831363932312e+01 1.970830265359333033e+00
3.402568992333984710e+01 1.970644545914425283e+00
3.506578808896483679e+01 1.970645076541410523e+00
3.609347091972656330e+01 1.970689649208188232e+00
3.734732674215495507e+01 1.970654097200163379e+00
3.836608169166666471e+01 1.970857327335590714e+00
3.937358379085286941e+01 1.970950717685030273e+00
4.038201587766926792e+01 1.970744834414675628e+00
4.139388891871745813e+01 1.970491194715629835e+00
4.239562509459635464e+01 1.970593075096836344e+00
4.341521703297526358e+01 1.970748018176587735e+00
4.439523799768880963e+01 1.970907206272223267e+00
4.539404471253254769e+01 1.971448976424368116e+00
4.640387178079427599e+01 1.971317380931976393e+00
4.741458233730469374e+01 1.971006433518502465e+00
4.843612724970703454e+01 1.971093456344116479e+00
4.944251336373698535e+01 1.971106191391767126e+00
5.043857661507162504e+01 1.971038801764614989e+00
5.145440210354818333e+01 1.971131130860083402e+00
5.245785875654296859e+01 1.971124232709272395e+00
5.347224276419271405e+01 1.971035618002701995e+00
5.445607667819012221e+01 1.971283951431893389e+00
5.544809448333334245e+01 1.971281298296966078e+00
5.645322511406250499e+01 1.971301462122412973e+00
5.745882073860676797e+01 1.971228235598420531e+00
5.846046391572265577e+01 1.971245746288940559e+00
5.947698689492187896e+01 1.971520611067403950e+00
6.049323087783204045e+01 1.971441017019586184e+00
6.149180509576822828e+01 1.971494079718131509e+00
6.249963269062500615e+01 1.971597551980294405e+00
6.350629780094401866e+01 1.971735514996511673e+00
6.452765671582031359e+01 1.971277583908067399e+00
6.548298650895182504e+01 1.971395383098837772e+00
6.649076760442707723e+01 1.971664410980460858e+00
6.748715635143229008e+01 1.971554571194472860e+00
6.849475144938151061e+01 1.971691472956718760e+00
6.950527600836588249e+01 1.971464895233931536e+00
7.051217361559245944e+01 1.971422975702081137e+00
7.152372116097005517e+01 1.971446853916426267e+00
7.252099339622394325e+01 1.971205418638046325e+00
7.353156445458985502e+01 1.971233011241290134e+00
7.453995004202475627e+01 1.971385831813099676e+00
7.554526667027994336e+01 1.970808509652929530e+00
7.651319779580076386e+01 1.970753855073428262e+00
7.751600345745443121e+01 1.970494909104528070e+00
7.850820726012369732e+01 1.970255065707104070e+00
7.952347475602215354e+01 1.970391436842365396e+00
8.052981437067057868e+01 1.970278413294463959e+00
