# User			Meike Reginka
# Sample		2020_0446_1
# State			after FC
# Profile		mere_beads_forc.txt
# Comment
# ML
# 
# Meas. type 		FORC
# angle (deg)		 0.000
# Hmin (kA/m)		-80.000
# Hmax (kA/m)		80.000
# pts./branch		161
# time/pt. (s)		 0.020
# dt (s)		 0.020
# nCycles		5
# Hstop (kA/m)		 0.000
# wait (s)		60.000
# nSched		5
# nMinorLoops		10
# nX			2
# nY			2
# dx (mm)		 0.250
# dy (mm)		 0.250
# avg. raster		no average raster
# Number			48
# ID			310362
# -----------------------------------------------
# H (kA/m) 	 I (arb.u.)
8.157009853382162134e+01 1.971538652384909218e+00
8.070474504391275161e+01 1.971600735742207178e+00
7.977415292174481465e+01 1.971806619012562045e+00
7.882733251542968844e+01 1.971796006472852802e+00
7.784898552845052677e+01 1.971801843369692664e+00
7.686185015836589685e+01 1.971948296417677104e+00
7.587350580436195457e+01 1.971658043456635312e+00
7.488976488912761909e+01 1.971934500116055533e+00
7.389258565263671130e+01 1.971805557758590899e+00
7.288317707880860041e+01 1.971989685322542263e+00
7.186414313300780066e+01 1.971888335568321216e+00
7.087412480126953085e+01 1.971845354782499671e+00
6.985941529794921223e+01 1.971755678821958346e+00
6.884005585647786063e+01 1.971953602687531948e+00
6.782660183645833740e+01 1.971971113378051532e+00
6.682500515872396818e+01 1.972020992314683641e+00
6.581606157871094354e+01 1.972280468910569073e+00
6.485515185979818398e+01 1.971901070615971863e+00
6.382347008222656370e+01 1.972426391331567830e+00
6.281889744407551746e+01 1.972062911846534483e+00
6.181478979973957166e+01 1.971963153973269600e+00
6.080128928033854407e+01 1.971989685322542263e+00
5.979188070651041897e+01 1.971885682433393683e+00
5.877405574462891735e+01 1.971809272147488912e+00
5.776706513863933168e+01 1.972021522941669325e+00
5.676286449554036295e+01 1.971731269980627532e+00
5.575010796624349041e+01 1.971848007917427203e+00
5.474655831448567511e+01 1.972107484513312192e+00
5.378978704052735083e+01 1.971667594742373630e+00
5.276070922832030874e+01 1.971732861861583919e+00
5.175325362851563682e+01 1.971460650218048061e+00
5.074514703736979726e+01 1.971362484225739564e+00
4.974108589241537004e+01 1.971286073939834793e+00
4.872684138291015188e+01 1.971410771281415508e+00
4.769753107379558799e+01 1.971333299741540035e+00
4.670500177545573450e+01 1.971619838313683148e+00
4.568996677646484272e+01 1.971661227218548307e+00
4.467707074902344289e+01 1.971691472956718760e+00
4.368477394759113963e+01 1.971566244988152583e+00
4.269763857750650260e+01 1.971561469345283646e+00
4.168181308902995141e+01 1.971536529876967370e+00
4.068212288593750259e+01 1.971569959377051040e+00
3.966755288076171837e+01 1.971586408813599922e+00
3.865079740465495206e+01 1.971623022075595699e+00
3.739187314964192410e+01 1.971571020631021742e+00
3.637623365869140457e+01 1.971503100376883921e+00
3.535733921103516053e+01 1.971489834702247812e+00
3.435044160380859779e+01 1.971431465733848087e+00
3.334791493844399923e+01 1.971491957210189661e+00
3.237779834199218953e+01 1.971690411702748058e+00
3.135099899947917024e+01 1.971884090552437518e+00
3.034438038854167630e+01 1.972097402600588412e+00
2.932297497428385213e+01 1.971898417481044774e+00
2.806116775761719495e+01 1.971888866195306456e+00
2.704399378707682544e+01 1.972234834989820218e+00
2.602993527509766025e+01 1.971940867639880857e+00
2.501610926002604529e+01 1.971783271425201711e+00
2.400967664661458656e+01 1.971714820544078650e+00
2.295581466406250826e+01 1.971675023520170100e+00
2.199053400328776320e+01 1.971570490004036502e+00
2.071566046041667164e+01 1.971689350448777134e+00
1.969253456904297295e+01 1.971542897400792915e+00
1.867712757500000720e+01 1.971654329067737521e+00
1.767162494921875293e+01 1.971619838313683148e+00
1.665589245950521402e+01 1.971651675932810210e+00
1.563099959163411690e+01 1.971349749178088917e+00
1.461847555924479458e+01 1.971661227218548085e+00
1.336387574671224243e+01 1.971550856805574625e+00
1.234767826318359596e+01 1.971901601242957547e+00
1.138360658632812594e+01 1.971480814043495400e+00
1.037754596796875184e+01 1.971290849582704174e+00
9.364463943001302582e+00 1.971268563249314987e+00
8.362169774544273793e+00 1.970900838748397721e+00
7.111522409440105719e+00 1.971121579574345306e+00
6.092999956835939201e+00 1.970968759002535542e+00
5.083358886100262097e+00 1.971035618002701995e+00
4.078507251660157706e+00 1.970790998962409279e+00
3.070912153710937620e+00 1.971014923550269415e+00
2.068431987727865184e+00 1.971296155852558130e+00
8.471722317382813783e-01 1.971104599510810962e+00
-1.731636967447916509e-01 1.971176234153846352e+00
-1.188338193880208671e+00 1.971661227218548751e+00
-2.186261420475261286e+00 1.971192152963410216e+00
-3.197622968326823578e+00 1.971295094598587871e+00
-4.206566548339844225e+00 1.971313135916092696e+00
-5.470373238411458949e+00 1.971837926004703423e+00
-6.465692499641928492e+00 1.971639471512144581e+00
-7.477984035123700579e+00 1.971689350448777134e+00
-8.481952181315106643e+00 1.971862334846034237e+00
-9.492662737825522612e+00 1.972002420370193354e+00
-1.070680808844401355e+01 1.971666002861417244e+00
-1.171212471669922195e+01 1.971495671599087673e+00
-1.272134729300130473e+01 1.971304645884325968e+00
-1.372894239095052527e+01 1.971002188502618768e+00
-1.473165505384115015e+01 1.970985739066069886e+00
-1.574380709117838961e+01 1.970595728231763877e+00
-1.674763573922526305e+01 1.970157430341781479e+00
-1.800232855052083991e+01 1.969449573943190535e+00
-1.901187662249349586e+01 1.968569263774327727e+00
-2.002058770559896317e+01 1.967761118875486437e+00
-2.097977694739583754e+01 1.967103141413527823e+00
-2.198737204534505807e+01 1.966300833411526616e+00
-2.299585063154297515e+01 1.965678407957592855e+00
-2.425151992985026439e+01 1.964615562105735735e+00
-2.526125399934895910e+01 1.963747456357539001e+00
-2.627191805647786538e+01 1.962791797156742124e+00
-2.728369809876302554e+01 1.962277088980855844e+00
-2.829357166640625110e+01 1.961356451161098580e+00
-2.930860666539712867e+01 1.960447487135021705e+00
-3.030918035673828470e+01 1.959764570204746592e+00
-3.130724308147786417e+01 1.959102878353889965e+00
-3.256095940576171444e+01 1.958389715685444177e+00
-3.359347817220051269e+01 1.957445730278328133e+00
-3.361556537841796910e+01 1.957411770151258779e+00
-3.271877830660807263e+01 1.957611816524774007e+00
-3.155806074534505967e+01 1.957513119905480270e+00
-3.065183429908854862e+01 1.957644184770886531e+00
-2.971087281484375353e+01 1.957680267405896846e+00
-2.875851898212890845e+01 1.957759330826729371e+00
-2.779942273909505346e+01 1.957800719731594086e+00
-2.684567392493489990e+01 1.957763045215627606e+00
-2.586979140517577846e+01 1.958058604446523354e+00
-2.490516173574219039e+01 1.958046930652843187e+00
-2.369710780410156303e+01 1.958303223486815625e+00
-2.272420124475911862e+01 1.958485228542825585e+00
-2.175352665572917132e+01 1.958781849027692479e+00
-2.076197384440104798e+01 1.958624252813013555e+00
-1.981771090406901692e+01 1.959057775060126794e+00
-1.884754780823568154e+01 1.959386233164120528e+00
-1.761401221552734953e+01 1.959150104155595207e+00
-1.661939044501953688e+01 1.959574605743955589e+00
-1.563211557679036723e+01 1.959811265379466150e+00
-1.464335272835286972e+01 1.959972045356058068e+00
-1.365817033229166810e+01 1.960382750642796879e+00
-1.265838713043619990e+01 1.960749944516728682e+00
-1.166771780735677311e+01 1.960891621921843742e+00
-1.042925328020833575e+01 1.961362818684924125e+00
-9.476434453678388437e+00 1.961450902764508619e+00
-8.478278730175782485e+00 1.962151330385303538e+00
-7.489329884212240884e+00 1.962393296290668943e+00
-6.495312605664064876e+00 1.962453787767010516e+00
-5.242712266536460497e+00 1.963373364332796189e+00
-4.236930644466147200e+00 1.963717210619368103e+00
-3.246679815820313397e+00 1.964390576263904897e+00
-2.246013125716146419e+00 1.964746096344156534e+00
-1.247578405924479439e+00 1.965065533789397634e+00
-2.384023290039062604e-01 1.965388154996551506e+00
9.889953453450524012e-01 1.965925149505827640e+00
1.989104042871094435e+00 1.966372998681547690e+00
2.988468750292969212e+00 1.966778928325417342e+00
3.982951022656251450e+00 1.966984280968786969e+00
4.995940048860679106e+00 1.967287799604464427e+00
5.994467767415366133e+00 1.967694790502305224e+00
7.253485021191408144e+00 1.968280072067257080e+00
8.249408774381512544e+00 1.968709879925472528e+00
9.257840861197919935e+00 1.968953437711794097e+00
1.024674320777995007e+01 1.969264915752253486e+00
1.126540515852864921e+01 1.969307365911089791e+00
1.222301342135416924e+01 1.969947302055543137e+00
1.347180081119792128e+01 1.970149470936999991e+00
1.448497583492838992e+01 1.970629157731846881e+00
1.548615401822917015e+01 1.970629688358832343e+00
1.650555995908203499e+01 1.970971412137462853e+00
1.751366655022787100e+01 1.971155009074428754e+00
1.850903231083984934e+01 1.971512651662622240e+00
1.951090798486328382e+01 1.971190030455468367e+00
2.076071836110026325e+01 1.971602858250148804e+00
2.177440487802734737e+01 1.971575265646905439e+00
2.275219387242838920e+01 1.971806088385576361e+00
2.375114008541667587e+01 1.972067156862418180e+00
2.475408524521484921e+01 1.971737106877467616e+00
2.575968086975911575e+01 1.971790169576012719e+00
2.676718296894531690e+01 1.971636287750232031e+00
2.804493947347005545e+01 1.971762576972769354e+00
2.905964897679036341e+01 1.971635757123246568e+00
3.007589295970052135e+01 1.971959439584371587e+00
3.108544103167317374e+01 1.972006134759091145e+00
3.210642795149739470e+01 1.972025237330567338e+00
3.309407481477864366e+01 1.972160016584871833e+00
3.410590135644531529e+01 1.971937683877968084e+00
3.513181721070963448e+01 1.971870824877801187e+00
3.617089238994141454e+01 1.971968460243123999e+00
3.742377172535807262e+01 1.971836864750732277e+00
3.843201781464844657e+01 1.971929724473186374e+00
3.945277223756511376e+01 1.971711636782166099e+00
4.046083232932943474e+01 1.971846416036470817e+00
4.146735794150390575e+01 1.971706330512311700e+00
4.247002410501302450e+01 1.971655390321708445e+00
4.349445197906901939e+01 1.971745066282249326e+00
4.445815166087240300e+01 1.971744005028278401e+00
4.546263130026041210e+01 1.971939806385909710e+00
4.646227500397135657e+01 1.972252876307325486e+00
4.747312505862631582e+01 1.972333000982128715e+00
4.849225200319010298e+01 1.972397206847367856e+00
4.949966110361328475e+01 1.972275693267699914e+00
5.049763082958984484e+01 1.972170098497595392e+00
5.150592341826171605e+01 1.972154179688031750e+00
5.251119354713542009e+01 1.972119688933977599e+00
5.352004412838542180e+01 1.972107484513311748e+00
5.448458079905599760e+01 1.972114913291108440e+00
5.549566335061849998e+01 1.971879845536553821e+00
5.649549305185546899e+01 1.972222630569155033e+00
5.749374177412109077e+01 1.971796537099838265e+00
5.850003488938803287e+01 1.972038503005203669e+00
5.952367227395834703e+01 1.971763638226740500e+00
6.052740792324218688e+01 1.971885151806408221e+00
6.152412216591797289e+01 1.971843762901543062e+00
6.252585834179686941e+01 1.971813517163372609e+00
6.354317181048177332e+01 1.972046462409985601e+00
6.456006678473305271e+01 1.971962623346284138e+00
6.551707055559897697e+01 1.972019400433727476e+00
6.651792324322916272e+01 1.972063973100505185e+00
6.752319337210285255e+01 1.972051768679840000e+00
6.852730101643881255e+01 1.972067156862418180e+00
6.952643322695313088e+01 1.972211487402460550e+00
7.053570230263672158e+01 1.972281530164539776e+00
7.154320440182291918e+01 1.972284183299466864e+00
7.255200848369140942e+01 1.972421085061713431e+00
7.354700224925130669e+01 1.972167975989653543e+00
7.455399285524087816e+01 1.971844293528528969e+00
7.555754250699871477e+01 1.972011971655931006e+00
7.652091669313149680e+01 1.972037972378218207e+00
7.751563146240235369e+01 1.972029482346451035e+00
7.852001810302735407e+01 1.972106423259341490e+00
7.952938017747396771e+01 1.971914336290608194e+00
8.053120935211589426e+01 1.972164261600755752e+00
