# User			Meike Reginka
# Sample		2020_0446_1
# State			after FC
# Profile		mere_beads_forc.txt
# Comment
# ML
# 
# Meas. type 		FORC
# angle (deg)		 0.000
# Hmin (kA/m)		-80.000
# Hmax (kA/m)		80.000
# pts./branch		161
# time/pt. (s)		 0.020
# dt (s)		 0.020
# nCycles		5
# Hstop (kA/m)		 0.000
# wait (s)		60.000
# nSched		5
# nMinorLoops		10
# nX			2
# nY			2
# dx (mm)		 0.250
# dy (mm)		 0.250
# avg. raster		no average raster
# Number			15
# ID			310329
# -----------------------------------------------
# H (kA/m) 	 I (arb.u.)
8.166328329436849742e+01 1.971459058337091896e+00
8.077928355247395587e+01 1.971383709305157828e+00
7.986231574908855180e+01 1.971242031900042324e+00
7.890679995843099448e+01 1.971548203670647315e+00
7.792817397516274980e+01 1.971207541145988174e+00
7.693810914404298273e+01 1.971489834702247812e+00
7.594464985807290702e+01 1.971536529876967592e+00
7.497337077708334618e+01 1.971390607455968613e+00
7.395907976819660234e+01 1.971315258424034544e+00
7.295143817086589877e+01 1.971797067726823727e+00
7.194137860569661314e+01 1.971653267813766597e+00
7.093499249166666232e+01 1.971524856083287647e+00
6.992474692897135924e+01 1.971429343225906683e+00
6.890617797698568836e+01 1.971394852471852310e+00
6.789644390748696878e+01 1.970982555304157335e+00
6.688178090354817584e+01 1.971252644439751123e+00
6.588083521715495294e+01 1.971173050391933801e+00
6.491420607431642509e+01 1.971196928606279375e+00
6.388740673180339513e+01 1.971333299741540035e+00
6.288553105777995711e+01 1.971630981480377187e+00
6.187807545797525677e+01 1.971531223607113192e+00
6.086290096083985190e+01 1.971575796273890679e+00
5.984456450576172415e+01 1.971534407369025743e+00
5.883529543007812634e+01 1.971502569749898903e+00
5.782895581542967989e+01 1.971104068883825056e+00
5.681322332571615163e+01 1.971098231986985416e+00
5.580600022281901573e+01 1.971402281249648114e+00
5.479231370589193517e+01 1.971248399423867870e+00
5.384121535647787482e+01 1.971329585352641800e+00
5.281269553684897033e+01 1.971327462844699951e+00
5.179942751435547166e+01 1.971421383821124529e+00
5.080113229270833841e+01 1.971294033344616281e+00
4.978391182278645744e+01 1.971249460677838572e+00
4.877366626009115436e+01 1.971132722741039789e+00
4.775430681861979565e+01 1.971081782550436534e+00
4.675396562418620050e+01 1.971240440019085938e+00
4.573237421240234113e+01 1.971113620169563596e+00
4.472905705755209027e+01 1.971320034066903704e+00
4.372606539837239126e+01 1.971114681423534520e+00
4.273776754375001019e+01 1.971490365329233274e+00
4.172347653486328767e+01 1.971199581741206464e+00
4.071392846289062817e+01 1.971090803209188724e+00
3.970572887298176568e+01 1.970884389311848839e+00
3.869153086285807319e+01 1.970826020343448892e+00
3.742428321855468454e+01 1.971234072495260836e+00
3.640483077832031711e+01 1.971102477002868669e+00
3.539514320820313031e+01 1.971262726352475347e+00
3.438726911396484809e+01 1.971151294685530520e+00
3.337428008776041111e+01 1.970804264637045833e+00
3.240639546162109497e+01 1.971327462844699951e+00
3.138540854179687756e+01 1.971274930773140532e+00
3.037316350569662049e+01 1.971438363884659317e+00
2.935552454134114697e+01 1.971106722018752810e+00
2.808878839023437379e+01 1.971231949987318988e+00
2.707184691660156872e+01 1.971159784717297914e+00
2.605564943307292225e+01 1.971596490726323481e+00
2.504103292851563012e+01 1.971491426583204420e+00
2.403139185777995124e+01 1.971631512107362871e+00
2.301193941754557670e+01 1.971637349004203177e+00
2.202368806230469644e+01 1.971462242099004003e+00
2.073951464313151405e+01 1.971514243543578848e+00
1.971810922887370410e+01 1.971633103988319480e+00
1.870767766865234805e+01 1.971649022797882900e+00
1.769687411337890737e+01 1.971533346115054819e+00
1.668332709459635765e+01 1.971567836869108747e+00
1.565531876816406509e+01 1.971411832535386655e+00
1.464102775927734790e+01 1.971378403035303428e+00
1.338275449560547159e+01 1.971386893067070378e+00
1.237543839394531631e+01 1.971551387432560309e+00
1.139820739212239609e+01 1.971583225051687371e+00
1.038968230654297109e+01 1.971774250766449077e+00
9.376832778483075614e+00 1.971797598353808967e+00
8.372911131673181018e+00 1.971820415314183395e+00
7.112591895214845472e+00 1.971847477290441519e+00
6.101509343652344874e+00 1.971619838313683148e+00
5.091031284049481798e+00 1.971526447964244255e+00
4.073345820312501253e+00 1.971478160908568089e+00
3.069889167317708889e+00 1.971417669432226738e+00
2.064944534114583785e+00 1.971374158019419731e+00
8.431267855468752570e-01 1.971730739353642292e+00
-1.888804876953125156e-01 1.971457997083120750e+00
-1.188756688313802545e+00 1.971291380209689414e+00
-2.200350733072917286e+00 1.971509998527695151e+00
-3.208271326692708758e+00 1.971173050391933579e+00
-4.219911870833334966e+00 1.971183132304657581e+00
-5.481579589355470183e+00 1.971129538979126794e+00
-6.488849191634115776e+00 1.971260603844533055e+00
-7.495560801334637091e+00 1.971324279082787401e+00
-8.503341896809898159e+00 1.971390607455968613e+00
-9.508937521354168254e+00 1.971242031900042768e+00
-1.073447522044271096e+01 1.971112558915592672e+00
-1.173909435797525980e+01 1.971281298296965634e+00
-1.274315550292968879e+01 1.971048353050353086e+00
-1.375721401490885754e+01 1.970627035223905255e+00
-1.475922918707682463e+01 1.970811693414842303e+00
-1.577356669534505684e+01 1.970368619881990968e+00
-1.678809020113932959e+01 1.969843299166395001e+00
-1.803962105449219777e+01 1.968867476140151229e+00
-1.904819263945313068e+01 1.968387258718318211e+00
-2.005304427389323507e+01 1.967590787613156866e+00
-2.102292837343750165e+01 1.966752927603130363e+00
-2.202945398561198687e+01 1.965619508362207668e+00
-2.304318700192058245e+01 1.964866548669853330e+00
-2.429532234723307837e+01 1.963972442199369617e+00
-2.532091270582682441e+01 1.963217890626058892e+00
-2.632232338603515842e+01 1.962290885282476971e+00
-2.734079933925781347e+01 1.961676949860310604e+00
-2.836773817991536362e+01 1.960719168151572323e+00
-2.937207832115885253e+01 1.959956126546494648e+00
-3.038041740921224232e+01 1.959392070060960167e+00
-3.136587880156250208e+01 1.958810502884906768e+00
-3.264949422815755042e+01 1.958267140851805310e+00
-3.367792104902343198e+01 1.957972642874880265e+00
-3.469272355110677353e+01 1.957469077865687801e+00
-3.569734268863932414e+01 1.956943226523106150e+00
-3.670949472597656182e+01 1.956316556053289135e+00
-3.773113263714193266e+01 1.955634169749999929e+00
-3.873858823694661169e+01 1.955069582637480430e+00
-3.974078940664062998e+01 1.954450340945459663e+00
-4.075159296191407066e+01 1.953976491047452191e+00
-4.176021104625650793e+01 1.954036982523793986e+00
-4.297775085172526133e+01 1.952987932973557550e+00
-4.399339034267578796e+01 1.952640902925073085e+00
-4.499312704514974115e+01 1.952200482527149283e+00
-4.601304447919922325e+01 1.951696386890970691e+00
-4.701687312724610024e+01 1.951370581921904490e+00
-4.802632820045573681e+01 1.950795912896661655e+00
-4.903973572109375567e+01 1.950579417086597545e+00
-5.005281774606120848e+01 1.950351247482854156e+00
-5.105706488854167446e+01 1.949611022838150465e+00
-5.205959155390625170e+01 1.949398772043970496e+00
-5.302998714664713731e+01 1.948969494812740955e+00
-5.403376929531249573e+01 1.948732304550244709e+00
-5.504540983945312860e+01 1.948884063868083549e+00
-5.604054310315755316e+01 1.948272781580844715e+00
-5.705181165224610140e+01 1.948335926192113154e+00
-5.806126672545573797e+01 1.948573647081594862e+00
-5.906988480979818235e+01 1.948066367683504385e+00
-6.032034617737631521e+01 1.947857300651236745e+00
-6.132994074873046486e+01 1.948282332866582367e+00
-6.232786397532552769e+01 1.947766032809739478e+00
-6.333341310048827211e+01 1.947429084673978128e+00
-6.430097223095701509e+01 1.947725705158844578e+00
-6.531991317799479191e+01 1.947435982824788914e+00
-6.631467444664713184e+01 1.947479494237595921e+00
-6.731822409840494004e+01 1.947657784904707201e+00
-6.734361276070963243e+01 1.947751705881132445e+00
-6.646770391119791555e+01 1.947453493515308942e+00
-6.556147746494140449e+01 1.947584558380714981e+00
-6.464613713990885913e+01 1.947602599698220693e+00
-6.370536165319010991e+01 1.947646641738012718e+00
-6.280169267291667268e+01 1.947710316976266842e+00
-6.186235866702472919e+01 1.947716153873106926e+00
-6.091121381822917158e+01 1.947314999872106434e+00
-5.973301248951823084e+01 1.947292182911732006e+00
-5.876261689677734523e+01 1.947482147372523009e+00
-5.779505776630859515e+01 1.947274672221212199e+00
-5.683893748369141008e+01 1.947516107499591698e+00
-5.586435694661457774e+01 1.947417941507283645e+00
-5.489461234521484556e+01 1.947340469967407728e+00
-5.392733221103516428e+01 1.947333571816597164e+00
-5.294717174817709804e+01 1.947105932839838793e+00
-5.200388529485676514e+01 1.947038543212686434e+00
-5.102753778128254680e+01 1.946921805275887651e+00
-5.005667719472657495e+01 1.947230630181419730e+00
-4.906726335494791869e+01 1.946887314521833279e+00
-4.807361807145181842e+01 1.947090544657260613e+00
-4.707987978919271654e+01 1.947328796173728227e+00
-4.609334891106771437e+01 1.947142015474849330e+00
-4.511123547418620205e+01 1.947166954943165385e+00
-4.412107764430339074e+01 1.947458799785163563e+00
-4.287498721858724338e+01 1.947452432261337796e+00
-4.191152003369140999e+01 1.947060829546075844e+00
-4.092536115061848534e+01 1.947294305419673854e+00
-3.991837054462891388e+01 1.947225854538550571e+00
-3.893374614114583210e+01 1.947208874475016005e+00
-3.793875237558593483e+01 1.947003521831646822e+00
-3.693287775475260304e+01 1.946920213394931043e+00
-3.591561078544921770e+01 1.947337816832480861e+00
-3.492373247845051765e+01 1.947244957110026764e+00
-3.392185680442708673e+01 1.947329857427698929e+00
-3.266437403024089292e+01 1.947257161530692393e+00
-3.165222199290364102e+01 1.947570231452107947e+00
-3.069768268925781385e+01 1.947377613856389633e+00
-2.969576051585286436e+01 1.947192955665452807e+00
-2.868825841666667031e+01 1.947341531221378874e+00
-2.768038432242838809e+01 1.947479494237595921e+00
-2.667018525911458582e+01 1.947525128158344776e+00
-2.565687073723958633e+01 1.947467820443916198e+00
-2.441040831647136145e+01 1.947410512729487397e+00
-2.339765178717448180e+01 1.947684316253979864e+00
-2.238642973746745213e+01 1.947320836768946073e+00
-2.137046475084635588e+01 1.947413165864414708e+00
-2.039495422613932973e+01 1.947856239397266043e+00
-1.936085448072917359e+01 1.947827585540051532e+00
-1.810165122942708749e+01 1.948111470977267334e+00
-1.708391926630859814e+01 1.948219718882299389e+00
-1.606576880875651625e+01 1.948208045088619444e+00
-1.505115230419922412e+01 1.948465399176563029e+00
-1.404025575016276406e+01 1.948523768144962531e+00
-1.303014968561198295e+01 1.948636261065877839e+00
-1.201302221445312846e+01 1.948780591605920653e+00
-1.075344696809896305e+01 1.949350484988294330e+00
-9.779005929166670441e+00 1.949817967362475812e+00
-8.781175701334637651e+00 1.950389983252791781e+00
-7.762792746875001981e+00 1.950899915785809569e+00
-6.766543498014325309e+00 1.951388092612424074e+00
-5.513478165071616033e+00 1.952570329536007954e+00
-4.483702862141927703e+00 1.953307370418798872e+00
-3.484431153483074084e+00 1.954534710636146144e+00
-2.468745163151042643e+00 1.955748254551871845e+00
-1.463428534895833799e+00 1.956596727101607147e+00
-4.474635482747396087e-01 1.957457934698993318e+00
8.168081356119794023e-01 1.958293141574092289e+00
1.793481144856771126e+00 1.959084306409399234e+00
2.794333832486980196e+00 1.959577789505868139e+00
3.800952443424480354e+00 1.960159356681921983e+00
4.813057981380210570e+00 1.960942562112446996e+00
5.824698525520834558e+00 1.961287469652990056e+00
7.077531361555990941e+00 1.961774054598648398e+00
8.094612333333335741e+00 1.962287170893579180e+00
9.093372548795576549e+00 1.962936127696784938e+00
1.009431823518880300e+01 1.963158460403688466e+00
1.111702563212890915e+01 1.963902399437290613e+00
1.207816784794922427e+01 1.964554009375423682e+00
1.333523212770182731e+01 1.965311744710646513e+00
1.434975563349610006e+01 1.966012702958426672e+00
1.536134967825520903e+01 1.966735416912610335e+00
1.637698916920573211e+01 1.967479886573197723e+00
1.738277079127604807e+01 1.968457832107383343e+00
1.838948240097656850e+01 1.969049481196160745e+00
1.940186693522135997e+01 1.969549862443440880e+00
2.063958747226563162e+01 1.969958445222237620e+00
2.167354771953125692e+01 1.970354823580369619e+00
2.263603841741536371e+01 1.970648260303323518e+00
2.364056455618489849e+01 1.970791529589394742e+00
2.465067062073568138e+01 1.970731038113053835e+00
2.565877721188151384e+01 1.970822836581536563e+00
2.667078975107421712e+01 1.971069047502785665e+00
2.794631428528646211e+01 1.970994759724822742e+00
2.895707134117838777e+01 1.970908798153179653e+00
2.997596578883463536e+01 1.971101946375883873e+00
3.100006816722005354e+01 1.971165090987152313e+00
3.201970660498046328e+01 1.971122640828316008e+00
3.301967580436197380e+01 1.971322156574845552e+00
3.402429494189453152e+01 1.971328524098670876e+00
3.506448610628255125e+01 1.971455874575179124e+00
3.607598715227864261e+01 1.971377341781332282e+00
3.733207494501952795e+01 1.971393260590895924e+00
3.834757493782552018e+01 1.971493018464160585e+00
3.937088682672526119e+01 1.971272277638213000e+00
4.037345999147136411e+01 1.971424567583037302e+00
4.137217370755209345e+01 1.971141212772806739e+00
4.239060316139322993e+01 1.971614532043828749e+00
4.341968097360026491e+01 1.971582694424701687e+00
4.437812622529296647e+01 1.971320034066903704e+00
4.538725580283203698e+01 1.971290849582703730e+00
4.639964033707682489e+01 1.971519019186447785e+00
4.741221086884765867e+01 1.971650084051853824e+00
4.842678087402343579e+01 1.971359831090812698e+00
4.943735193238932624e+01 1.971582163797716225e+00
5.044006459527995645e+01 1.971703677377384167e+00
5.145226313199870560e+01 1.971477630281582849e+00
5.246209020026041259e+01 1.971468609622829993e+00
5.347159177285156062e+01 1.971594368218381410e+00
5.445816915035808847e+01 1.971524856083287647e+00
5.545381390725912496e+01 1.971408118146488198e+00
5.645913053551431915e+01 1.971436772003702931e+00
5.746254068912760715e+01 1.971576857527861826e+00
5.846655533470053001e+01 1.971741351893351535e+00
5.948944872916666782e+01 1.971545550535720226e+00
6.049285888277995582e+01 1.971511059781665853e+00
6.149612953824869521e+01 1.971347096043161606e+00
6.250516611702474279e+01 1.971614001416843287e+00
6.351866663642579169e+01 1.971561469345283868e+00
6.453681709397785937e+01 1.971221337447609745e+00
6.550642219723307846e+01 1.971235664376216778e+00
6.649630103082681387e+01 1.971558285583370651e+00
6.750984804960937424e+01 1.971139090264864890e+00
6.851344420074869390e+01 1.971118395812432311e+00
6.952080680179037131e+01 1.971263787606446050e+00
7.052607693066407535e+01 1.971331707860583649e+00
7.153553200387371191e+01 1.971243093154013470e+00
7.254163912161457972e+01 1.971559346837342019e+00
7.355248917626953187e+01 1.971412893789357357e+00
7.454771543873698647e+01 1.971332238487568889e+00
7.556995784186197795e+01 1.971268032622329747e+00
7.653203004531249576e+01 1.971409179400459344e+00
7.753367322242839066e+01 1.971209663653929800e+00
7.853424691376955025e+01 1.971417669432226294e+00
7.954900291647135191e+01 1.971416077551270352e+00
8.056171294638673430e+01 1.971320564693889388e+00
