# User			Meike Reginka
# Sample		2020_0446_1
# State			after FC
# Profile		mere_beads_forc.txt
# Comment
# ML
# 
# Meas. type 		FORC
# angle (deg)		 0.000
# Hmin (kA/m)		-80.000
# Hmax (kA/m)		80.000
# pts./branch		161
# time/pt. (s)		 0.020
# dt (s)		 0.020
# nCycles		5
# Hstop (kA/m)		 0.000
# wait (s)		60.000
# nSched		5
# nMinorLoops		10
# nX			2
# nY			2
# dx (mm)		 0.250
# dy (mm)		 0.250
# avg. raster		no average raster
# Number			60
# ID			310374
# -----------------------------------------------
# H (kA/m) 	 I (arb.u.)
8.157363248681642176e+01 1.973032367348952265e+00
8.071158045299479511e+01 1.972806320253150503e+00
7.977182795266929816e+01 1.972992039698057809e+00
7.882682102223309073e+01 1.973232944349452511e+00
7.786005238125000005e+01 1.972860974832651770e+00
7.686743008414714495e+01 1.973043510515646748e+00
7.587922522828773708e+01 1.972884853046997122e+00
7.490417969739584692e+01 1.973156534063547740e+00
7.389109767242837279e+01 1.973119920801551963e+00
7.288378157076822106e+01 1.972913506904211633e+00
7.187288501673177166e+01 1.973215433658932483e+00
7.086798688291015935e+01 1.973127349579347767e+00
6.985797381712239940e+01 1.973016979166374085e+00
6.884084634596355556e+01 1.973012734150490388e+00
6.783566921585286025e+01 1.973164493468329228e+00
6.683500252574870615e+01 1.972793585205499856e+00
6.582354797913410493e+01 1.973045633023588596e+00
6.484724696494140517e+01 1.972975590261509371e+00
6.382788752347005357e+01 1.973077470642715658e+00
6.282819732037760474e+01 1.973202698611281836e+00
6.181367381458334620e+01 1.972929956340760516e+00
6.080347475126953327e+01 1.972821177808743220e+00
5.979755363105469002e+01 1.972638642125747799e+00
5.878665707701823351e+01 1.972624315197140987e+00
5.777032009534505619e+01 1.972533577982628961e+00
5.676193450791015493e+01 1.972924650070906116e+00
5.575466490563151467e+01 1.973085960674483053e+00
5.475269623284505371e+01 1.972896526840676845e+00
5.377802269700521265e+01 1.973058368071239244e+00
5.277535653349610101e+01 1.972714521784667330e+00
5.174474424169922315e+01 1.972841341634190115e+00
5.075444691367188454e+01 1.972797830221383109e+00
4.974020240416667349e+01 1.972909261888327936e+00
4.872326093053385421e+01 1.972808973388077591e+00
4.770478497731119916e+01 1.972701786737016683e+00
4.670941921669921726e+01 1.972931017594731218e+00
4.568973427955729250e+01 1.972972937126581616e+00
4.469083456595052439e+01 1.972772360126081370e+00
4.369388782636718815e+01 1.972614763911402669e+00
4.269438362080077809e+01 1.972744767522838449e+00
4.168190608779296724e+01 1.972546843657265292e+00
4.068003041376954343e+01 1.972403043744207940e+00
3.967173782509766511e+01 1.972620600808242974e+00
3.865712132054036942e+01 1.972333000982128270e+00
3.739438411624348646e+01 1.972646070903544491e+00
3.638413855354817628e+01 1.972649254665457264e+00
3.537073103291015030e+01 1.972368022363168327e+00
3.436015997454426696e+01 1.972495903466661815e+00
3.335098389762369919e+01 1.972715583038638476e+00
3.237770534322916660e+01 1.972903955618473093e+00
3.135327746917317882e+01 1.972953303928120183e+00
3.034438038854166919e+01 1.972747951284750556e+00
2.932920589140625367e+01 1.972722481189449262e+00
2.806465521123046969e+01 1.972918282547080571e+00
2.705613012565104469e+01 1.972665173475020683e+00
2.603467821201172328e+01 1.972656152816268049e+00
2.501810873343099217e+01 1.972685337300467801e+00
2.401502407548828444e+01 1.972780850157848764e+00
2.295697714860026650e+01 1.972755380062547248e+00
2.198806953606771231e+01 1.972945344523338251e+00
2.071128951855469325e+01 1.972876363015229728e+00
1.969890498430990178e+01 1.972749543165706942e+00
1.868526496676432913e+01 1.972501740363501899e+00
1.767371742138672275e+01 1.972382879918760823e+00
1.665807793043620322e+01 1.972486882807909403e+00
1.563555653102213938e+01 1.972379165529863032e+00
1.462698494606120292e+01 1.972285775180423473e+00
1.337052515826823118e+01 1.972416840045829733e+00
1.235869861660156666e+01 1.972286836434394175e+00
1.138644304860026324e+01 1.972285244553438011e+00
1.037908044755859649e+01 1.972465127101505677e+00
9.375344798274744207e+00 1.972371206125080878e+00
8.363332259082033815e+00 1.972550027419177843e+00
7.103757012727865749e+00 1.972335654117055803e+00
6.106810273144532175e+00 1.972347327910735748e+00
5.092658762402345829e+00 1.972214140537387639e+00
4.084273174967449016e+00 1.972195568592896908e+00
3.074492606087241064e+00 1.972623784570155525e+00
2.065409527929687794e+00 1.972769176364168819e+00
8.487532107096354972e-01 1.972265080727990894e+00
-1.708852270507812687e-01 1.972539945506454506e+00
-1.186757214908854330e+00 1.972479454030112711e+00
-2.184540943359375653e+00 1.972452922680840715e+00
-3.191717546875000977e+00 1.972352634180590591e+00
-4.198847651009115722e+00 1.972524026696890864e+00
-5.467257779850261734e+00 1.972815871538888821e+00
-6.467319977994794300e+00 1.972543659895352519e+00
-7.480448502343751471e+00 1.972529332966745264e+00
-8.480510700488284925e+00 1.972460882085622202e+00
-9.479689410384116499e+00 1.972497495347618202e+00
-1.070183265462240030e+01 1.972270386997845293e+00
-1.172109909733073074e+01 1.972282060791525460e+00
-1.271469788144531421e+01 1.972275693267700136e+00
-1.372038650475260901e+01 1.972440718260175307e+00
-1.471919321959635774e+01 1.971717473679006183e+00
-1.573548370188802714e+01 1.970971412137462409e+00
-1.674796123489583977e+01 1.970589360707938331e+00
-1.799870159876302722e+01 1.970410539413841366e+00
-1.901145812805989976e+01 1.969460717109885017e+00
-2.001449628662109959e+01 1.968661062242810900e+00
-2.097754497708334043e+01 1.968089046352495153e+00
-2.099405225751953097e+01 1.967713362446795733e+00
-2.014311357587891393e+01 1.967579113819476921e+00
-1.921796188134766226e+01 1.968107618296985883e+00
-1.826895600410156817e+01 1.968362319250002379e+00
-1.709335864075521272e+01 1.968678572933330706e+00
-1.613663386617839279e+01 1.969102013267720386e+00
-1.516386680498047212e+01 1.969336550395289542e+00
-1.421155947164714206e+01 1.969694723610468934e+00
-1.324804578736979366e+01 1.970239146897541094e+00
-1.228904254309896160e+01 1.970351639818456624e+00
-1.132278539531250239e+01 1.970966636494593693e+00
-1.009599221292318028e+01 1.971299339614470902e+00
-9.161075648274744410e+00 1.971594898845367316e+00
-8.189471071614583764e+00 1.971719596186948031e+00
-7.208008626074221326e+00 1.971912744409651808e+00
-6.240170499316407771e+00 1.972000828489236746e+00
-5.006402409700522860e+00 1.972102178243457793e+00
-4.020801519205730479e+00 1.972637580871777097e+00
-3.031062183756510819e+00 1.972627498959053760e+00
-2.048390754296875560e+00 1.973126288325377065e+00
-1.054977967708333741e+00 1.972617947673315442e+00
-5.166081285807291867e-02 1.972706562379885842e+00
1.147883731966146126e+00 1.972530394220716410e+00
2.145062968457031705e+00 1.972759625078430723e+00
3.134244311328125754e+00 1.972914568158182336e+00
4.126308615852866346e+00 1.972680561657598863e+00
5.117256935221355718e+00 1.972566476855726947e+00
6.124852033170575361e+00 1.972578150649406670e+00
7.365781027539064496e+00 1.972683214792525952e+00
8.367889198470052747e+00 1.972666234728991830e+00
9.363533955371096340e+00 1.972620600808242974e+00
1.035025083102213728e+01 1.972558517450945237e+00
1.136393734794922139e+01 1.972235365616805680e+00
1.232256859716797059e+01 1.972626968332068076e+00
1.357242547278646150e+01 1.972710276768784077e+00
1.457569612825521155e+01 1.972631743974937457e+00
1.557729280598958610e+01 1.972589824443086393e+00
1.658660838105469182e+01 1.972499087228574588e+00
1.759350598828125811e+01 1.972568068736682889e+00
1.859091772167969125e+01 1.972641295260675109e+00
1.959302589261067951e+01 1.972616886419344739e+00
2.083804683255208801e+01 1.972527210458803637e+00
2.186103322578125585e+01 1.972510230395268849e+00
2.281096909065755796e+01 1.972498025974603664e+00
2.382405111562500366e+01 1.972437534498261869e+00
2.482894924944661952e+01 1.972550558046163083e+00
2.582617498531901390e+01 1.972238549378718453e+00
2.684451144039714166e+01 1.972294795839176551e+00
2.810887612304687977e+01 1.972501740363501899e+00
2.911089129521484509e+01 1.972108545767283339e+00
3.012299683317057486e+01 1.972191854203998673e+00
3.114193778020833392e+01 1.972302224616972799e+00
3.217329406210937748e+01 1.972159485957886149e+00
3.316135941982421542e+01 1.972349981045663059e+00
3.416704804313150845e+01 1.972451861426869346e+00
3.519468437451172349e+01 1.972417901299800880e+00
3.623241107167969233e+01 1.972310714648739749e+00
3.748068696832682889e+01 1.972208834267533240e+00
3.849149052360026246e+01 1.972320265934477845e+00
3.949731864505208989e+01 1.972386594307659058e+00
4.050923818548177735e+01 1.972744767522838005e+00
4.152004174075521092e+01 1.972635458363835248e+00
4.252024343704427167e+01 1.972477331522171085e+00
4.354057936552734986e+01 1.972696480467162061e+00
4.450590652568359928e+01 1.972971875872610914e+00
4.551317612796224665e+01 1.972760155705416185e+00
4.651426131250000395e+01 1.972820647181757536e+00
4.751901994817708896e+01 1.972568068736683333e+00
4.854684227708333566e+01 1.973042979888661508e+00
4.954853195358072782e+01 1.972717174919594640e+00
5.053948027294921985e+01 1.972664112221049981e+00
5.155456177132162310e+01 1.972703378617973291e+00
5.256006439710286315e+01 1.972787217681673866e+00
5.357082145299480658e+01 1.973036612364835740e+00
5.453335865026042484e+01 1.973395316207000150e+00
5.553244436139323170e+01 1.973352335421178827e+00
5.653924896985676440e+01 1.973484461540556456e+00
5.754052015192058178e+01 1.973095511960220705e+00
5.854230282718099687e+01 1.973066858103006638e+00
5.955840731194662396e+01 1.973094981333235243e+00
6.056869937402343851e+01 1.973340661627499104e+00
6.157331851155600333e+01 1.973081715658599355e+00
6.257510118681641842e+01 1.972838157872277343e+00
6.357874383733724244e+01 1.972845056023088350e+00
6.459405783261716749e+01 1.972729909967245732e+00
6.554836463935548352e+01 1.972942160761425701e+00
6.655144929729816283e+01 1.973011142269534446e+00
6.754625706533202845e+01 1.972919343801051273e+00
6.856082707050779845e+01 1.972765992602256269e+00
6.956465571855470387e+01 1.972706562379885842e+00
7.057108833196615194e+01 1.972708684887827690e+00
7.157347549918620189e+01 1.972706562379885842e+00
7.257172422145181656e+01 1.972843464142131742e+00
7.356913595485025326e+01 1.972722481189449262e+00
7.457003514186197890e+01 1.972511291649239995e+00
7.558734861054688281e+01 1.972536231117556049e+00
7.654946731337891208e+01 1.972241733140631004e+00
7.755250547194010835e+01 1.972420554434727968e+00
7.855624112122396241e+01 1.972513414157181844e+00
7.955249037008464086e+01 1.972752196300634253e+00
8.056324742597655586e+01 1.972605743252650035e+00
