# User			Meike Reginka
# Sample		2020_0446_1
# State			after FC
# Profile		mere_beads_forc.txt
# Comment
# ML
# 
# Meas. type 		FORC
# angle (deg)		 0.000
# Hmin (kA/m)		-80.000
# Hmax (kA/m)		80.000
# pts./branch		161
# time/pt. (s)		 0.020
# dt (s)		 0.020
# nCycles		5
# Hstop (kA/m)		 0.000
# wait (s)		60.000
# nSched		5
# nMinorLoops		10
# nX			2
# nY			2
# dx (mm)		 0.250
# dy (mm)		 0.250
# avg. raster		no average raster
# Number			21
# ID			310335
# -----------------------------------------------
# H (kA/m) 	 I (arb.u.)
8.161366845429688510e+01 1.971791230829983421e+00
8.074901245511067316e+01 1.971859151084121242e+00
7.982627872841798933e+01 1.971766821988652829e+00
7.886899596126301049e+01 1.971606042012061355e+00
7.789120696686198642e+01 1.971699962988486154e+00
7.689914266233724049e+01 1.971696248599587920e+00
7.590972882255857712e+01 1.971776373274391148e+00
7.494040271559245525e+01 1.971884621179422981e+00
7.392029928401692018e+01 1.971688289194806432e+00
7.291842360999349637e+01 1.971695717972602457e+00
7.191343247740884692e+01 1.971429873852891923e+00
7.090211742893880853e+01 1.971260073217547815e+00
6.990052075120441089e+01 1.971381586797215979e+00
6.887460489694011301e+01 1.971477630281582183e+00
6.786654480517579202e+01 1.971474977146655094e+00
6.686518062434895171e+01 1.971709514274224251e+00
6.586125897753906600e+01 1.971741351893351313e+00
6.488193550354819195e+01 1.971849599798383146e+00
6.386564502125652609e+01 1.971743474401293161e+00
6.284851755009765384e+01 1.971745066282249326e+00
6.184961783649088574e+01 1.971692003583704667e+00
6.083653581152344003e+01 1.971655920948693907e+00
5.982847571975910483e+01 1.972028951719465129e+00
5.881139474798177957e+01 1.972210956775475088e+00
5.779635974899088069e+01 1.972227936839009876e+00
5.679704154095052360e+01 1.972175935394435031e+00
5.579046942939452691e+01 1.972102178243457793e+00
5.477492293720703742e+01 1.972121280814933986e+00
5.381373422200522327e+01 1.971895233719132223e+00
5.279442127991538314e+01 1.972061850592563337e+00
5.178087426113282277e+01 1.972409941895018948e+00
5.078239304195964365e+01 1.972505454752400134e+00
4.976745104173176770e+01 1.972087320687865075e+00
4.875195104892578968e+01 1.972290550823292854e+00
4.773445158271485411e+01 1.972399859982295389e+00
4.672625199280599162e+01 1.972291612077263556e+00
4.571279797278646129e+01 1.972143036521337267e+00
4.470385439277343664e+01 1.972167975989653543e+00
4.371225508206380539e+01 1.972241733140631004e+00
4.271865629794922370e+01 1.972256060069238259e+00
4.171157269319661509e+01 1.972262958220049045e+00
4.069737468307292261e+01 1.972256060069238259e+00
3.968568763955078538e+01 1.972224753077096437e+00
3.868078950572916597e+01 1.972484760299967776e+00
3.740461398017578176e+01 1.972383410545746507e+00
3.639627489212239198e+01 1.972391900577513901e+00
3.537505547539062434e+01 1.972452392053855252e+00
3.437443528466797460e+01 1.971911152528695643e+00
3.336121376155598739e+01 1.971711636782166099e+00
3.238691222076823095e+01 1.971836864750732277e+00
3.136443732073568214e+01 1.971851191679339754e+00
3.036056217330729012e+01 1.972036380497261820e+00
2.933659929306640635e+01 1.971883029298466816e+00
2.807902352011718961e+01 1.971627797718465080e+00
2.705250317389323556e+01 1.971520080440418488e+00
2.603416671881510780e+01 1.971341789773306985e+00
2.503694098294271342e+01 1.971313135916092696e+00
2.401232711136067977e+01 1.971480814043495178e+00
2.299715261422526424e+01 1.971793883964910954e+00
2.200643679176432599e+01 1.971628328345450321e+00
2.072551832929688231e+01 1.971471793384742544e+00
1.970834435875651991e+01 1.971334360995510737e+00
1.868805492965495318e+01 1.971185785439584670e+00
1.768427278098958766e+01 1.971303054003369359e+00
1.666654081787109476e+01 1.971576326900876586e+00
1.564439141350911910e+01 1.972110668275224743e+00
1.462665945039062798e+01 1.971926010084288139e+00
1.337419860940755534e+01 1.972189201069071807e+00
1.235995409990234606e+01 1.972282060791525460e+00
1.138332759003906425e+01 1.972416309418844493e+00
1.038238190364583602e+01 1.972045931783000361e+00
9.371578348372398892e+00 1.971762576972769354e+00
8.366494217024742497e+00 1.971860212338092389e+00
7.110406424283856275e+00 1.971842701647572360e+00
6.097603395605470489e+00 1.971736045623496913e+00
5.074338006087241837e+00 1.971745596909235010e+00
4.076833273925781320e+00 1.972093157584705159e+00
3.067471199479167243e+00 1.971702085496428003e+00
2.062015073079427552e+00 1.971903193123913711e+00
8.360588795572919674e-01 1.971798128980794651e+00
-1.833005619140625209e-01 1.971650614678839508e+00
-1.194662109765625146e+00 1.971979603409818482e+00
-2.198723254720053255e+00 1.972031604854392661e+00
-3.208968817415365216e+00 1.971698901734515452e+00
-4.222190340527344432e+00 1.971806619012562045e+00
-5.478743127083333775e+00 1.972006134759091145e+00
-6.486338225032553417e+00 1.971963153973270044e+00
-7.500489735774741540e+00 1.971643185901043260e+00
-8.501574920312505057e+00 1.971734453742540527e+00
-9.512843469401046193e+00 1.971540774892851067e+00
-1.072680282249349304e+01 1.971731800607613216e+00
-1.174048933942057715e+01 1.971563591853225494e+00
-1.274110953014323222e+01 1.971318972812932557e+00
-1.375786500625000386e+01 1.971404934384575869e+00
-1.475583473222656750e+01 1.970956554581869913e+00
-1.575640842356771287e+01 1.970712466168563104e+00
-1.678469574628906713e+01 1.970382416183612762e+00
-1.803399462932943109e+01 1.969411899427223833e+00
-1.904716965305989973e+01 1.968783106449464526e+00
-2.004351190068359756e+01 1.967942062677525472e+00
-2.101460498414714095e+01 1.967115345834193008e+00
-2.202154909075521516e+01 1.966399530030820131e+00
-2.303453811695963793e+01 1.965540444941376030e+00
-2.428137253277995455e+01 1.964291879644610717e+00
-2.529952299033203289e+01 1.963615860865147056e+00
-2.630995455055338539e+01 1.962807715966305544e+00
-2.732917449388020970e+01 1.962182106750459898e+00
-2.834537197740885617e+01 1.960965909699806886e+00
-2.935329257102864631e+01 1.960366831833233237e+00
-3.036623509785157182e+01 1.959808081617553599e+00
-3.134839503411458850e+01 1.959086428917340861e+00
-3.261113223841145015e+01 1.958312244145568704e+00
-3.365481085641275882e+01 1.957610224643817620e+00
-3.467691376139323012e+01 1.956812692284685573e+00
-3.568195139335937682e+01 1.956281004045264060e+00
-3.668764001666666985e+01 1.955980669171498931e+00
-3.771839180660807500e+01 1.955644251662723265e+00
-3.871645453134765802e+01 1.955188443082221283e+00
-3.972902506311849180e+01 1.954840351779766117e+00
-4.072955225507811861e+01 1.954335194889616822e+00
-4.175193415634765870e+01 1.953883100698012854e+00
-4.296352204098307226e+01 1.953754688967533681e+00
-4.397265161852214277e+01 1.952875440052642020e+00
-4.498387366822917244e+01 1.952459428496049032e+00
-4.598514485029296139e+01 1.951939414050307464e+00
-4.699487891979166676e+01 1.951606710930429589e+00
-4.800419449485676893e+01 1.950954570365310836e+00
-4.902745988437500557e+01 1.950811301079239390e+00
-5.002170965983074069e+01 1.950555008245266508e+00
-5.102725878499349221e+01 1.950069484553579535e+00
-5.203615586562500539e+01 1.950178263085597052e+00
-5.299873956227213512e+01 1.949638084814408145e+00
-5.400596266516926391e+01 1.949469876060020868e+00
-5.501109329589844776e+01 1.949114886606754027e+00
-5.602082736539713892e+01 1.949172724948168511e+00
-5.702344702952474620e+01 1.948576830843507413e+00
-5.803020513860676743e+01 1.948468052311490339e+00
-5.904152018707682714e+01 1.948415520239930920e+00
-6.027886872906901772e+01 1.948541809462467800e+00
-6.130292460807291377e+01 1.948316292993651277e+00
-6.131682792314452968e+01 1.948324252398433210e+00
-6.045035844807944159e+01 1.948069020818431474e+00
-5.930531117838540922e+01 1.948226617033110175e+00
-5.837151059889323790e+01 1.948217065747372079e+00
-5.743580354475912486e+01 1.948149676120219498e+00
-5.649168010257162109e+01 1.948122083516976577e+00
-5.554062825253907221e+01 1.948122083516976577e+00
-5.458929740621745452e+01 1.948109348469325486e+00
-5.363215413720703850e+01 1.948150737374190200e+00
-5.270463097421875887e+01 1.948109879096310948e+00
-5.175674108212891156e+01 1.948145431104335801e+00
-5.077797560071614669e+01 1.948167186810739526e+00
-4.982273880634765817e+01 1.948353967509618201e+00
-4.885327320123698058e+01 1.947865260056018233e+00
-4.786590533424479332e+01 1.947985181754730455e+00
-4.688574487138671998e+01 1.948072735207329487e+00
-4.591618626751302656e+01 1.948100858437558536e+00
-4.492509845000000723e+01 1.948260577160179086e+00
-4.395042491416015906e+01 1.948275434715771581e+00
-4.271949328681640878e+01 1.948412336478017481e+00
-4.175690959016927195e+01 1.948322129890491361e+00
-4.078284054628906574e+01 1.948274373461800657e+00
-3.979254321826172713e+01 1.948240943961717209e+00
-3.880484985559896671e+01 1.948361926914400133e+00
-3.781125107148437792e+01 1.948622464764256712e+00
-3.681207236158854101e+01 1.948346538731821953e+00
-3.581294015107422268e+01 1.948452664128912382e+00
-3.482017835582683318e+01 1.948516339367166283e+00
-3.382462659768880542e+01 1.948367233184254532e+00
-3.258016365032552386e+01 1.948780591605920209e+00
-3.156498915319010834e+01 1.948308333588869345e+00
-3.061058934768880846e+01 1.948070082072402176e+00
-2.962005952275390541e+01 1.948253148382382838e+00
-2.861083694645182263e+01 1.948485032375024462e+00
-2.761077474830729628e+01 1.948394825787497897e+00
-2.659825071591796686e+01 1.949015659360475272e+00
-2.559600304684245486e+01 1.949184929368834140e+00
-2.435061011184896174e+01 1.949037945693864238e+00
-2.333571461100260791e+01 1.949350484988294330e+00
-2.232858450686849494e+01 1.949464039163180562e+00
-2.130638860312500071e+01 1.949096845289248980e+00
-2.033385403883464093e+01 1.948790142891658750e+00
-1.931909803613281795e+01 1.949422119631330164e+00
-1.805487285162760713e+01 1.948985944249289837e+00
-1.703914036191406822e+01 1.949461386028253473e+00
-1.600643559794922055e+01 1.949356321885134413e+00
-1.500758238372396036e+01 1.949363750662930661e+00
-1.400528821526692980e+01 1.949722985132080311e+00
-1.298867223730469078e+01 1.949837600560937689e+00
-1.197679919625651479e+01 1.950138996688673743e+00
-1.071778194248047100e+01 1.950414392094122595e+00
-9.744642886230472811e+00 1.951290987874086724e+00
-8.744534188704429667e+00 1.951783409716584705e+00
-7.733498136523440536e+00 1.952122480360287682e+00
-6.730831973014324454e+00 1.953059036989607922e+00
-5.481765586881511609e+00 1.954092167730280494e+00
-4.461150662109377052e+00 1.954936395264132321e+00
-3.449370619824219553e+00 1.955975362901644532e+00
-2.445820968066406920e+00 1.957008493642316882e+00
-1.437900374446615004e+00 1.957591652699326890e+00
-4.188199292643229876e-01 1.958618946543158934e+00
8.364308746093751523e-01 1.959582565148737077e+00
1.811150909830729461e+00 1.960236297594812216e+00
2.818234514583334072e+00 1.960698473699139743e+00
3.822853652115886902e+00 1.961546946248875489e+00
4.825426816861980939e+00 1.961973039718192258e+00
5.841484802246094787e+00 1.962251618885553883e+00
7.099851064680990476e+00 1.962727591291502538e+00
8.110143126757813903e+00 1.963328261039032574e+00
9.110530820572918742e+00 1.964015422985190940e+00
1.012059038574219016e+01 1.964263225787396427e+00
1.113534638844401314e+01 1.964705238066276838e+00
1.209351264384765834e+01 1.965176434829357000e+00
1.335690083948567874e+01 1.966306139681381016e+00
1.436231046650390830e+01 1.967156734739058166e+00
1.537381151250000499e+01 1.967717607462679652e+00
1.638545205664062721e+01 1.968440321416863314e+00
1.739207066757812825e+01 1.969311610926973266e+00
1.840017725872396070e+01 1.970117633317872929e+00
1.940758635914714247e+01 1.970876429907066907e+00
2.065828022363281846e+01 1.971338606011394434e+00
2.167740716819661984e+01 1.971634165242290182e+00
2.265077872135417536e+01 1.971653798440752059e+00
2.364493549804687689e+01 1.971734984369525989e+00
2.466136547848307714e+01 1.972063973100505185e+00
2.565677773847656340e+01 1.971876131147655586e+00
2.667269622571614107e+01 1.971874008639714182e+00
2.794705827539063137e+01 1.971796006472852802e+00
2.896860318779297572e+01 1.971731800607613216e+00
2.997219933893229182e+01 1.972059728084621488e+00
3.100792656269531022e+01 1.971776373274391148e+00
3.201607965322265414e+01 1.971833150361834264e+00
3.301284039527994452e+01 1.971835803496761130e+00
3.402522492952473954e+01 1.971759923837842043e+00
3.505941767369792217e+01 1.971740290639380166e+00
3.608440354033203334e+01 1.971791230829983421e+00
3.733156345182290892e+01 1.971851722306324994e+00
3.835236437412108756e+01 1.971632042734348778e+00
3.937614125683593613e+01 1.971689350448777134e+00
4.037801693085937416e+01 1.971744005028278401e+00
4.138854148984375314e+01 1.971638940885159563e+00
4.239436961129557346e+01 1.971578449408817990e+00
4.341782099833984176e+01 1.971460119591062599e+00
4.437947470735677058e+01 1.971485059059378431e+00
4.538851128613281816e+01 1.971641594020086430e+00
4.640252329873047188e+01 1.971676615401126043e+00
4.740760743007813005e+01 1.971727555591729741e+00
4.842822235485026994e+01 1.971404403757590407e+00
4.943549195712890310e+01 1.971413955043328059e+00
5.044443553714194195e+01 1.971357708582870849e+00
5.144807818766275886e+01 1.971622491448610237e+00
5.246343868232421670e+01 1.971437302630688171e+00
5.347335874934896083e+01 1.971650084051853824e+00
5.444826478209636633e+01 1.971520611067403950e+00
5.544381654023437989e+01 1.971178887288773884e+00
5.645573608066405313e+01 1.971244685034969635e+00
5.745254332210286208e+01 1.971118395812432311e+00
5.845804594788411634e+01 1.971381056170230295e+00
5.947559191347656338e+01 1.971419261313182902e+00
6.048672096442058432e+01 1.971359300463827013e+00
6.148492318730468753e+01 1.971263256979460365e+00
6.248517138297526685e+01 1.971247338169896723e+00
6.350671629537761476e+01 1.971208071772973414e+00
6.452314627581380080e+01 1.971303054003369359e+00
6.548800844215496397e+01 1.971306237765282354e+00
6.648132822998046265e+01 1.971415546924284889e+00
6.749338726855469872e+01 1.971355055447943316e+00
6.850302833929036694e+01 1.971528039845200198e+00
6.949983558072915457e+01 1.971301462122412973e+00
7.051542857229817685e+01 1.971417669432226294e+00
7.152623212757161753e+01 1.971459058337091896e+00
7.252880529231769913e+01 1.971773720139463837e+00
7.353370342613932564e+01 1.971365667987652559e+00
7.454041503583984252e+01 1.971421383821124529e+00
7.554535966904296629e+01 1.971754086941001960e+00
7.650947784527993178e+01 1.971641063393101412e+00
7.751260900260416520e+01 1.971611348281915754e+00
7.851397318343100551e+01 1.971333299741540035e+00
7.952598572262371590e+01 1.971727024964744279e+00
8.053581279088541578e+01 1.971431465733848087e+00
