# User			Meike Reginka
# Sample		2020_0446_1
# State			after FC
# Profile		mere_beads_forc.txt
# Comment
# ML
# 
# Meas. type 		FORC
# angle (deg)		 0.000
# Hmin (kA/m)		-80.000
# Hmax (kA/m)		80.000
# pts./branch		161
# time/pt. (s)		 0.020
# dt (s)		 0.020
# nCycles		5
# Hstop (kA/m)		 0.000
# wait (s)		60.000
# nSched		5
# nMinorLoops		10
# nX			2
# nY			2
# dx (mm)		 0.250
# dy (mm)		 0.250
# avg. raster		no average raster
# Number			46
# ID			310360
# -----------------------------------------------
# H (kA/m) 	 I (arb.u.)
8.157465547320964561e+01 1.972065564981461350e+00
8.069800263359374526e+01 1.972490597196807416e+00
7.977410642236330318e+01 1.972642887141631718e+00
7.882533304202473801e+01 1.972278346402627225e+00
7.785689042330727716e+01 1.971971644005036772e+00
7.685589823753255700e+01 1.972280999537554536e+00
7.587685375983072333e+01 1.971955725195473352e+00
7.489376383593751996e+01 1.972009849147989158e+00
7.388258828561197333e+01 1.971768413869609438e+00
7.288108460664064125e+01 1.971885682433393683e+00
7.187130403776042442e+01 1.971802373996678348e+00
7.087161383466798270e+01 1.971834742242790428e+00
6.985071991360676691e+01 1.971893641838175615e+00
6.883731239296874094e+01 1.972085198179923227e+00
6.783069378203126121e+01 1.972026829211523724e+00
6.681789075335287009e+01 1.971940337012895172e+00
6.581643357376300685e+01 1.972040094886160055e+00
6.484622397854819553e+01 1.972071932505286895e+00
6.382016862613932062e+01 1.971947235163705958e+00
6.282526785934246050e+01 1.971817231552270844e+00
6.181827725335286061e+01 1.971879845536553821e+00
6.080124278095703971e+01 1.971844293528528524e+00
5.978750976464844058e+01 1.971703677377384167e+00
5.877582272112630335e+01 1.971788577695056777e+00
5.776939010771484817e+01 1.971897886854059312e+00
5.676439897513021293e+01 1.972042217394101904e+00
5.575261893284505277e+01 1.972010379774974842e+00
5.474627931819662052e+01 1.971905315631855338e+00
5.378350962402344493e+01 1.971757801329900417e+00
5.276373168811849723e+01 1.971775312020420223e+00
5.175060316376953296e+01 1.972007726640047309e+00
5.075100595944011417e+01 1.972018869806742236e+00
4.974229487633463975e+01 1.971976419647905931e+00
4.872567889837240074e+01 1.971931316354142538e+00
4.771348036165365158e+01 1.971892580584204913e+00
4.669807336761067518e+01 1.971781679544245769e+00
4.569261724121093948e+01 1.972026298584538040e+00
4.468134869212239835e+01 1.971962092719298898e+00
4.368956338388672123e+01 1.971978011528862318e+00
4.269224464925130036e+01 1.971704738631355314e+00
4.169008997893880064e+01 1.971582163797716225e+00
4.067635696263020861e+01 1.971659104710606458e+00
3.965853200074869989e+01 1.971645839035970127e+00
3.865656332796223893e+01 1.971541836146821769e+00
3.738940868242186610e+01 1.971623552702581383e+00
3.637232771064453374e+01 1.971718004305991645e+00
3.536245414300130108e+01 1.971875069893684884e+00
3.435825349990234656e+01 1.971501508495927757e+00
3.334563646875000842e+01 1.971788577695056333e+00
3.237751934570312784e+01 1.972080422537054289e+00
3.135169649020182447e+01 1.971878253655597213e+00
3.034419439101563043e+01 1.971730739353642292e+00
2.932506744645182550e+01 1.971863926726990401e+00
2.807176961660157133e+01 1.971810864028445298e+00
2.704962021223958857e+01 1.971863926726990179e+00
2.603188824912109567e+01 1.971849599798383368e+00
2.501922471858724251e+01 1.972010379774974842e+00
2.400618919300130827e+01 1.971774250766449299e+00
2.295083923024088790e+01 1.971986501560629712e+00
2.198755804287110038e+01 1.971968990870109684e+00
2.071221950618490482e+01 1.971949888298633269e+00
1.968872161975911794e+01 1.971707391766282846e+00
1.868084752552083927e+01 1.972059197457636248e+00
1.767078796035156785e+01 1.972013032909902153e+00
1.665705494404297227e+01 1.971862334846034237e+00
1.563648651865234562e+01 1.971964745854226209e+00
1.462419498317057709e+01 1.972071401878301877e+00
1.337554709147135590e+01 1.972138791505454014e+00
1.235153771184896065e+01 1.972339899132939500e+00
1.138565255911458429e+01 1.971940337012895172e+00
1.037187304342448080e+01 1.971732861861584141e+00
9.361255485677084209e+00 1.971758331956885657e+00
8.362960264029949187e+00 1.972059728084621488e+00
7.110452923665366853e+00 1.971672901012228252e+00
6.097045403027344435e+00 1.971812986536387147e+00
5.078894945475262546e+00 1.971900009362001160e+00
4.074926799283854706e+00 1.971660696591562845e+00
3.076817575162760665e+00 1.971602327623163120e+00
2.071221950618490126e+00 1.971690411702748058e+00
8.427082911132814935e-01 1.971874008639714182e+00
-1.822775755208333737e-01 1.971756209448944253e+00
-1.183641756347656671e+00 1.971851722306325216e+00
-2.199885739257813277e+00 1.971791761456969105e+00
-3.191392051204427815e+00 1.971747188790191174e+00
-4.205683060091146785e+00 1.971800782115721518e+00
-5.470326739029949259e+00 1.971919642560462593e+00
-6.467784971809897421e+00 1.972230589973936965e+00
-7.477612040071616839e+00 1.971896294973102703e+00
-8.485765130598961647e+00 1.972107484513312192e+00
-9.498800656184899438e+00 1.971983317798716939e+00
-1.070001917874349218e+01 1.971792822710940030e+00
-1.171152022473958532e+01 1.971747719417176414e+00
-1.272255627692057445e+01 1.971673431639213492e+00
-1.372117699423828441e+01 1.971628858972435783e+00
-1.473611899446614792e+01 1.971010147907400256e+00
-1.574264460664063137e+01 1.970649321557294220e+00
-1.675293666871744946e+01 1.970160083476709012e+00
-1.798958771998698225e+01 1.969495738490924630e+00
-1.900666869176432883e+01 1.968734819393788804e+00
-2.001314780455729903e+01 1.967920306971121747e+00
-2.097810296966146382e+01 1.967013465452986942e+00
-2.199392845813802566e+01 1.966352834856100351e+00
-2.299506014205729443e+01 1.965603589552644470e+00
-2.425291491129557642e+01 1.964203795565026001e+00
-2.526250948264974383e+01 1.963174909840237348e+00
-2.627470801936849654e+01 1.962711672481939118e+00
-2.727942015566406653e+01 1.962023449281810050e+00
-2.830138356249999632e+01 1.961368655581763765e+00
-2.930637469508463511e+01 1.960948399009287080e+00
-3.031736424788411455e+01 1.960459160928701650e+00
-3.130956805055339132e+01 1.959705670609361849e+00
-3.257397923258463379e+01 1.958780257146736092e+00
-3.359129270126953060e+01 1.958363714963157198e+00
-3.462069600914713163e+01 1.957666471104275274e+00
-3.564568187578125702e+01 1.957335359865354452e+00
-3.565981768776041605e+01 1.956920409562732166e+00
-3.477618994091797333e+01 1.957022289943938453e+00
-3.384317985091146141e+01 1.957283358420780051e+00
-3.290747279677734127e+01 1.957342258016165237e+00
-3.172039008619791645e+01 1.957427688960822865e+00
-3.080728173147786109e+01 1.957488711064149456e+00
-2.985502089752604604e+01 1.957888803811179246e+00
-2.889532016253255620e+01 1.958052236922698031e+00
-2.792892351660156791e+01 1.958089380811679492e+00
-2.695964390901692909e+01 1.957786923429972736e+00
-2.599352625937500605e+01 1.957817699795128874e+00
-2.501620225878906467e+01 1.957891987573091797e+00
-2.378838609000651516e+01 1.958167913605525889e+00
-2.281171308076172011e+01 1.958513882400039652e+00
-2.183155261790364676e+01 1.958683683035383982e+00
-2.082763097109375394e+01 1.958622130305072151e+00
-1.989755034212240048e+01 1.958818992916673940e+00
-1.890004560996094440e+01 1.958986140417090738e+00
-1.767143895169271417e+01 1.959397376330815010e+00
-1.668369908964844228e+01 1.959692935561711202e+00
-1.568475287666015916e+01 1.959750243276139559e+00
-1.468799213460286879e+01 1.959874409990735034e+00
-1.370020577317708721e+01 1.960012373006952302e+00
-1.270558400266927279e+01 1.960357280547494696e+00
-1.170831176741536872e+01 1.960645411000594862e+00
-1.045678091406250232e+01 1.960896928191698141e+00
-9.511355489192709456e+00 1.961452494645465228e+00
-8.512688272493491581e+00 1.961424902042221419e+00
-7.511091594759115253e+00 1.961875934979854463e+00
-6.518236800748700155e+00 1.962373132465221603e+00
-5.278470290917970154e+00 1.962558851910130020e+00
-4.266271754199219224e+00 1.963021028014456881e+00
-3.271696483072917605e+00 1.963312342229469154e+00
-2.264566378938802860e+00 1.963347894237494673e+00
-1.267852136263020846e+00 1.964182039858622719e+00
-2.525846403645833349e-01 1.964394821279788150e+00
9.750920302734377154e-01 1.964785893368065306e+00
1.975758720377604583e+00 1.965151495361040723e+00
2.971728972949219560e+00 1.965812125957926426e+00
3.971698172330730081e+00 1.966083276347491804e+00
4.973201851302085252e+00 1.966255199490777761e+00
5.979866961621095101e+00 1.966647863460011081e+00
7.238698217871095686e+00 1.967313800326751849e+00
8.242294369010419786e+00 1.967900673772660092e+00
9.241287081380210822e+00 1.968166517892370848e+00
1.024260476282552190e+01 1.968634530893538459e+00
1.125364081500651281e+01 1.969024541727844912e+00
1.221143507535807515e+01 1.969444267673336135e+00
1.347194030934245035e+01 1.969850197317205787e+00
1.447135151614583748e+01 1.970256657588061122e+00
1.548248056708984599e+01 1.970703445509810026e+00
1.649928254257812910e+01 1.971054189947192725e+00
1.749283482731120287e+01 1.971113620169563152e+00
1.850163890917969312e+01 1.971408118146488420e+00
1.950397957701823159e+01 1.971316319678005691e+00
2.076043936481120156e+01 1.971236725630187925e+00
2.177003393616536897e+01 1.970899777494427019e+00
2.273801156106771515e+01 1.971512651662622240e+00
2.373905024622396454e+01 1.971477630281582627e+00
2.473920544313151382e+01 1.972046993036971063e+00
2.575163647675781320e+01 1.971774250766449299e+00
2.676899644482422502e+01 1.971981195290774869e+00
2.803475610891927161e+01 1.971998175354309213e+00
2.905086059368490226e+01 1.971993399711440276e+00
3.005617722194010355e+01 1.972051768679840000e+00
3.107972160774739478e+01 1.972062911846534483e+00
3.210470747438150596e+01 1.972223161196140273e+00
3.308026449847005068e+01 1.972392431204499363e+00
3.409757796715495459e+01 1.972187609188114976e+00
3.512656278059895953e+01 1.972223691823125735e+00
3.616019753219401167e+01 1.972279938283583611e+00
3.741563433359375068e+01 1.972177527275391640e+00
3.843215731279297387e+01 1.972556394943003388e+00
3.944463484580078472e+01 1.972536231117556271e+00
4.045120695735677430e+01 1.972509699768283831e+00
4.146005753860677601e+01 1.972031604854392883e+00
4.246574616191406903e+01 1.972023114822625489e+00
4.348519860214844357e+01 1.971887804941335531e+00
4.444294636311849445e+01 1.971745596909235010e+00
4.545407541406250829e+01 1.971783271425201933e+00
4.646659944645182350e+01 1.971785924560129022e+00
4.746591765449219480e+01 1.971820945941169079e+00
4.848006916523437582e+01 1.971338075384408972e+00
4.949622014938151437e+01 1.971203826757090161e+00
5.049046992483724239e+01 1.971357177955885165e+00
5.149629804628905561e+01 1.971357708582870849e+00
5.251244903043620127e+01 1.971576326900876142e+00
5.352343858323568071e+01 1.971264848860416752e+00
5.448969573102214525e+01 1.971585878186614238e+00
5.549371037659506101e+01 1.971551387432560309e+00
5.649209859700520298e+01 1.971673962266199176e+00
5.749606674319662147e+01 1.971566244988152583e+00
5.849347847659505817e+01 1.971670247877300941e+00
5.951716236054687670e+01 1.971418730686197440e+00
6.052880290468750957e+01 1.971521672321374652e+00
6.152379667024740684e+01 1.971734453742540527e+00
6.252557934550781482e+01 1.971819884687197932e+00
6.353029148180338836e+01 1.971894172465161077e+00
6.455160389729817894e+01 1.971616123924785136e+00
6.551558257539062424e+01 1.971848007917426759e+00
6.651266881311849488e+01 1.971684574805907975e+00
6.751975241787110349e+01 1.971841109766615974e+00
6.852004711292316586e+01 1.971851722306325216e+00
6.952415475725911165e+01 1.971564122480210957e+00
7.053677178841145690e+01 1.971793353337925714e+00
7.154069343522135682e+01 1.971961031465327752e+00
7.253805866923826784e+01 1.971631512107363093e+00
7.354588626409505991e+01 1.971901070615971863e+00
7.454539046966146998e+01 1.971582163797716225e+00
7.555633352307943085e+01 1.971874539266699422e+00
7.652770560283202883e+01 1.971667594742373630e+00
7.752962777623699253e+01 1.971629920226406929e+00
7.851890211787110729e+01 1.971777965155347534e+00
7.952528823190104390e+01 1.971746658163206156e+00
8.054292719625651387e+01 1.972168506616639228e+00
