# User			Meike Reginka
# Sample		2020_0446_1
# State			after FC
# Profile		mere_beads_forc.txt
# Comment
# ML
# 
# Meas. type 		FORC
# angle (deg)		 0.000
# Hmin (kA/m)		-80.000
# Hmax (kA/m)		80.000
# pts./branch		161
# time/pt. (s)		 0.020
# dt (s)		 0.020
# nCycles		5
# Hstop (kA/m)		 0.000
# wait (s)		60.000
# nSched		5
# nMinorLoops		10
# nX			2
# nY			2
# dx (mm)		 0.250
# dy (mm)		 0.250
# avg. raster		no average raster
# Number			1
# ID			310315
# -----------------------------------------------
# H (kA/m) 	 I (arb.u.)
8.161422644687500849e+01 1.972330347847201182e+00
8.074208404726562094e+01 1.972353164807575610e+00
7.981809483727214172e+01 1.972467249609447748e+00
7.887797034189455303e+01 1.972362185466328688e+00
7.790097183697915284e+01 1.972602559490737484e+00
7.691825390813802699e+01 1.972901833110531689e+00
7.592219065680336598e+01 1.972528802339760023e+00
7.495616600592448719e+01 1.972574966887494119e+00
7.394071251249999932e+01 1.972728848713274807e+00
7.294130130569661219e+01 1.972663050967078835e+00
7.191887290504557484e+01 1.972449738918927942e+00
7.091871770813803266e+01 1.972718766800551027e+00
6.990475219492186909e+01 1.972539414879468822e+00
6.889697109944661690e+01 1.972779258276892378e+00
6.788165710416666343e+01 1.972676316641715166e+00
6.687866544498699284e+01 1.972659336578180600e+00
6.586614141259764210e+01 1.972582926292275607e+00
6.489797779016929269e+01 1.972556394943003388e+00
6.388010632890625828e+01 1.972621662062213677e+00
6.286911677610677884e+01 1.972331939728158012e+00
6.186854308476562636e+01 1.972486882807908959e+00
6.085476356907553708e+01 1.972235896243791364e+00
5.984014706451824139e+01 1.972395614966411914e+00
5.882167111129557924e+01 1.972249161918427696e+00
5.781807496015624537e+01 1.972318143426535997e+00
5.680238896982422148e+01 1.972461943339593127e+00
5.579000443557941935e+01 1.972848239785000901e+00
5.478998873681641157e+01 1.972798891475354255e+00
5.382173211562500370e+01 1.972530394220716410e+00
5.280553463209636789e+01 1.972555864316017704e+00
5.179184811516927311e+01 1.972654030308326201e+00
5.078839146217448075e+01 1.972858321697724238e+00
4.978130785742188635e+01 1.972695419213191359e+00
4.877106229472656906e+01 1.972580273157348518e+00
4.774045000292969121e+01 1.972337776624997652e+00
4.674071330045573092e+01 1.972278877029612687e+00
4.573209521611328654e+01 1.972245978156514923e+00
4.472649959156900934e+01 1.972183364172231279e+00
4.372174095589193143e+01 1.972280999537554314e+00
4.273562857220052535e+01 1.972298510228074342e+00
4.172250004785156818e+01 1.972117566426035751e+00
4.071490494990234765e+01 1.972154179688031750e+00
3.969647549606119696e+01 1.972262958220049045e+00
3.869343733750000069e+01 1.972483168419011168e+00
3.741619232617188118e+01 1.972313367783666838e+00
3.640743474368489530e+01 1.972400390609280851e+00
3.539295773727213401e+01 1.972406227506120935e+00
3.438745511149088685e+01 1.972376512394935721e+00
3.337525657477213059e+01 1.972492189077763802e+00
3.240337300182291358e+01 1.972649254665457041e+00
3.138424605725912286e+01 1.972561701212857344e+00
3.037111753291016214e+01 1.972492189077763802e+00
2.935296707535807315e+01 1.972469902744374837e+00
2.809999474117838858e+01 1.972495903466661815e+00
2.706663898587239814e+01 1.972414186910902645e+00
2.605667241946615320e+01 1.972453983934811195e+00
2.504126542542318035e+01 1.972505454752400134e+00
2.403599529654948341e+01 1.972377573648906424e+00
2.302602873014323848e+01 1.972274632013728768e+00
2.205335466770834074e+01 1.972479984657098173e+00
2.074732653922526993e+01 1.972352103553604907e+00
1.973508150312500575e+01 1.972407288760091637e+00
1.871251360432943400e+01 1.972521373561963332e+00
1.770254703792318196e+01 1.972370144871110176e+00
1.668393158655599606e+01 1.972519781681007389e+00
1.566503713889974314e+01 1.972732032475187358e+00
1.465042063434245101e+01 1.972620600808242530e+00
1.338238250055338519e+01 1.972379165529862810e+00
1.237092795393880529e+01 1.972451330799884106e+00
1.140727477151693137e+01 1.972206181132605707e+00
1.039163528056641006e+01 1.972205119878635449e+00
9.386644147981773045e+00 1.972339899132939500e+00
8.372306639713542609e+00 1.972196099219882370e+00
7.127936691113283096e+00 1.972371206125080878e+00
6.107182268196616803e+00 1.972353695434561294e+00
5.090240794563803739e+00 1.972321857815434232e+00
4.088225622395834868e+00 1.972329817220215720e+00
3.087698430436198738e+00 1.972359532331400933e+00
2.074988400520834109e+00 1.972259243831151032e+00
8.451262589518231394e-01 1.972695949840177043e+00
-1.811150909830729350e-01 1.972628029586039222e+00
-1.187129209960937848e+00 1.972906078126415386e+00
-2.194956804817708829e+00 1.972626437705082614e+00
-3.193856518424480040e+00 1.972612641403461042e+00
-4.217121907942710024e+00 1.972481045911069319e+00
-5.481300593066407600e+00 1.972545251776308906e+00
-6.476015362337240511e+00 1.972691704824293346e+00
-7.489050887923179189e+00 1.972308061513812438e+00
-8.498645459277346603e+00 1.972472025252316685e+00
-9.500753630208334855e+00 1.972270386997845293e+00
-1.071406199195963715e+01 1.972510761022254533e+00
-1.173030597486979332e+01 1.972825422824626918e+00
-1.274459698375651584e+01 1.972452392053855252e+00
-1.374014874189453650e+01 1.972244916902543999e+00
-1.474811583489583633e+01 1.971747188790191174e+00
-1.576710328131511041e+01 1.971165621614137109e+00
-1.677883682421875378e+01 1.971575265646904995e+00
-1.802669422643229424e+01 1.970470500263197255e+00
-1.904112473346354761e+01 1.969919178825314310e+00
-2.004951032089844531e+01 1.968916293822812635e+00
-2.100953655156250477e+01 1.968230723757610434e+00
-2.202982598066406794e+01 1.967227838755108538e+00
-2.303477061386719171e+01 1.966610188944044157e+00
-2.428551097773437562e+01 1.965246477591436225e+00
-2.530375443404948044e+01 1.964694094899582133e+00
-2.631581347262370230e+01 1.963742680714669619e+00
-2.734042734420573595e+01 1.962973271585766399e+00
-2.835127739886067388e+01 1.961874873725883761e+00
-2.935236258339843474e+01 1.961222202533779324e+00
-3.037474448466797483e+01 1.960647002881551249e+00
-3.136099636650391176e+01 1.959788979046077628e+00
-3.264451879433593007e+01 1.959052468790272172e+00
-3.367220162509764947e+01 1.958319672923364951e+00
-3.467175233004557100e+01 1.958025174946439684e+00
-3.569013528450521022e+01 1.957052535682109129e+00
-3.669512641708984546e+01 1.956572318260276777e+00
-3.771681082763672066e+01 1.955983322306426464e+00
-3.871152559690755623e+01 1.955783806559896920e+00
-3.973720895426432520e+01 1.955221341955319048e+00
-4.074866350087890510e+01 1.954811697922551605e+00
-4.174700522190755692e+01 1.954418503326332601e+00
-4.297365890615234463e+01 1.953894774491693020e+00
-4.398055651337890737e+01 1.953392801363456499e+00
-4.498517565091145798e+01 1.952910461433681633e+00
-4.599853667216797248e+01 1.952635066028233002e+00
-4.699883136722005617e+01 1.952023783740993723e+00
-4.801093690517578239e+01 1.951619976605065920e+00
-4.903141233180339498e+01 1.951324948001155413e+00
-5.002863806767578581e+01 1.950951386603398507e+00
-5.104362656728517322e+01 1.950912120206474754e+00
-5.204317727223307344e+01 1.950887180738158921e+00
-5.301096889960938796e+01 1.950486557364143669e+00
-5.402298143880208414e+01 1.950044014458278019e+00
-5.502746107819010746e+01 1.949855111251457718e+00
-5.603049923675130373e+01 1.949858825640355953e+00
-5.704111679449870564e+01 1.949539388195114631e+00
-5.803829603098959211e+01 1.949495346155322384e+00
-5.905956194710286411e+01 1.949089947138438195e+00
-6.031146479550782402e+01 1.948944555344424678e+00
-6.131924589098307621e+01 1.948858063145796571e+00
-6.231930808912760966e+01 1.948804469820265339e+00
-6.331523184231770074e+01 1.948748223359808129e+00
-6.429157935589192618e+01 1.948507849335398889e+00
-6.530284790498045311e+01 1.948388458263672351e+00
-6.630258460745443472e+01 1.948647404232572544e+00
-6.731510863984374282e+01 1.948438337200304904e+00
-6.831461284541016710e+01 1.948256862771280851e+00
-6.932950834625650316e+01 1.948145431104336245e+00
-7.033459247760417554e+01 1.948236698945833512e+00
-7.134176908111977866e+01 1.948232984556935721e+00
-7.233787883183593692e+01 1.948425602152654257e+00
-7.334756640195313082e+01 1.948351845001676352e+00
-7.430387268209636886e+01 1.948204861326706894e+00
-7.531425774293619213e+01 1.948251025874440989e+00
-7.631962087057290489e+01 1.948213881985459084e+00
-7.731512612932942830e+01 1.948322129890491361e+00
-7.832472070068359926e+01 1.947966079183254040e+00
-7.932557338831378502e+01 1.948089715270864053e+00
-8.033149450852866380e+01 1.948063183921591390e+00
-8.134811048649088150e+01 1.948197963175895886e+00
-8.136889571002603816e+01 1.948295067914233236e+00
-8.051321409147135455e+01 1.948321599263505677e+00
-7.959866425592450412e+01 1.948315762366665815e+00
-7.869536727070311599e+01 1.948642628589703385e+00
-7.777388902731121334e+01 1.948555075137104131e+00
-7.683934445771484434e+01 1.948534911311657014e+00
-7.590605537141925652e+01 1.948569402065710721e+00
-7.496021145211589953e+01 1.948359804406458284e+00
-7.405533348792316417e+01 1.948396417668454506e+00
-7.310646710882163291e+01 1.948356090017560049e+00
-7.214913784228515681e+01 1.948282863493568051e+00
-7.118715863759764773e+01 1.948398540176396132e+00
-7.022490043662109827e+01 1.948407030208163526e+00
-6.925636481914061449e+01 1.948808184209163574e+00
-6.827708784453126611e+01 1.948372008827124136e+00
-6.730566926539712824e+01 1.948543401343424408e+00
-6.633420418688152154e+01 1.948526421279889620e+00
-6.535250924443359111e+01 1.948593810907042201e+00
-6.436844283352864693e+01 1.948182574993317706e+00
-6.340455715419921034e+01 1.948239352080761044e+00
-6.244099697054036824e+01 1.948177799350448769e+00
-6.146004601819661417e+01 1.948205391953692356e+00
-6.023655429189452803e+01 1.948133226683671060e+00
-5.925095340139974098e+01 1.948307802961884327e+00
-5.823991734921875718e+01 1.948331150549243773e+00
-5.724827153912761446e+01 1.948370416946167527e+00
-5.626090367213542009e+01 1.948363518795356075e+00
-5.526842087317709229e+01 1.948156574271030950e+00
-5.427886753525391583e+01 1.948086000881965596e+00
-5.327257441998696663e+01 1.948188411890157568e+00
-5.232305704954426773e+01 1.948077510850198424e+00
-5.132336684645182601e+01 1.948220249509285074e+00
-5.032623410934245811e+01 1.948216535120386839e+00
-4.933077534996744618e+01 1.948465929803548269e+00
-4.832987616295572764e+01 1.948460092906708185e+00
-4.732102558170574014e+01 1.948570463319682311e+00
-4.631901040953776061e+01 1.948605484700721480e+00
-4.531815772190756064e+01 1.948443112843174063e+00
-4.430916764251302453e+01 1.948336456819098617e+00
-4.306698316484375511e+01 1.948420826509784876e+00
-4.206115504339192768e+01 1.948395887041469043e+00
-4.108880647662761021e+01 1.948529605041802171e+00
-4.008479183105468735e+01 1.948584259621303660e+00
-3.908375314589844152e+01 1.948386866382716409e+00
-3.807713453496094047e+01 1.948470174819431966e+00
-3.706465700195312252e+01 1.948286577882466064e+00
-3.605296995843098529e+01 1.948482909867082613e+00
-3.505500023245442520e+01 1.948472827954359277e+00
-3.404373168336587696e+01 1.948336987446083857e+00
-3.278485392773438178e+01 1.948313639858723967e+00
-3.175870557656250170e+01 1.948440990335232215e+00
-3.080677023828124561e+01 1.948301435438058782e+00
-2.979643167682291960e+01 1.948265352803048023e+00
-2.878153617597656933e+01 1.948393764533527195e+00
-2.776970963430989769e+01 1.948171962453608685e+00
-2.675327965387370099e+01 1.948288700390407913e+00
-2.574721903551432689e+01 1.948538095073569565e+00
-2.449327021432291929e+01 1.948620342256314419e+00
-2.346940033284505489e+01 1.948610790970576323e+00
-2.246301421881511118e+01 1.948749815240764294e+00
-2.144593324703776815e+01 1.948506788081428187e+00
-2.046070435159505507e+01 1.948815612986960266e+00
-1.942702310061849502e+01 1.949035823185922389e+00
-1.817688722871094242e+01 1.949031578170038692e+00
-1.714469395794271378e+01 1.949155214257648483e+00
-1.613416939895833835e+01 1.949093130900350745e+00
-1.511243848902995346e+01 1.949180153725964537e+00
-1.410916783356120163e+01 1.949500121798191321e+00
-1.308692543043620304e+01 1.949414160226548454e+00
-1.208212029537760657e+01 1.949727760774949248e+00
-1.082375403294271088e+01 1.949825396140272504e+00
-9.830806240169273735e+00 1.950337451181232140e+00
-8.832278521614586708e+00 1.950910528325518589e+00
-7.824776422428387335e+00 1.951558423874753645e+00
-6.818622805305991186e+00 1.952108684058665666e+00
-5.571788389485677229e+00 1.953044179434015426e+00
-4.552382448632813272e+00 1.954133556635145652e+00
-3.534231991080730051e+00 1.955701559377152066e+00
-2.525567407356771099e+00 1.956874775641983311e+00
-1.520808771679687865e+00 1.957934437731927879e+00
-4.955904081380209103e-01 1.958437472114134881e+00
7.774231594726562777e-01 1.959826653562044330e+00
1.737449390136719174e+00 1.960585450151238973e+00
2.742440522721354856e+00 1.961090607041387601e+00
3.753151079231772158e+00 1.961652541018979790e+00
4.759118698828126881e+00 1.962348192996905771e+00
5.771177737402345187e+00 1.962843267974331063e+00
7.026010046842450230e+00 1.963192420530757376e+00
8.036488106445315083e+00 1.963599942055583414e+00
9.044594697591149313e+00 1.964273838327105670e+00
1.005144580543620059e+01 1.964656420383615432e+00
1.106596931123046978e+01 1.965440156441125907e+00
1.203520241943359537e+01 1.966241403189155967e+00
1.328668677340495030e+01 1.966638312174272762e+00
1.430390724332682595e+01 1.967392333120598025e+00
1.531150234127604293e+01 1.968009982931662849e+00
1.632165490520833728e+01 1.968879680560816414e+00
1.733036598831380459e+01 1.969486187205186756e+00
1.833772858935547490e+01 1.970129837738538114e+00
1.934053425100912094e+01 1.970587768826981945e+00
2.059550605859375594e+01 1.971270155130271595e+00
2.161858545058594316e+01 1.971451098932309964e+00
2.258540059095052754e+01 1.971730739353642070e+00
2.359108921425781702e+01 1.971753025687031258e+00
2.460421773860677774e+01 1.971983317798716939e+00
2.560799988727213972e+01 1.972150465299133515e+00
2.662880080957031126e+01 1.972163730973769624e+00
2.789265399902344100e+01 1.971897356227073850e+00
2.891164144544271153e+01 1.972181241664289431e+00
2.992779242958984653e+01 1.972136138370526481e+00
3.094854685250651016e+01 1.972299040855059804e+00
3.197339322099609404e+01 1.972242794394602150e+00
3.298117431647134623e+01 1.972426391331567830e+00
3.398621194843750004e+01 1.972413656283916739e+00
3.501468526868490017e+01 1.972486352180923719e+00
3.601688643837890424e+01 1.972373328633022282e+00
3.728148361793620325e+01 1.972379696156848272e+00
3.828991570475260886e+01 1.972140383386409956e+00
3.931029813261719141e+01 1.972403574371193402e+00
4.032249666933593346e+01 1.972264550101005431e+00
4.132604632109375586e+01 1.972404104998179086e+00
4.233940734235026326e+01 1.972202466743707916e+00
4.335839478876953024e+01 1.972437534498262313e+00
4.432586092047526449e+01 1.972332470355143030e+00
4.532931757347005686e+01 1.972477862149156769e+00
4.633482019925131112e+01 1.972128709592730234e+00
4.734418227369792476e+01 1.972465657728491140e+00
4.837330658528645699e+01 1.972243325021587612e+00
4.937992519622396514e+01 1.972532516728658258e+00
5.038175437086588460e+01 1.972509169141297924e+00
5.139474339707030737e+01 1.972303816497928741e+00
5.240140850738931988e+01 1.972293203958219721e+00
5.341267705647786812e+01 1.972451861426869346e+00
5.440608984306641105e+01 1.972437534498262313e+00
5.539466669397786802e+01 1.972608396387577345e+00
5.640337777708333533e+01 1.972643417768617402e+00
5.740697392822266210e+01 1.972705501125914695e+00
5.840815211152344233e+01 1.972654560935311441e+00
5.942816254433594736e+01 1.972920935682007881e+00
6.043445565960287524e+01 1.972733093729158060e+00
6.144432922724609369e+01 1.972356348569488382e+00
6.245178482705077982e+01 1.972539945506454062e+00
6.346412286191405627e+01 1.972373328633023171e+00
6.448394729720051544e+01 1.972807912134106889e+00
6.544002108043619614e+01 1.973014856658432681e+00
6.645426558994141431e+01 1.972872117999346031e+00
6.745553677200521747e+01 1.972706031752900380e+00
6.846429435449218204e+01 1.972510761022254533e+00
6.947300543759764935e+01 1.972604681998679332e+00
7.048273950709635471e+01 1.972374389886993873e+00
7.148819563349609041e+01 1.972466188355476824e+00
7.249541873639321921e+01 1.972953303928120183e+00
7.350324633124999707e+01 1.972720889308492875e+00
7.449865859124349754e+01 1.972867872983462778e+00
7.551918051725260739e+01 1.972718766800551027e+00
7.648613515576170130e+01 1.972769176364169041e+00
7.748461637493488752e+01 1.972825422824626918e+00
7.848095862255860311e+01 1.972583456919261069e+00
7.949027419762369107e+01 1.972503862871443747e+00
8.051242360198568804e+01 1.972487944061880327e+00
