# User			Meike Reginka
# Sample		2020_0446_1
# State			after FC
# Profile		mere_beads_forc.txt
# Comment
# ML
# 
# Meas. type 		FORC
# angle (deg)		 0.000
# Hmin (kA/m)		-80.000
# Hmax (kA/m)		80.000
# pts./branch		161
# time/pt. (s)		 0.020
# dt (s)		 0.020
# nCycles		5
# Hstop (kA/m)		 0.000
# wait (s)		60.000
# nSched		5
# nMinorLoops		10
# nX			2
# nY			2
# dx (mm)		 0.250
# dy (mm)		 0.250
# avg. raster		no average raster
# Number			63
# ID			310377
# -----------------------------------------------
# H (kA/m) 	 I (arb.u.)
8.158228137177735562e+01 1.972196629846867610e+00
8.071939234908853678e+01 1.972102178243457793e+00
7.979024170774741265e+01 1.972110668275224743e+00
7.883839936822917593e+01 1.971785924560129466e+00
7.786493481630860458e+01 1.971745066282249326e+00
7.687449799013673157e+01 1.971677146028111727e+00
7.588536314664712279e+01 1.971591715083453877e+00
7.489632130192057957e+01 1.971673431639213492e+00
7.389086517552082967e+01 1.971418200059211756e+00
7.289447642851563103e+01 1.971493018464160363e+00
7.187725595859375005e+01 1.971261665098503757e+00
7.087426429941406525e+01 1.971384770559128530e+00
6.986280975279946404e+01 1.971741882520336775e+00
6.884763525566405917e+01 1.971678207282082873e+00
6.783613420966797491e+01 1.971698371107529768e+00
6.683030608821614749e+01 1.971632573361334240e+00
6.581480609541016236e+01 1.971748780671147561e+00
6.486528872496745635e+01 1.971712698036136580e+00
6.382853851481120699e+01 1.971926010084288139e+00
6.282689533769531920e+01 1.971879314909568581e+00
6.181148834365235700e+01 1.972042217394101904e+00
6.081044965849608985e+01 1.971712167409151562e+00
5.979946010569662462e+01 1.971910621901709959e+00
5.877698520566406160e+01 1.971862865473019255e+00
5.777910847845051023e+01 1.971916989425535283e+00
5.676788642874348767e+01 1.971837926004702979e+00
5.575201444088541081e+01 1.971671309131271643e+00
5.475065026005859181e+01 1.971864987980961104e+00
5.378657858320313068e+01 1.971861804219048553e+00
5.277256657060547695e+01 1.971834211615804966e+00
5.175720607594401201e+01 1.971559346837341797e+00
5.075147095325522173e+01 1.971681391043995646e+00
4.973950491344402280e+01 1.971628858972435783e+00
4.873586226292318457e+01 1.971413955043328503e+00
4.771915328619792263e+01 1.971157662209355621e+00
4.670825673216145901e+01 1.971418730686197440e+00
4.570121962679036187e+01 1.971595429472352556e+00
4.468209268222656760e+01 1.971945112655764554e+00
4.369119086223957993e+01 1.971845354782499671e+00
4.269773157626952553e+01 1.971954133314516966e+00
4.169287994182943180e+01 1.972018869806741792e+00
4.068412235934244592e+01 1.971868702369859783e+00
3.966992434921875343e+01 1.971520080440418488e+00
3.866372423271484848e+01 1.971480814043495178e+00
3.739303563417968945e+01 1.971470201503786157e+00
3.638190658323568272e+01 1.971501508495927757e+00
3.537021953971354549e+01 1.971306768392267372e+00
3.436908785579426961e+01 1.971361953598754546e+00
3.335037940566405723e+01 1.971464364606946296e+00
3.237979781539713287e+01 1.971696248599587920e+00
3.135667192402343773e+01 1.971633103988319480e+00
3.034810033906250126e+01 1.971498324734014762e+00
2.933153086048177016e+01 1.971496202226073358e+00
2.806842166113281323e+01 1.971540244265865827e+00
2.705292166832682810e+01 1.971429873852891923e+00
2.604304810068359899e+01 1.971486120313349577e+00
2.501676025136718806e+01 1.971432526987818790e+00
2.400697968248698189e+01 1.971930255100171836e+00
2.296539353665365368e+01 1.971901070615971863e+00
2.199006900947265919e+01 1.971900539988986623e+00
2.071556746165365226e+01 1.971946704536720496e+00
1.969969547379557895e+01 1.972324510950361320e+00
1.868619495439453715e+01 1.972214140537388083e+00
1.767799536448568176e+01 1.972332470355143030e+00
1.666249537167968953e+01 1.971924948830316993e+00
1.564281043453776476e+01 1.972124995203832221e+00
1.463442484710287061e+01 1.971906907512811946e+00
1.337275712858073007e+01 1.971748250044162321e+00
1.236153507887370040e+01 1.971921765068404442e+00
1.139671941191406468e+01 1.971859681711106704e+00
1.038642734983724303e+01 1.972184425426202425e+00
9.372787332291670381e+00 1.971890988703248304e+00
8.368679687955731694e+00 1.971759923837842043e+00
7.107569962011720754e+00 1.971568898123079894e+00
6.104950297884116139e+00 1.971649022797883122e+00
5.093681748795575004e+00 1.971762576972769354e+00
4.087900126725260819e+00 1.971798128980794651e+00
3.078445053515625585e+00 1.971663349726490155e+00
2.080428828157552257e+00 1.971844293528528524e+00
8.471257323567709108e-01 1.971732861861584141e+00
-1.660957907552083335e-01 1.971553509940501714e+00
-1.175085870149739753e+00 1.971608164520003204e+00
-2.182773966861979442e+00 1.971767883242623753e+00
-3.189439077180990623e+00 1.971662288472519009e+00
-4.202986095963543001e+00 1.972119158306992137e+00
-5.462375344791667864e+00 1.971859681711107148e+00
-6.452998168489584963e+00 1.971762576972769354e+00
-7.472032114290366067e+00 1.971696779226573604e+00
-8.469722843977868010e+00 1.971643716528028722e+00
-9.479131417805993109e+00 1.971795475845867562e+00
-1.068467438284505633e+01 1.971441017019586628e+00
-1.170366182926432508e+01 1.971366729241623261e+00
-1.272023130784505440e+01 1.971180479169730049e+00
-1.371378359257812818e+01 1.970928961978626548e+00
-1.472221567939453557e+01 1.970947003296131816e+00
-1.572590482929687816e+01 1.970398334993176181e+00
-1.674777523736979745e+01 1.970148940310014529e+00
-1.799767861236979627e+01 1.969574271284771472e+00
-1.801181442434896240e+01 1.969449573943190535e+00
-1.689420178974609854e+01 1.969589659467349652e+00
-1.594519591250000445e+01 1.969880973682362146e+00
-1.501106983733724398e+01 1.970130898992509039e+00
-1.406020398483073386e+01 1.970365436120078417e+00
-1.310171223375651373e+01 1.970839286018085446e+00
-1.215991376064453533e+01 1.970956023954884673e+00
-1.118807668707682446e+01 1.971359300463827013e+00
-9.982719719563805327e+00 1.971230888733347841e+00
-9.056963533072920569e+00 1.971212847415842795e+00
-8.085498454557294323e+00 1.971431465733848087e+00
-7.114033376041668078e+00 1.971617715805741300e+00
-6.143916779589845056e+00 1.971583225051687371e+00
-4.921215542773438756e+00 1.971509467900709467e+00
-3.929476733919271769e+00 1.971697840480544306e+00
-2.955733185709636501e+00 1.971783802052187173e+00
-1.973480250683594228e+00 1.971818292806241546e+00
-9.833224208007815825e-01 1.971806088385576361e+00
2.152921363932291943e-02 1.971836864750732277e+00
1.206147456998698075e+00 1.971658574083621218e+00
2.200071736783854703e+00 1.971438894511644113e+00
3.193903017805990618e+00 1.971640532766115728e+00
4.172575500455729447e+00 1.971676084774141025e+00
5.165616291992188636e+00 1.971842701647572582e+00
6.167305968489585233e+00 1.971947235163705958e+00
7.408746456054689844e+00 1.971904785004870098e+00
8.396718815006511960e+00 1.971590653829483175e+00
9.398919984700523145e+00 1.971789638949027257e+00
1.039861018779297019e+01 1.971936622623997382e+00
1.139360395335286569e+01 1.971929193846200690e+00
1.234842225328776166e+01 1.971663349726490155e+00
1.359772113632812740e+01 1.971790169576012719e+00
1.460973367552083779e+01 1.971653798440752059e+00
1.561063286253255455e+01 1.971659104710606458e+00
1.660846309036458734e+01 1.971980134036804166e+00
1.761782516481120453e+01 1.971731269980627976e+00
1.862053782770182764e+01 1.971819884687197932e+00
1.962055352646484607e+01 1.971698901734515008e+00
2.086106402639974533e+01 1.971723310575846044e+00
2.187707551240234949e+01 1.971515304797549106e+00
2.284319316204427963e+01 1.971727024964744279e+00
2.383256050244141022e+01 1.971558285583371095e+00
2.483857462141926931e+01 1.971718004305991645e+00
2.584370525214843894e+01 1.971518488559462101e+00
2.685925174433593909e+01 1.971548203670646870e+00
2.812310493378906529e+01 1.971685636059879121e+00
2.913869792535807335e+01 1.971798128980794651e+00
3.015052446702474143e+01 1.971740821266365629e+00
3.116765193818359592e+01 1.971802904623663366e+00
3.219747374049479305e+01 1.971835272869776112e+00
3.316354489075521172e+01 1.972121811441919448e+00
3.417992837180989341e+01 1.972058136203665546e+00
3.521035466608072539e+01 1.972374920513979113e+00
3.624436141272786926e+01 1.972114382664122978e+00
3.750426215475260960e+01 1.972037972378218207e+00
3.851106676321614941e+01 1.972048584917927005e+00
3.953172818736979366e+01 1.972035849870276358e+00
4.052458298138020609e+01 1.971886743687364607e+00
4.153510754036458508e+01 1.971926540711273379e+00
4.253289126881510640e+01 1.971875069893684440e+00
4.355364569173178069e+01 1.971646369662955367e+00
4.451850785807291544e+01 1.971506814765782600e+00
4.552782343313802471e+01 1.971432526987819234e+00
4.653174507994793174e+01 1.971344442908234518e+00
4.753966567356771122e+01 1.971326401590729027e+00
4.854749326842448198e+01 1.971199581741206019e+00
4.956020329833985016e+01 1.971429343225906239e+00
5.055594105400390958e+01 1.971318442185947095e+00
5.157158054495442912e+01 1.971514774170563644e+00
5.257485120042318272e+01 1.971799720861750815e+00
5.358784022662761259e+01 1.972074055013228744e+00
5.454419300615235500e+01 1.971968460243124444e+00
5.554560368636067835e+01 1.971833150361834264e+00
5.655026932327473332e+01 1.971406526265532255e+00
5.755777142246094513e+01 1.971538121757923534e+00
5.855592714596352977e+01 1.971375219273390655e+00
5.957296161835938619e+01 1.971383178678172143e+00
6.058432316621093605e+01 1.971345504162205220e+00
6.158368787363282593e+01 1.971542366773807231e+00
6.258193659589842639e+01 1.971453221440251813e+00
6.358902020065105631e+01 1.971431465733848531e+00
6.460484568912760039e+01 1.971410240654430268e+00
6.556426742783203565e+01 1.971438894511644335e+00
6.656656159628906266e+01 1.971394321844867070e+00
6.756843727031250069e+01 1.971585878186614238e+00
6.857049894186197037e+01 1.971582694424701687e+00
6.958195348847657158e+01 1.971685105432893437e+00
7.058750261363933021e+01 1.971886743687364607e+00
7.159100576601564114e+01 1.971325870963743787e+00
7.258851049817708656e+01 1.970952840192971678e+00
7.358145829095052193e+01 1.971037740510643843e+00
7.458765840745442688e+01 1.971013862296298713e+00
7.560083343118489552e+01 1.971137498383908726e+00
7.656123165690102894e+01 1.971307829646238297e+00
7.756668778330079306e+01 1.971367790495594186e+00
7.856726147464193843e+01 1.971593306964410708e+00
7.956044176432293114e+01 1.971463303352975149e+00
8.057143131712240347e+01 1.971508937273724005e+00
