# User			Meike Reginka
# Sample		2020_0446_1
# State			after FC
# Profile		mere_beads_forc.txt
# Comment
# ML
# 
# Meas. type 		FORC
# angle (deg)		 0.000
# Hmin (kA/m)		-80.000
# Hmax (kA/m)		80.000
# pts./branch		161
# time/pt. (s)		 0.020
# dt (s)		 0.020
# nCycles		5
# Hstop (kA/m)		 0.000
# wait (s)		60.000
# nSched		5
# nMinorLoops		10
# nX			2
# nY			2
# dx (mm)		 0.250
# dy (mm)		 0.250
# avg. raster		no average raster
# Number			65
# ID			310379
# -----------------------------------------------
# H (kA/m) 	 I (arb.u.)
8.158618731982421934e+01 1.971958908957385903e+00
8.070869749134114102e+01 1.971996583473353049e+00
7.978652175722658058e+01 1.972135077116555557e+00
7.883719038430989201e+01 1.972230589973936521e+00
7.785410046041666021e+01 1.972037972378218207e+00
7.687068504085287657e+01 1.971966337735182151e+00
7.588075970787757285e+01 1.972067156862417736e+00
7.490497018688152764e+01 1.972251284426369544e+00
7.389412013222656128e+01 1.972267203235932742e+00
7.288643203551433203e+01 1.972364838601255776e+00
7.187316401302084046e+01 1.972341491013895665e+00
7.087621727343751843e+01 1.972423207569655279e+00
6.986597171074218693e+01 1.972386063680673818e+00
6.884544978473307708e+01 1.972375451140964575e+00
6.784013315647786158e+01 1.972435411990320464e+00
6.683160807089844013e+01 1.972493250331734504e+00
6.581424810283202476e+01 1.972448677664956795e+00
6.485561685361328443e+01 1.972590885697057317e+00
6.383025899192708863e+01 1.972226875585038730e+00
6.282233839830729494e+01 1.972573375006537733e+00
6.182050922366537549e+01 1.972534108609614423e+00
6.081640157932943680e+01 1.972553741808075856e+00
5.980052959147135994e+01 1.972964447094814888e+00
5.878554109186197962e+01 1.972590355070072299e+00
5.777301705947265020e+01 1.972362185466328244e+00
5.677769779824217267e+01 1.972446555157014947e+00
5.576415077945964072e+01 1.972271978878802123e+00
5.474892978294271018e+01 1.972418431926786342e+00
5.378736907268881140e+01 1.972297448974103418e+00
5.277275256813151572e+01 1.972097402600588856e+00
5.175929854811198538e+01 1.972275162640714674e+00
5.075463291119792331e+01 1.972373328633022727e+00
4.974661931881510668e+01 1.972261366339092437e+00
4.872902685384114818e+01 1.972163200346784606e+00
4.770989990927733970e+01 1.972543659895352519e+00
4.670741974329427393e+01 1.972505985379385596e+00
4.569294273688151975e+01 1.972436473244291610e+00
4.468571963398437674e+01 1.972650315919428188e+00
4.369872376204426700e+01 1.972572844379552270e+00
4.270363699772135391e+01 1.972336184744041265e+00
4.169748338059895332e+01 1.972558517450945237e+00
4.068091390201823287e+01 1.972521904188949016e+00
3.967355130097656968e+01 1.972432228228407913e+00
3.865800480878906598e+01 1.972603090117722502e+00
3.738606072695312577e+01 1.972424799450611665e+00
3.638023260550129834e+01 1.972617947673315442e+00
3.536533710465494806e+01 1.972718766800551471e+00
3.436257794238281349e+01 1.972588232562130450e+00
3.334898442421875586e+01 1.972553741808075856e+00
3.238579623561197707e+01 1.972451861426869346e+00
3.135913639124349572e+01 1.972536231117556271e+00
3.034758884586588579e+01 1.972489005315851252e+00
2.933557630667317540e+01 1.972744236895852765e+00
2.806605019267578882e+01 1.972639703379718945e+00
2.705241017513021262e+01 1.972480515284083857e+00
2.603751467428385880e+01 1.972841872261175800e+00
2.501992220930990030e+01 1.972508107887327444e+00
2.400958364785156718e+01 1.972317612799550979e+00
2.295962761334636326e+01 1.972593008204999609e+00
2.198881352617188156e+01 1.972626968332068520e+00
2.071287049752604759e+01 1.972597783847868547e+00
1.970406641565755379e+01 1.972703378617973291e+00
1.868484647233073304e+01 1.972502801617472601e+00
1.767367092200521483e+01 1.972396145593397598e+00
1.666542483271484798e+01 1.972423207569655279e+00
1.564429841474609617e+01 1.972409941895018948e+00
1.463400635266927452e+01 1.972253406934310949e+00
1.337080415455729465e+01 1.972447616410986093e+00
1.236386004794922400e+01 1.972370144871110398e+00
1.139476643789062571e+01 1.972167445362668081e+00
1.037801096178385762e+01 1.972308061513812438e+00
9.376739779720056234e+00 1.972202997370693156e+00
8.373515623632815874e+00 1.972302224616972799e+00
7.113289385937502374e+00 1.972192915457969598e+00
6.104438804687501552e+00 1.972187609188115420e+00
5.090287293945313429e+00 1.972434350736349762e+00
4.080925219498699796e+00 1.972642887141631718e+00
3.078119557845052423e+00 1.972337245998012412e+00
2.070803456184896252e+00 1.972339899132939500e+00
8.460097472005210228e-01 1.972365369228241239e+00
-1.667932814778646522e-01 1.972562231839843028e+00
-1.182665269335937630e+00 1.972635988990820710e+00
-2.186772913671875873e+00 1.972698072348118448e+00
-3.193159027701824026e+00 1.972382879918760823e+00
-4.198708152864583987e+00 1.972321327188448770e+00
-5.461352358398438689e+00 1.972097933227574096e+00
-6.459368583756512017e+00 1.972267203235932742e+00
-7.466638186035158498e+00 1.972096871973603172e+00
-8.478743723990888270e+00 1.972015155417843779e+00
-9.479782409147139433e+00 1.971669186623329795e+00
-1.068472088222656424e+01 1.972008257267032993e+00
-1.170012787626953354e+01 1.972003481624163612e+00
-1.272241677877604360e+01 1.971837926004703423e+00
-1.371620156041667116e+01 1.971764168853725741e+00
-1.472114619361979670e+01 1.971455343948193661e+00
-1.572255687382812894e+01 1.970917288184947047e+00
-1.574729454479167146e+01 1.970968759002535542e+00
-1.484915899091797442e+01 1.971382648051187125e+00
-1.391689289101562821e+01 1.971453752067237275e+00
-1.298076734244791908e+01 1.971677676655097189e+00
-1.203548141572265884e+01 1.971907968766783092e+00
-1.108615004280599159e+01 1.971947765790691420e+00
-9.903996266666670323e+00 1.971988093441585876e+00
-8.959733326334635706e+00 1.971534937996010983e+00
-7.996777634635418686e+00 1.971615593297799895e+00
-7.034054439843751894e+00 1.971599674488235809e+00
-6.068076288346355263e+00 1.971467548368858846e+00
-4.849745993391929133e+00 1.971418730686197440e+00
-3.866888566406251115e+00 1.971847477290441519e+00
-2.898120452018229543e+00 1.971653798440752059e+00
-1.920238458854166996e+00 1.971935030743040773e+00
-9.286391481445314122e-01 1.971988093441585654e+00
7.435251103515626292e-02 1.972056544322708938e+00
1.251484353971354269e+00 1.972296387720132715e+00
2.241270188802083840e+00 1.972304347124914203e+00
3.236542950651042361e+00 1.972512352903211141e+00
4.222562335579427284e+00 1.972394023085455306e+00
5.205373263183595611e+00 1.972796238340426944e+00
6.202738497200520840e+00 1.972495903466661815e+00
7.433437627636720002e+00 1.972653499681340739e+00
8.428198896289066155e+00 1.972484760299967554e+00
9.432864533203128232e+00 1.972513944784167528e+00
1.041595445709635648e+01 1.972741053133939992e+00
1.141741163668620196e+01 1.972520842934978091e+00
1.237436890817057566e+01 1.972759094451445483e+00
1.362868972441406612e+01 1.972329817220216164e+00
1.462163751718750326e+01 1.972327164085288631e+00
1.562132772027995031e+01 1.972561701212857788e+00
1.663180577988281783e+01 1.972418962553771582e+00
1.763967987412110006e+01 1.972209895521503942e+00
1.863337165699870113e+01 1.972400921236266091e+00
1.964040876236979472e+01 1.972456637069738505e+00
2.088259324003906414e+01 1.972267203235932742e+00
2.189056033304036930e+01 1.972423207569655279e+00
2.285253953772787128e+01 1.972464596474520437e+00
2.384971877421875419e+01 1.972552149927119691e+00
2.486149881650391080e+01 1.972583987546246753e+00
2.585984053753255907e+01 1.972669418490904381e+00
2.687510803343099042e+01 1.972365369228240795e+00
2.814063520061849388e+01 1.972659867205166284e+00
2.914730031093749929e+01 1.972436473244291610e+00
3.016293980188801882e+01 1.972490066569821954e+00
3.117927678356119259e+01 1.972276223894685820e+00
3.220472764401041132e+01 1.972040625513145518e+00
3.317633222067058085e+01 1.972461943339593127e+00
3.419876062132161110e+01 1.972153118434061048e+00
3.522369998857421791e+01 1.972000828489236746e+00
3.626068269563801749e+01 1.972174874140464329e+00
3.750914458981119992e+01 1.971908499393768111e+00
3.851711168281250508e+01 1.972382349291775583e+00
3.953158868922525926e+01 1.971939806385909932e+00
4.053588233108724381e+01 1.971723841202831728e+00
4.154556990120443061e+01 1.971815109044328995e+00
4.254809656656900785e+01 1.971913275036637048e+00
4.355908611936849439e+01 1.971831027853892415e+00
4.452692424612630617e+01 1.972059197457636248e+00
4.553763480263671681e+01 1.971886213060379589e+00
4.654313742841797819e+01 1.972247039410485403e+00
4.755203450904948426e+01 1.972355817942503142e+00
4.855414267998047251e+01 1.972302224616972355e+00
4.957475760475261239e+01 1.972197160473853295e+00
5.056412494514975009e+01 1.972273570759758288e+00
5.157641648063150797e+01 1.972111729529195889e+00
5.257615318310547536e+01 1.972152057180089901e+00
5.359388514622396826e+01 1.972170629124581076e+00
5.455535285771484411e+01 1.972484229672981870e+00
5.556104148102213003e+01 1.972493780958720411e+00
5.656686960247395035e+01 1.972444432649073098e+00
5.756772229010417163e+01 1.972453453307825733e+00
5.856378554143880422e+01 1.972358471077430231e+00
5.957672806826172263e+01 1.972415248164873347e+00
6.058497415755208948e+01 1.972217324299300190e+00
6.158043291692709431e+01 1.972264019474020191e+00
6.258993448951824234e+01 1.972478392776142009e+00
6.358883420312501045e+01 1.972472555879301925e+00
6.461563354563800488e+01 1.972472025252316463e+00
6.556998685175781816e+01 1.972330878474186866e+00
6.656916556165363374e+01 1.972899710602589840e+00
6.757383119856770293e+01 1.972620600808242974e+00
6.858616923343097938e+01 1.972518720427036243e+00
6.958195348847657158e+01 1.972926241951862059e+00
7.058768861116537607e+01 1.972237488124747529e+00
7.158807630498047558e+01 1.972200344235766067e+00
7.259678738808592868e+01 1.972101116989486869e+00
7.359164165550130576e+01 1.972144097775308413e+00
7.459305233570962912e+01 1.972048054290941765e+00
7.560469287985027620e+01 1.972192384830984357e+00
7.657020603753254306e+01 1.972013032909902153e+00
7.757115172392579439e+01 1.971819884687197932e+00
7.856949344495443199e+01 1.971824660330067092e+00
7.957150861712240442e+01 1.972082545044996138e+00
8.057835972496745569e+01 1.972319204680506921e+00
