# User			Meike Reginka
# Sample		2020_0446_1
# State			after FC
# Profile		mere_beads_forc.txt
# Comment
# ML
# 
# Meas. type 		FORC
# angle (deg)		 0.000
# Hmin (kA/m)		-80.000
# Hmax (kA/m)		80.000
# pts./branch		161
# time/pt. (s)		 0.020
# dt (s)		 0.020
# nCycles		5
# Hstop (kA/m)		 0.000
# wait (s)		60.000
# nSched		5
# nMinorLoops		10
# nX			2
# nY			2
# dx (mm)		 0.250
# dy (mm)		 0.250
# avg. raster		no average raster
# Number			76
# ID			310390
# -----------------------------------------------
# H (kA/m) 	 I (arb.u.)
8.159846315654297655e+01 1.972727787459303661e+00
8.072725074456380412e+01 1.972798360848368793e+00
7.979428715393881077e+01 1.972577620022421430e+00
7.884653675999349787e+01 1.972798891475354255e+00
7.787060774085284720e+01 1.972650315919428188e+00
7.687421899384764856e+01 1.972691174197307662e+00
7.589085007366536217e+01 1.972795707713441260e+00
7.491166609781900831e+01 1.973125227071405918e+00
7.390342000852864146e+01 1.972853015427870282e+00
7.290084684378255986e+01 1.972853015427870282e+00
7.188404486829426787e+01 1.972711868649740241e+00
7.088254118932290737e+01 1.972920405055022419e+00
6.986922666744791854e+01 1.972932609475687604e+00
6.885144820494791418e+01 1.973161840333402139e+00
6.785078151484374587e+01 1.972726195578347719e+00
6.684193093359375837e+01 1.972836565991320956e+00
6.583015089130859110e+01 1.972915098785167576e+00
6.487147314270832510e+01 1.972791993324543247e+00
6.383941937008462730e+01 1.972760155705416185e+00
6.283819468740234981e+01 1.972954895809076792e+00
6.182260169583332754e+01 1.972830729094480873e+00
6.082532946057943235e+01 1.972803136491237730e+00
5.980899247890626214e+01 1.972842933515146946e+00
5.879186500774740409e+01 1.972717705546580325e+00
5.778459540546874962e+01 1.972905016872444239e+00
5.678085975618489556e+01 1.972794646459470336e+00
5.577312516009115484e+01 1.972755910689532488e+00
5.476232160481770705e+01 1.972896526840676845e+00
5.379113552259115494e+01 1.973035551110864816e+00
5.277842549267578676e+01 1.973136370238100401e+00
5.176794743307292634e+01 1.972785625800717924e+00
5.076179381595051865e+01 1.972701256110030998e+00
4.975843016171874922e+01 1.972890159316851744e+00
4.874367415901693334e+01 1.972763339467329180e+00
4.772175725156250081e+01 1.972478392776142231e+00
4.670783823772786292e+01 1.972913506904211189e+00
4.570926401979167508e+01 1.972760686332401647e+00
4.469167155481770948e+01 1.972740522506954752e+00
4.370593116617838803e+01 1.972616355792359277e+00
4.271349486660156458e+01 1.972799952729324957e+00
4.169436792203776321e+01 1.972817463419844985e+00
4.069063227275390915e+01 1.973161309706416677e+00
3.967359780035808114e+01 1.973199514849369285e+00
3.867423309293619837e+01 1.972599906355809951e+00
3.740112652656250702e+01 1.972597783847868547e+00
3.638558003437499622e+01 1.972502801617473045e+00
3.537407898837891196e+01 1.972638642125748021e+00
3.436648389042968432e+01 1.972627498959053760e+00
3.335935378629557135e+01 1.972626968332068076e+00
3.238509874488931928e+01 1.972550027419178065e+00
3.136322833681640532e+01 1.972583456919261069e+00
3.035884169619141204e+01 1.972424799450611665e+00
2.933915675904947307e+01 1.972481045911069319e+00
2.806730567597655934e+01 1.972397206847367856e+00
2.705887358916015728e+01 1.972250223172398398e+00
2.604193211552734510e+01 1.972225283704082344e+00
2.502038720312500075e+01 1.972269325743874591e+00
2.401228061197917185e+01 1.972368552990153789e+00
2.296441704964193775e+01 1.972404104998178642e+00
2.199871789443359660e+01 1.972170098497595392e+00
2.071858992145182654e+01 1.972645009649573566e+00
1.970587989153646546e+01 1.972689582316351053e+00
1.869293736471354705e+01 1.972339899132939500e+00
1.768073882799479790e+01 1.972452922680840492e+00
1.666770330240886011e+01 1.972510761022254533e+00
1.564313593020833792e+01 1.972698602975103910e+00
1.463349485947266082e+01 1.972807912134106889e+00
1.338108051787109609e+01 1.972694888586205897e+00
1.236293006031901598e+01 1.972598314474853787e+00
1.139137198304036680e+01 1.972624845824126227e+00
1.037749946858724392e+01 1.972536761744541511e+00
9.374786805696617265e+00 1.972287897688365321e+00
8.370028170019535807e+00 1.972553211181090838e+00
7.123333252343751809e+00 1.972596722593897400e+00
6.106438278092449323e+00 1.972646601530529509e+00
5.091263780957032914e+00 1.972587701935144766e+00
4.088365120540365716e+00 1.972890159316851744e+00
3.084303975585938495e+00 1.972684276046496876e+00
2.083451287955729647e+00 1.972736808118056295e+00
8.472652305013023133e-01 1.972813218403961288e+00
-1.664677858072917127e-01 1.972829137213524930e+00
-1.170249934472656461e+00 1.972833912856393868e+00
-2.183796953255209061e+00 1.972807381507121427e+00
-3.181534182324219362e+00 1.972908200634356790e+00
-4.192430736360678978e+00 1.972878485523171577e+00
-4.219167880729167486e+00 1.973027591706083328e+00
-3.314289916536459213e+00 1.972853546054855300e+00
-2.370491970019532157e+00 1.972792523951528709e+00
-1.432924940625000421e+00 1.972628560213024684e+00
-4.828495776041668019e-01 1.972953834555105423e+00
5.022863190755207929e-01 1.972989386563130942e+00
1.645055119075521377e+00 1.973012203523505370e+00
2.612056256966146517e+00 1.972940038253483852e+00
3.573151973404948833e+00 1.973239311873278057e+00
4.540106611914063173e+00 1.972987264055189094e+00
5.520546071061199100e+00 1.972926241951862281e+00
6.487919204003907758e+00 1.972964447094814666e+00
7.692950675846356390e+00 1.973126288325377065e+00
8.674878115201824613e+00 1.973219678674816180e+00
9.660060511263024452e+00 1.973456338310327185e+00
1.063533853906250215e+01 1.973106124499929726e+00
1.160392065592447963e+01 1.973020693555272320e+00
1.257143328701172180e+01 1.973193677952529201e+00
1.380031894156901551e+01 1.973176167262009617e+00
1.478954678382161880e+01 1.973346498524339188e+00
1.578830699928385961e+01 1.973211719270034692e+00
1.677958081432292303e+01 1.973332702222717394e+00
1.776834366276041877e+01 1.973197392341427436e+00
1.877180031575521468e+01 1.973052000547414142e+00
1.976432961409505751e+01 1.973256822563798085e+00
2.099609823030599287e+01 1.973384173040305889e+00
2.200471631464844435e+01 1.973395846833985834e+00
2.296534703727214222e+01 1.972692766078264270e+00
2.396034080283203593e+01 1.972877954896186115e+00
2.495105662529297419e+01 1.972988855936145258e+00
2.595139781972656579e+01 1.973007958507621673e+00
2.696908328346354722e+01 1.972941099507454998e+00
2.822628706136067933e+01 1.973022285436228707e+00
2.923811360302734386e+01 1.972985141547247245e+00
3.024654568984374947e+01 1.972783503292776075e+00
3.125679125253906321e+01 1.972808973388077591e+00
3.228075413277994699e+01 1.972880608031113425e+00
3.325872912470703113e+01 1.973039265499763495e+00
3.427622859091796670e+01 1.972742645014896601e+00
3.530567839817708631e+01 1.972626437705082836e+00
3.632922278398437754e+01 1.972696480467162061e+00
3.758865853219401032e+01 1.972707623633856544e+00
3.859713711839192740e+01 1.972755910689532488e+00
3.959115439694010519e+01 1.972620600808242974e+00
4.060260894355469219e+01 1.973065266222050473e+00
4.161355199697266016e+01 1.973171922246125920e+00
4.261231221243489387e+01 1.973022816063214169e+00
4.361367639326171997e+01 1.973180942904878554e+00
4.459309286601563116e+01 1.972925711324876819e+00
4.559599152643230013e+01 1.972785625800717924e+00
4.659879718808595328e+01 1.972699133602089594e+00
4.760448581139323920e+01 1.972534108609614423e+00
4.861882331966145898e+01 1.972713991157682090e+00
4.963069636070963497e+01 1.972781911411819911e+00
5.061769223264973760e+01 1.973132655849202166e+00
5.163505220071616009e+01 1.972895465586705699e+00
5.262799999348958835e+01 1.973024407944170555e+00
5.364382548196616085e+01 1.972876363015230172e+00
5.459408684251302901e+01 1.972763339467328736e+00
5.561209780192057650e+01 1.972617417046329980e+00
5.661188100377603405e+01 1.972707093006871082e+00
5.760575878417968454e+01 1.972849301038972047e+00
5.860772745696613129e+01 1.972915629412153038e+00
5.962699389967448838e+01 1.972661459086122449e+00
6.063175253535156628e+01 1.972987794682174556e+00
6.163767365556641664e+01 1.972761747586372572e+00
6.263954932958984045e+01 1.972852484800884598e+00
6.364091351041668077e+01 1.972969753364669065e+00
6.465818047972003058e+01 1.972982488412320157e+00
6.561448675986329704e+01 1.972888567435895357e+00
6.661705992460939285e+01 1.972648724038471801e+00
6.761144919820965526e+01 1.972986733428203410e+00
6.862439172503253815e+01 1.973019101674315934e+00
6.962138496399738585e+01 1.972862036086622695e+00
7.063232801741536093e+01 1.973151227793693341e+00
7.163420369143879896e+01 1.972917221293109868e+00
7.263807883886718741e+01 1.972759094451445483e+00
7.363800153886718647e+01 1.972815871538888377e+00
7.463569226855469196e+01 1.972820647181757314e+00
7.564458934918620514e+01 1.972815871538888821e+00
7.660252310768228767e+01 1.972880608031113425e+00
7.759895835406901199e+01 1.972854607308826447e+00
7.860748343964843343e+01 1.972854076681841207e+00
7.960466267613934122e+01 1.972735746864085371e+00
8.061993017203775480e+01 1.972825422824626473e+00
