# User			Meike Reginka
# Sample		2020_0446_1
# State			after FC
# Profile		mere_beads_forc.txt
# Comment
# ML
# 
# Meas. type 		FORC
# angle (deg)		 0.000
# Hmin (kA/m)		-80.000
# Hmax (kA/m)		80.000
# pts./branch		161
# time/pt. (s)		 0.020
# dt (s)		 0.020
# nCycles		5
# Hstop (kA/m)		 0.000
# wait (s)		60.000
# nSched		5
# nMinorLoops		10
# nX			2
# nY			2
# dx (mm)		 0.250
# dy (mm)		 0.250
# avg. raster		no average raster
# Number			24
# ID			310338
# -----------------------------------------------
# H (kA/m) 	 I (arb.u.)
8.160976250625000716e+01 1.971687758567820969e+00
8.073738760973306228e+01 1.971702085496428003e+00
7.980916695602215327e+01 1.971353994193972614e+00
7.885778961031901702e+01 1.971557224329399949e+00
7.788460405468750025e+01 1.971803965877634512e+00
7.689714318893230427e+01 1.971760985091813190e+00
7.590493938626299553e+01 1.971665472234432004e+00
7.492998685413411408e+01 1.971554571194472860e+00
7.392536771660157058e+01 1.971691472956718982e+00
7.291312268050130285e+01 1.971498324734015206e+00
7.190018015367839155e+01 1.971696779226573604e+00
7.089983895924478929e+01 1.971647961543911975e+00
6.988847741139322522e+01 1.971792822710940030e+00
6.887423290188802127e+01 1.972034257989319972e+00
6.785984889423828292e+01 1.971652206559795673e+00
6.685262579134115413e+01 1.971520611067403950e+00
6.584740216184894734e+01 1.971796006472852802e+00
6.487682057158204429e+01 1.971423506329066599e+00
6.385248569628907234e+01 1.971723310575845822e+00
6.285065652164712446e+01 1.971584816932643536e+00
6.183227356718749945e+01 1.971706330512311256e+00
6.083328085481771552e+01 1.972015686044829241e+00
5.981159644427083322e+01 1.971702085496428003e+00
5.879614295084635955e+01 1.971857028576179394e+00
5.779184930898436789e+01 1.971538121757923534e+00
5.679113611949870233e+01 1.971570490004036280e+00
5.577238116998697848e+01 1.971556693702414265e+00
5.477538793102213788e+01 1.971404403757590407e+00
5.379852892425131472e+01 1.971524856083287425e+00
5.278088995989583054e+01 1.971507345392767618e+00
5.177231837493490474e+01 1.971619838313683148e+00
5.077704561308593867e+01 1.971638410258173879e+00
4.975610519264323983e+01 1.971744535655263864e+00
4.874548763489583081e+01 1.971867110488902952e+00
4.772626769156901361e+01 1.971939806385909710e+00
4.671913758743489353e+01 1.972077769402126979e+00
4.571289097154948422e+01 1.972231651227907223e+00
4.469567050162761035e+01 1.971914866917593656e+00
4.370941861979166276e+01 1.971714289917093410e+00
4.271656382578125033e+01 1.971785393933143782e+00
4.170548127421874796e+01 1.971806619012562045e+00
4.069207375358072909e+01 1.971742413147322459e+00
3.968731511790364408e+01 1.971702616123413465e+00
3.866935065787760095e+01 1.971460650218048061e+00
3.740921741894531038e+01 1.971430404479877385e+00
3.638953248180338562e+01 1.971530162353142046e+00
3.537152152239583813e+01 1.971645839035970127e+00
3.437071533414714253e+01 1.971621430194639535e+00
3.335953978382161011e+01 1.971566244988152805e+00
3.238747021334635434e+01 1.971645308408985109e+00
3.136318183743490096e+01 1.971530162353142046e+00
3.035051830690104779e+01 1.971652737186780913e+00
2.934389969596354319e+01 1.971764699480710981e+00
2.807293210113932247e+01 1.971736576250482376e+00
2.705826909720052598e+01 1.972004542878134759e+00
2.604053713408203663e+01 1.971857559203165300e+00
2.502940808313802279e+01 1.971898417481044552e+00
2.401646555631511148e+01 1.971912744409651808e+00
2.298176131894531693e+01 1.971885151806408221e+00
2.199629992659505717e+01 1.972245447529529017e+00
2.072458834166667074e+01 1.972035319243290674e+00
1.970997183710937861e+01 1.972191323577013211e+00
1.868665994820964116e+01 1.971709514274224251e+00
1.767869285520833600e+01 1.971800782115721518e+00
1.667137675354818427e+01 1.971985440306658566e+00
1.563950897845052523e+01 1.971737106877467616e+00
1.462786843430990125e+01 1.972088912568821462e+00
1.338122001601562694e+01 1.972037441751232523e+00
1.235865211722005697e+01 1.971902662496928249e+00
1.138807052695312905e+01 1.971792292083955012e+00
1.038149841539713947e+01 1.971505753511811454e+00
9.370648360742192651e+00 1.971553509940501714e+00
8.359612308561201743e+00 1.971782740798216471e+00
7.108034955826823875e+00 1.971703146750398705e+00
6.095836419108074722e+00 1.971924418203331975e+00
5.079778433723959097e+00 1.971761515718798652e+00
4.073392319694010943e+00 1.971467017741873384e+00
3.069424173502604880e+00 1.971696248599587920e+00
2.064154044628907059e+00 1.971643185901042816e+00
8.388953418294271547e-01 1.971617185178755838e+00
-1.820450786132812582e-01 1.971892049957219228e+00
-1.191872146875000427e+00 1.971764168853725741e+00
-2.200304233691406708e+00 1.971835803496761574e+00
-3.201900911425781260e+00 1.972271448251816439e+00
-4.216005922786459692e+00 1.972210426148489404e+00
-5.476371658626303152e+00 1.971976950274891394e+00
-6.482013782552086489e+00 1.971929724473186374e+00
-7.494630813704429961e+00 1.971981195290774869e+00
-8.493623526074221886e+00 1.971801843369692664e+00
-9.505310569596357340e+00 1.971673431639213936e+00
-1.072605883238932556e+01 1.971533876742040281e+00
-1.173174745569661859e+01 1.971360892344783400e+00
-1.273687808642578290e+01 1.971393791217881386e+00
-1.374191571839192960e+01 1.971431996360833772e+00
-1.475113829469401416e+01 1.971230888733348285e+00
-1.576212784749349538e+01 1.971033495494760146e+00
-1.677925531865234632e+01 1.970366497374049120e+00
-1.801864983343099524e+01 1.969419858832005321e+00
-1.903870676562500464e+01 1.968631347131625908e+00
-2.004030344335938096e+01 1.968214804948046792e+00
-2.099633072721354665e+01 1.967307963429911766e+00
-2.201443468538411707e+01 1.966219647482752464e+00
-2.301923982044271710e+01 1.965567506917633711e+00
-2.427728058720703430e+01 1.964338044192345256e+00
-2.529026961341146418e+01 1.963929992040533534e+00
-2.630414212786459061e+01 1.963002986696951613e+00
-2.731601516891276660e+01 1.962358805536615014e+00
-2.832984118398437090e+01 1.961542170606006330e+00
-2.935008411370442616e+01 1.960379036253898422e+00
-3.034451988668620004e+01 1.959616525275805987e+00
-3.133783967451172003e+01 1.958733031345031073e+00
-3.260313434479166972e+01 1.958131300343529890e+00
-3.363095667369791641e+01 1.957067923864687309e+00
-3.466575390983073390e+01 1.956502275498197108e+00
-3.567957992490234176e+01 1.956253411442020695e+00
-3.669298744554036062e+01 1.955604985265800400e+00
-3.770276801442057035e+01 1.955455348455903408e+00
-3.870859613587239778e+01 1.954743247041428766e+00
-3.971572624000651786e+01 1.954620672207789234e+00
-4.072583230455729364e+01 1.954319806707038643e+00
-4.173068393899740158e+01 1.953834283015351225e+00
-4.295701212757161613e+01 1.953190632482000089e+00
-4.396349124036458278e+01 1.952573513297920504e+00
-4.497527128264974294e+01 1.952117704717418523e+00
-4.597142753274739846e+01 1.951514912461947082e+00
-4.698148709791666988e+01 1.951023551873419581e+00
-4.798726871998697874e+01 1.950681828094789516e+00
-4.900895313053385394e+01 1.950320471117697796e+00
-5.000664386022136654e+01 1.949904990188089826e+00
-5.102623579860026837e+01 1.949933644045303893e+00
-5.202127606354167000e+01 1.949488978631496838e+00
-5.297995381214193600e+01 1.949412037718606605e+00
-5.399847626474609541e+01 1.949031578170038692e+00
-5.500044493753255637e+01 1.948970556066711657e+00
-5.599325323216146444e+01 1.948718508248623138e+00
-5.701261267363281604e+01 1.948459562279722945e+00
-5.801290736868489972e+01 1.948416581493901623e+00
-5.802848466149088580e+01 1.948102450318514700e+00
-5.715708625198567461e+01 1.947945384730821461e+00
-5.623588700488283365e+01 1.947903995825956303e+00
-5.531557124602865372e+01 1.947940078460967062e+00
-5.438032918570964114e+01 1.948157104898016190e+00
-5.343229979547526654e+01 1.947838728706745570e+00
-5.252867731458333367e+01 1.947645049857056110e+00
-5.158088042125650929e+01 1.947980936738846758e+00
-5.062480663802082859e+01 1.948200616310823197e+00
-4.966468740859374975e+01 1.948391642025585346e+00
-4.870498667360025991e+01 1.948195840667954259e+00
-4.772468671259766637e+01 1.948449480366999387e+00
-4.675898755738932522e+01 1.948223963898183086e+00
-4.578826646897786645e+01 1.948151268001176106e+00
-4.481745238180339186e+01 1.947952813508617709e+00
-4.384175585957031984e+01 1.947979344857890371e+00
-4.260961524830729275e+01 1.948080163985125957e+00
-4.166363183085937294e+01 1.947728358293772333e+00
-4.068849330120443142e+01 1.947919914635519945e+00
-3.969935845771485106e+01 1.947790441651069848e+00
-3.871171159443360210e+01 1.947812727984459036e+00
-3.773448059261068011e+01 1.947477902356639978e+00
-3.672604850579426738e+01 1.947811666730487890e+00
-3.573779715055338357e+01 1.947813789238429738e+00
-3.474898780273436927e+01 1.947935302818097902e+00
-3.375534251923827611e+01 1.948214943239430230e+00
-3.250962408857422048e+01 1.948567810184754778e+00
-3.150556294361979326e+01 1.948611321597561785e+00
-3.055558057936198324e+01 1.948592749653071055e+00
-2.956272578535156370e+01 1.948558789526002144e+00
-2.855987362431640975e+01 1.948851164994985341e+00
-2.755892793792318329e+01 1.948958882273031712e+00
-2.655454129729817581e+01 1.948426132779639719e+00
-2.554973616223958643e+01 1.948622995391241730e+00
-2.430550571178385866e+01 1.948959412900017174e+00
-2.329442316022135628e+01 1.948823572391741976e+00
-2.228780454928386234e+01 1.948932881550744955e+00
-2.127286254905599350e+01 1.948991250519144236e+00
-2.029149310227865044e+01 1.949141417956026689e+00
-1.927631860514323137e+01 1.949221542630829918e+00
-1.802190479013672331e+01 1.949258686519811379e+00
-1.700965975403646624e+01 1.949858295013370268e+00
-1.598783584534505842e+01 1.950061525148797603e+00
-1.498312370904948310e+01 1.950279612839818100e+00
-1.396887919954427382e+01 1.950474883570463724e+00
-1.296054011149088936e+01 1.950587376491379032e+00
-1.195540948076172150e+01 1.950941835317659967e+00
-1.069774070904948182e+01 1.951686304978247355e+00
-9.730042080436200891e+00 1.951763776518122828e+00
-8.725515941666669661e+00 1.952182971836628811e+00
-7.717130354231773737e+00 1.953098303386531676e+00
-6.712418217936200193e+00 1.953807751666079007e+00
-5.455307438802084796e+00 1.954838229271823824e+00
-4.438691460839844893e+00 1.955793888472620701e+00
-3.437187781868490166e+00 1.956624319704850512e+00
-2.423687262467449255e+00 1.957452097802153235e+00
-1.425624537727864904e+00 1.958224160065983988e+00
-4.111010319335938745e-01 1.959112960266613301e+00
8.541936383463542004e-01 1.959713099387158097e+00
1.837469559765625648e+00 1.960259645182171884e+00
2.835904279557292629e+00 1.960659737929201896e+00
3.842522890494792343e+00 1.961169139835234665e+00
4.848304512565105640e+00 1.961419065145381779e+00
5.851947163085939430e+00 1.961911486987879760e+00
7.108639447786460508e+00 1.962374724346178212e+00
8.123302451725264106e+00 1.962694692418405218e+00
9.133966508854170385e+00 1.963047028736744082e+00
1.012640280843099205e+01 1.963751701373422254e+00
1.114948220042317928e+01 1.964621929629561059e+00
1.211383287356771099e+01 1.965336153551977549e+00
1.336536372692057562e+01 1.965750573227614373e+00
1.437063385579427433e+01 1.966532717404168240e+00
1.538432037272135666e+01 1.967102080159556898e+00
1.639814638779297340e+01 1.968183497955905414e+00
1.740337001728515887e+01 1.968485424710626708e+00
1.840989562945963698e+01 1.969178423553625157e+00
1.942455863339844413e+01 1.969838523523525842e+00
2.066939357581380676e+01 1.970372334270889203e+00
2.168619555130208809e+01 1.970677975414508509e+00
2.265459167063802681e+01 1.970631810866774192e+00
2.365628134713541897e+01 1.970890226208688922e+00
2.466950287024740263e+01 1.971039863018585692e+00
2.567114604736328332e+01 1.971128477725156092e+00
2.668167060634765519e+01 1.971225582463493442e+00
2.795082472529297490e+01 1.971429343225906683e+00
2.897418311357422027e+01 1.971473915892684392e+00
2.997754676780598970e+01 1.971351871686030766e+00
3.100234663691406567e+01 1.971346565416176366e+00
3.201896261487630113e+01 1.971477099654596943e+00
3.302190777467448157e+01 1.971359300463826791e+00
3.403219983675131033e+01 1.971183662931642822e+00
3.506397461308593932e+01 1.971265379487402214e+00
3.609226193580729358e+01 1.971340197892350821e+00
3.734927971617837983e+01 1.971342851027278131e+00
3.836645368671874223e+01 1.971392729963910462e+00
3.937707124446615126e+01 1.971703146750399149e+00
4.038182988014323627e+01 1.971420853194139289e+00
4.139230793974609668e+01 1.971221868074595207e+00
4.240101902285156399e+01 1.971412363162372117e+00
4.341870448658854542e+01 1.971380525543245277e+00
4.439375001748047112e+01 1.971551918059545550e+00
4.540399558017577419e+01 1.971636287750232031e+00
4.640033782779948268e+01 1.971327462844699951e+00
4.741300135833333940e+01 1.971209133026944560e+00
4.843315128929037172e+01 1.971504692257840308e+00
4.943628244661459092e+01 1.971413955043328059e+00
5.043560065465494802e+01 1.971443670154513716e+00
5.145124014560547465e+01 1.971409710027445250e+00
5.246250869469400868e+01 1.971399628114721025e+00
5.347182426975911085e+01 1.971542366773807675e+00
5.445217073014323717e+01 1.971432526987819234e+00
5.544609500992839912e+01 1.971490365329232830e+00
5.646140900520833128e+01 1.971502039122913219e+00
5.746393567057291563e+01 1.971259542590562353e+00
5.846888030377604650e+01 1.971516366051520253e+00
5.947638240296223699e+01 1.971461180845033745e+00
6.048425649720052633e+01 1.971625675210523232e+00
6.149724552340495620e+01 1.971507876019753303e+00
6.249307627783203145e+01 1.971584816932643536e+00
6.350801827805990030e+01 1.971567306242123507e+00
6.452277428076170906e+01 1.971550326178589163e+00
6.548112653369140901e+01 1.971413955043328059e+00
6.648932612360026440e+01 1.971394321844867070e+00
6.749608423268230695e+01 1.971507345392767618e+00
6.850144736031900550e+01 1.971343912281248834e+00
6.950369502939452104e+01 1.971287135193805717e+00
7.051566106920573418e+01 1.971483467178422488e+00
7.152390715849610103e+01 1.971486650940335039e+00
7.252550383623047026e+01 1.971154478447443070e+00
7.353240144345703300e+01 1.971261134471518517e+00
7.452218727828777389e+01 1.971448976424368116e+00
7.554391818821615345e+01 1.971568898123079894e+00
7.650482790712889880e+01 1.971565183734181659e+00
7.750735457249349736e+01 1.971363014852725248e+00
7.851499616982422936e+01 1.971485059059378431e+00
7.951752283518881370e+01 1.971512651662622240e+00
8.053660328037109650e+01 1.971328524098671098e+00
