# User			Meike Reginka
# Sample		2020_0446_1
# State			after FC
# Profile		mere_beads_forc.txt
# Comment
# ML
# 
# Meas. type 		FORC
# angle (deg)		 0.000
# Hmin (kA/m)		-80.000
# Hmax (kA/m)		80.000
# pts./branch		161
# time/pt. (s)		 0.020
# dt (s)		 0.020
# nCycles		5
# Hstop (kA/m)		 0.000
# wait (s)		60.000
# nSched		5
# nMinorLoops		10
# nX			2
# nY			2
# dx (mm)		 0.250
# dy (mm)		 0.250
# avg. raster		no average raster
# Number			0
# ID			310314
# -----------------------------------------------
# H (kA/m) 	 I (arb.u.)
8.155898518164063660e+01 1.972500148482545512e+00
8.068386682161458623e+01 1.972678969776642255e+00
7.976457404915366567e+01 1.972500679109530752e+00
7.882542604078776094e+01 1.972743175641881841e+00
7.785047350865885107e+01 1.972581334411319665e+00
7.686319864042968675e+01 1.972875832388244266e+00
7.587815574251298756e+01 1.972794115832485096e+00
7.491203809287110005e+01 1.972741053133939992e+00
7.390142053512369102e+01 1.972823830943670531e+00
7.288829201077474806e+01 1.972779788903878062e+00
7.188023191901041287e+01 1.972830198467495855e+00
7.087314831425781847e+01 1.972692235451278808e+00
6.986890117177733828e+01 1.972834443483379108e+00
6.883893987132162806e+01 1.972614233284417429e+00
6.783650620472006665e+01 1.972649785292442504e+00
6.683193356656902040e+01 1.972882199912069812e+00
6.582912790491535304e+01 1.972442310141131916e+00
6.486682320455729212e+01 1.972504393498429209e+00
6.384425530576172036e+01 1.972468310863418672e+00
6.283652070966797254e+01 1.972460351458636740e+00
6.182627514697266236e+01 1.972761216959387331e+00
6.082105151748046978e+01 1.973052000547414142e+00
5.980694650611980023e+01 1.972713460530696628e+00
5.878340212031250189e+01 1.972659336578180600e+00
5.778087545494792465e+01 1.972886975554938971e+00
5.676900241389972734e+01 1.973099756976104402e+00
5.575987283636067104e+01 1.972510230395268849e+00
5.475246373593748928e+01 1.972635458363835470e+00
5.378829906031902652e+01 1.972431166974437211e+00
5.277424054833984712e+01 1.972518720427036243e+00
5.175669458274740009e+01 1.972456106442753043e+00
5.075863185800781707e+01 1.972677377895686313e+00
4.974736330891927594e+01 1.972746890030780298e+00
4.873339779570312658e+01 1.972723011816434724e+00
4.772408222063802441e+01 1.972671010371860323e+00
4.671127919195964040e+01 1.972643417768616958e+00
4.570614856123047076e+01 1.972812157149990586e+00
4.469971594781901558e+01 1.972845056023088350e+00
4.370072323544921744e+01 1.972434350736349762e+00
4.271219288391927194e+01 1.972589293816101153e+00
4.169404242636719005e+01 1.972585579427202918e+00
4.068951628759766237e+01 1.972547904911235994e+00
3.967601576819661346e+01 1.972512883530196381e+00
3.867395409664714379e+01 1.972442840768116712e+00
3.739298913479817799e+01 1.972798891475354033e+00
3.638702151520182326e+01 1.972630152093981071e+00
3.537101002919921910e+01 1.972561701212857788e+00
3.437313330198567485e+01 1.973165024095315134e+00
3.335940028567708282e+01 1.972819055300801372e+00
3.238444775354817295e+01 1.972759094451445483e+00
3.136987774837239940e+01 1.972697011094147745e+00
3.035419175804036840e+01 1.972610518895519638e+00
2.934115623245442350e+01 1.972510230395268849e+00
2.808306896630859484e+01 1.972626968332068076e+00
2.705752510709635317e+01 1.972560639958887085e+00
2.603863065944010557e+01 1.972576028141464821e+00
2.502531613756510964e+01 1.972594600085955552e+00
2.401614006064453122e+01 1.972587701935144766e+00
2.300398802330730064e+01 1.972469902744374837e+00
2.203475491510417328e+01 1.972643417768617402e+00
2.072403034908854380e+01 1.972554803062047002e+00
1.971871372083333895e+01 1.972374389886993873e+00
1.870284173297526564e+01 1.972619008927286366e+00
1.768929471419270882e+01 1.972683214792525952e+00
1.667286473375651212e+01 1.972337245998011968e+00
1.565643475332031898e+01 1.972742114387910695e+00
1.463921428339843978e+01 1.972506516006370836e+00
1.337615158343099431e+01 1.972491658450778562e+00
1.237139294775390930e+01 1.972401982490237238e+00
1.140625178512370042e+01 1.972572844379551826e+00
1.038545086282552177e+01 1.972762808840343274e+00
9.376042288997398444e+00 1.972577620022421208e+00
8.372864632291669551e+00 1.972392431204498919e+00
7.108499949641927884e+00 1.972659336578180600e+00
6.111971704492189517e+00 1.972476270268200382e+00
5.085497857649740716e+00 1.972580273157348518e+00
4.089946099511720057e+00 1.972466188355476824e+00
3.075050598665365342e+00 1.972510761022254089e+00
2.078150358463541902e+00 1.972392961831484604e+00
8.460097472005210228e-01 1.972438065125247775e+00
-1.691182505533854186e-01 1.972702317364002145e+00
-1.189128683365885619e+00 1.972742114387910917e+00
-2.187563403157552155e+00 1.972476800895185622e+00
-3.197018476367188278e+00 1.972533047355643276e+00
-4.204241579264324180e+00 1.972373328633023171e+00
-5.465537302734376546e+00 1.972667826609947772e+00
-6.469458949544272919e+00 1.972581865038304905e+00
-7.481657486263023848e+00 1.972538353625497898e+00
-8.494460514941406970e+00 1.972956487690033178e+00
-9.497173177832033630e+00 1.972515006038138230e+00
-1.070755207854817925e+01 1.972515536665123470e+00
-1.172751601197916926e+01 1.972229528719965819e+00
-1.272883369342448390e+01 1.972310714648739527e+00
-1.373945125117187871e+01 1.972171159751566094e+00
-1.474276840602213667e+01 1.971718004305991645e+00
-1.574278410478515866e+01 1.971681921670980664e+00
-1.676869995904948496e+01 1.971216561804740808e+00
-1.801804534147136039e+01 1.970524624215713505e+00
-1.902666342581380476e+01 1.969797134618660683e+00
-2.003718798479818020e+01 1.969022419219902620e+00
-2.099554023772786948e+01 1.968191457360686902e+00
-2.201108672991536608e+01 1.967174776056563879e+00
-2.301710084889323582e+01 1.966515206713648212e+00
-2.427290964534505235e+01 1.965248069472392833e+00
-2.528013274824219536e+01 1.964687196748771347e+00
-2.629079680537109454e+01 1.963602064563525262e+00
-2.731596866953125513e+01 1.963019966760485957e+00
-2.833021317903645908e+01 1.962146024115448917e+00
-2.933357683326822496e+01 1.961320899153073505e+00
-3.034968131803385916e+01 1.960739862604004902e+00
-3.134016464358724363e+01 1.960475079738265070e+00
-3.260597080706380524e+01 1.959346966767196996e+00
-3.364016355123697366e+01 1.958645477892431819e+00
-3.465524504960936980e+01 1.957928600835087796e+00
-3.567093103994140790e+01 1.957330053595499608e+00
-3.667875863479817866e+01 1.956965512856495337e+00
-3.768542374511719117e+01 1.956725138832086319e+00
-3.869441382451172018e+01 1.955979077290542323e+00
-3.970624036617838470e+01 1.955780622797984369e+00
-4.071141749628906581e+01 1.955152891074196653e+00
-4.172045407506510628e+01 1.954866352502053095e+00
-4.293487842197266957e+01 1.954179190555894507e+00
-4.394544948033854581e+01 1.953566847014684305e+00
-4.496629690201823593e+01 1.953133324767570844e+00
-4.596031418056641371e+01 1.952586248345571596e+00
-4.697260571604817869e+01 1.952204196916047296e+00
-4.798159579544271480e+01 1.951742551438705009e+00
-4.900388469794921775e+01 1.951398705152132651e+00
-4.999604200123698661e+01 1.951116411595873235e+00
-5.100507858001302708e+01 1.950781585968054177e+00
-5.201285967548827927e+01 1.950556600126223117e+00
-5.298037230657553209e+01 1.950280674093789024e+00
-5.398819990143229575e+01 1.949949562854867757e+00
-5.498719261380208678e+01 1.949984584235907592e+00
-5.598530183792318127e+01 1.949862009402268503e+00
-5.699861635979819141e+01 1.949583960861892784e+00
-5.800151502021484617e+01 1.949217297614946220e+00
-5.902171145055339707e+01 1.949213583226047763e+00
-6.027268431132813475e+01 1.948880349479185092e+00
-6.127744294700520555e+01 1.948745570224880375e+00
-6.228015560989584287e+01 1.948663853669121426e+00
-6.328007830989582772e+01 1.948668098685005123e+00
-6.424805593479817389e+01 1.948915901487210167e+00
-6.525811549996744532e+01 1.948700466931117647e+00
-6.627338299586588732e+01 1.948573647081594862e+00
-6.726819076389972452e+01 1.948603892819765537e+00
-6.827378638844400882e+01 1.948568340811740462e+00
-6.928914688310547376e+01 1.948385274501759801e+00
-7.028237367216797793e+01 1.948333803684171306e+00
-7.128931777877602372e+01 1.948417642747872769e+00
-7.229337892373047225e+01 1.948546054478351053e+00
-7.329934654332683408e+01 1.948722753264506169e+00
-7.426360421770834819e+01 1.948805531074236486e+00
-7.527412877669270586e+01 1.948473358581344961e+00
-7.627014552864584118e+01 1.948447888486043000e+00
-7.727811262164713924e+01 1.948368825065210919e+00
-7.827431537112630622e+01 1.948721161383550005e+00
-7.927428457050780253e+01 1.948478134224213676e+00
-8.028555311959638630e+01 1.948524298771948216e+00
-8.129835614827473478e+01 1.948308864215855030e+00
-8.230348677900390442e+01 1.948125267278889128e+00
-8.232473699635416153e+01 1.948393764533526751e+00
-8.146961337037760131e+01 1.948157635525001652e+00
-8.058012670146484879e+01 1.948327966787331222e+00
-7.965348702672528702e+01 1.948456909144795635e+00
-7.873126479322917248e+01 1.948568340811740462e+00
-7.780894956097004922e+01 1.948425602152653813e+00
-7.687240551796875820e+01 1.948343354969909402e+00
-7.592884006835936361e+01 1.948281802239596905e+00
-7.497504475481771635e+01 1.948425071525668573e+00
-7.407309625166014655e+01 1.948233515183920961e+00
-7.311093104944662002e+01 1.948478134224213676e+00
-7.215681024023437828e+01 1.947935833445083365e+00
-7.120078295638020904e+01 1.948013835611944522e+00
-7.023410731416015551e+01 1.947979875484875611e+00
-6.926171224801431947e+01 1.947972446707079586e+00
-6.828197027958985643e+01 1.947977752976933763e+00
-6.730543676848957091e+01 1.948131634802714673e+00
-6.633239071100261697e+01 1.948341232461967554e+00
-6.534269787493488479e+01 1.948152329255147253e+00
-6.435565550361329201e+01 1.948317884874607886e+00
-6.339837273645832738e+01 1.948352906255647277e+00
-6.243574254042969329e+01 1.948333273057185622e+00
-6.144604970436198954e+01 1.948442582216188157e+00
-6.022209298424479584e+01 1.948298782303131249e+00
-5.922747121373697610e+01 1.948211228850531995e+00
-5.822852500074870363e+01 1.948219718882299389e+00
-5.723892516344401571e+01 1.948148084239263556e+00
-5.625132479954428533e+01 1.948736549566127962e+00
-5.525828400800781992e+01 1.948481317986126449e+00
-5.425789631419272041e+01 1.948342293715938700e+00
-5.325081270944009759e+01 1.948174084961550534e+00
-5.230864224127603990e+01 1.948407030208163526e+00
-5.130718506168621218e+01 1.948201677564794343e+00
-5.032265365696615333e+01 1.948244127723630204e+00
-4.930640967405599895e+01 1.948130573548743527e+00
-4.830843994807943886e+01 1.948216535120386617e+00
-4.730047285507811949e+01 1.948296129168204160e+00
-4.630631607838542152e+01 1.948111470977267778e+00
-4.530723036725260755e+01 1.948235107064877569e+00
-4.429703130393880883e+01 1.948239352080761044e+00
-4.305326584729817796e+01 1.948072735207329487e+00
-4.204646123883463815e+01 1.948075918969242482e+00
-4.107029972278645857e+01 1.948164533675812438e+00
-4.007349248134766384e+01 1.948088654016893351e+00
-3.907552275537109665e+01 1.948116777247121734e+00
-3.806606768216146008e+01 1.948343885596894642e+00
-3.705354364977213777e+01 1.948202208191779583e+00
-3.603488169902343685e+01 1.948503604319515192e+00
-3.504481686790364137e+01 1.948278618477684354e+00
-3.402940987386067917e+01 1.948414989612945236e+00
-3.276416170296224095e+01 1.948244658350615444e+00
-3.175028918850911452e+01 1.948367763811240216e+00
-3.079016995908202858e+01 1.948234045810906423e+00
-2.978229586484375346e+01 1.948312047977767580e+00
-2.876786535781250365e+01 1.948750345867749978e+00
-2.776013076171875227e+01 1.948488746763922697e+00
-2.675765059573568294e+01 1.948486093628995608e+00
-2.573187423961589104e+01 1.948350253120719744e+00
-2.447680943326822955e+01 1.948554544510118447e+00
-2.345944946520182839e+01 1.948670221192946972e+00
-2.245227286168620040e+01 1.948650587994484873e+00
-2.144109731136068220e+01 1.948733896431201096e+00
-2.045768189179688079e+01 1.948839491201305396e+00
-1.942246616123047431e+01 1.949187051876775545e+00
-1.816056594580078354e+01 1.949055987011369284e+00
-1.713720755751953817e+01 1.948994434281057231e+00
-1.612384653626302367e+01 1.949011414344591575e+00
-1.510871853850911783e+01 1.949034761931951243e+00
-1.409521801910807781e+01 1.949262931535695076e+00
-1.308120600651041698e+01 1.949295830408792840e+00
-1.207328541289062684e+01 1.949463508536195322e+00
-1.082147556324870052e+01 1.949799395417985526e+00
-9.826714294596357036e+00 1.950133159791833881e+00
-8.828744568619795174e+00 1.950662194896327639e+00
-7.829844855013023519e+00 1.951344050572631605e+00
-6.819785289843752096e+00 1.952026436875921256e+00
-5.564255489680991928e+00 1.953059036989608366e+00
-4.542292082845053258e+00 1.953880978190071005e+00
-3.536184965104167688e+00 1.955405469519270856e+00
-2.522870443229167314e+00 1.956706566887595145e+00
-1.525086714778646213e+00 1.957662226088391577e+00
-5.043787912434897214e-01 1.958434818979207792e+00
7.693322670898439242e-01 1.959353864918008448e+00
1.732380957552083878e+00 1.960314299761673595e+00
2.749089934277344494e+00 1.961165425446336208e+00
3.748082646647135974e+00 1.961559681296525914e+00
4.759955687695313742e+00 1.962029816805635152e+00
5.768573772037761671e+00 1.962586975140358625e+00
7.024568566015627624e+00 1.963125030903604795e+00
8.034581631803387580e+00 1.963468877190177153e+00
9.036829300878908455e+00 1.963954400881864348e+00
1.003814698232422131e+01 1.964567275050059569e+00
1.105815741513672279e+01 1.965167944797589605e+00
1.201790464951172233e+01 1.965910291950234923e+00
1.326957500100911957e+01 1.966801745285791769e+00
1.428558648701172196e+01 1.967435844533405476e+00
1.529555305341797045e+01 1.968403708154867537e+00
1.630570561735026658e+01 1.968995887870629957e+00
1.731981062871094323e+01 1.969755215086809841e+00
1.832814971676432592e+01 1.970022120460491521e+00
1.933407083697917273e+01 1.970450867064735823e+00
2.057839428619791988e+01 1.970771365763948069e+00
2.161040155944010621e+01 1.971172519764948561e+00
2.256424337236328626e+01 1.971280767669980394e+00
2.357179197093099177e+01 1.971673431639213936e+00
2.458264202558594036e+01 1.971754086941001960e+00
2.559033012229818382e+01 1.972104300751399641e+00
2.659429826848958101e+01 1.972128709592730011e+00
2.787879718333333656e+01 1.972196629846867610e+00
2.889327418974609429e+01 1.972424268823625981e+00
2.990333375491536572e+01 1.972293734585205405e+00
3.092715713701171865e+01 1.972307000259841736e+00
3.194479610136718861e+01 1.972319735307492383e+00
3.295843611891275771e+01 1.972304877751899888e+00
3.395993979788411110e+01 1.972069279370359585e+00
3.499515552845051758e+01 1.972299040855059804e+00
3.598991679710286462e+01 1.972358471077430453e+00
3.725511846861979137e+01 1.972307000259841736e+00
3.826703800904947883e+01 1.972119688933977599e+00
3.929555782867839042e+01 1.972441779514146010e+00
4.030087445693359882e+01 1.972474678387243774e+00
4.129916967858073207e+01 1.972677908522671331e+00
4.230769476416016062e+01 1.972524026696890864e+00
4.333742356770832771e+01 1.972327164085288631e+00
4.430061175631510650e+01 1.972137730251482868e+00
4.530853234993490020e+01 1.972389247442586147e+00
4.631589495097657050e+01 1.972606273879635497e+00
4.732837248398437424e+01 1.972358471077430453e+00
4.834810392050781047e+01 1.972389247442586369e+00
4.935625701103516150e+01 1.972421615688698893e+00
5.035641220794271078e+01 1.972624845824126227e+00
5.137470216363932707e+01 1.972473086506287387e+00
5.237374137539062957e+01 1.972628029586039222e+00
5.338040648570962787e+01 1.972877424269200652e+00
5.437986419189454068e+01 1.972543659895352519e+00
5.536095464238282204e+01 1.972715583038638476e+00
5.636966572548828935e+01 1.972710807395769539e+00
5.737777231663412181e+01 1.972310184021754287e+00
5.838294944674479581e+01 1.972283122045496162e+00
5.939663596367187637e+01 1.972627498959053760e+00
6.040595153873698564e+01 1.972497495347618202e+00
6.141303514348958714e+01 1.972481576538054560e+00
6.241486431813152080e+01 1.972371736752066340e+00
6.342194792288411520e+01 1.972500679109531196e+00
6.443781991074217785e+01 1.972245447529529461e+00
6.540184508821614884e+01 1.972224753077096437e+00
6.640999817874347855e+01 1.972429575093480825e+00
6.741624479462889497e+01 1.972637580871777097e+00
6.841756247607422381e+01 1.972615294538388575e+00
6.943004000908203466e+01 1.972634927736849564e+00
7.043772810579427812e+01 1.972903955618473093e+00
7.145267010602212565e+01 1.972708684887827246e+00
7.244682688271484494e+01 1.972665704102006146e+00
7.345451497942707419e+01 1.972657744697223992e+00
7.445806463118491081e+01 1.972627498959053760e+00
7.547658708378905601e+01 1.972544721149323443e+00
7.643382335156250917e+01 1.972690112943336960e+00
7.742932861031900416e+01 1.972706562379885842e+00
7.843766769837242236e+01 1.972590885697057317e+00
7.944516979755860575e+01 1.972667826609947772e+00
8.046262276438801564e+01 1.972624845824126671e+00
