# User			Meike Reginka
# Sample		2020_0446_1
# State			after FC
# Profile		mere_beads_forc.txt
# Comment
# ML
# 
# Meas. type 		FORC
# angle (deg)		 0.000
# Hmin (kA/m)		-80.000
# Hmax (kA/m)		80.000
# pts./branch		161
# time/pt. (s)		 0.020
# dt (s)		 0.020
# nCycles		5
# Hstop (kA/m)		 0.000
# wait (s)		60.000
# nSched		5
# nMinorLoops		10
# nX			2
# nY			2
# dx (mm)		 0.250
# dy (mm)		 0.250
# avg. raster		no average raster
# Number			42
# ID			310356
# -----------------------------------------------
# H (kA/m) 	 I (arb.u.)
8.157558546083986073e+01 1.971804496504620197e+00
8.070586102906901260e+01 1.971722779948860582e+00
7.977252544339194174e+01 1.971589592575512473e+00
7.882933198883463888e+01 1.971639471512145025e+00
7.785056650742187401e+01 1.971350279805074379e+00
7.686324513981119821e+01 1.971498324734015206e+00
7.587299431116535686e+01 1.971250521931809274e+00
7.490376120296222950e+01 1.971490895956218736e+00
7.388598274046222514e+01 1.971529101099171344e+00
7.288722252499999854e+01 1.971303054003369359e+00
7.188078991158855047e+01 1.971342851027278131e+00
7.086398793610025848e+01 1.971460119591062599e+00
6.986187976516927733e+01 1.971416608178255814e+00
6.884442679833985324e+01 1.971538652384909440e+00
6.783706419729819004e+01 1.971620899567653851e+00
6.682430766800131039e+01 1.971777965155347090e+00
6.582298998655598155e+01 1.971738168131438762e+00
6.485315238639323354e+01 1.971630981480378075e+00
6.383369994615885901e+01 1.971902662496928249e+00
6.282903430924480404e+01 1.971949357671647807e+00
6.181237183190106066e+01 1.971713228663122486e+00
6.080849668447265799e+01 1.971759393210856359e+00
5.978839325289714424e+01 1.971736045623496913e+00
5.877777569514974232e+01 1.971782210171230787e+00
5.776780912874349383e+01 1.971734453742540527e+00
5.677100188730469199e+01 1.971757270702914955e+00
5.574680651015625443e+01 1.971767352615638291e+00
5.475041776315104158e+01 1.971811394655430760e+00
5.378699707763671967e+01 1.972194507338926206e+00
5.276517316894532428e+01 1.971879845536553821e+00
5.175376512171224164e+01 1.971879845536554043e+00
5.075198244645181944e+01 1.972091035076763310e+00
4.975243174150391212e+01 1.971898948108030458e+00
4.872707387981770921e+01 1.971697309853559066e+00
4.770817943216146517e+01 1.971770536377550842e+00
4.670104932802734510e+01 1.971254766947693415e+00
4.569945265029297587e+01 1.971233541868274930e+00
4.467623376015624359e+01 1.971146519042661360e+00
4.369518980904948080e+01 1.971069578129770905e+00
4.269503461214193152e+01 1.971357708582870849e+00
4.168878799625650799e+01 1.971131130860083180e+00
4.067779844345702855e+01 1.971309421527194461e+00
3.966801787457682593e+01 1.971225582463493442e+00
3.866358473457031408e+01 1.971295094598587427e+00
3.739643008902995547e+01 1.971277583908067399e+00
3.637674515188802360e+01 1.971075415026610989e+00
3.536408162135416688e+01 1.971291380209689414e+00
3.435904398938802018e+01 1.971316319678005247e+00
3.334293950462239309e+01 1.971311544035136754e+00
3.238119279684244844e+01 1.971468609622829549e+00
3.135490494752604818e+01 1.971738168131438762e+00
3.033591750110677054e+01 1.971635226496260884e+00
2.932790390872395392e+01 1.971970582751066292e+00
2.807149062031250253e+01 1.971540244265865827e+00
2.704785323574219191e+01 1.971442608900542570e+00
2.602477384375000113e+01 1.971667594742373630e+00
2.502396765550130908e+01 1.971701554869442319e+00
2.401381509156901473e+01 1.971523264202331038e+00
2.296762550696615079e+01 1.971589592575512473e+00
2.199006900947266274e+01 1.971790169576012719e+00
2.071254500185547442e+01 1.971583225051686927e+00
1.969509203502605033e+01 1.971771067004536748e+00
1.867847605706380776e+01 1.971878253655597879e+00
1.767808836324870114e+01 1.972066626235432496e+00
1.665649695146484532e+01 1.971878784282583119e+00
1.564653038505859683e+01 1.972100055735515500e+00
1.463354135885417229e+01 1.972128709592730678e+00
1.337154814466146036e+01 1.972175935394435031e+00
1.235934960794271120e+01 1.972097402600588412e+00
1.138328109065755456e+01 1.972148873418177351e+00
1.037396551559245061e+01 1.972205650505620689e+00
9.377018776009116152e+00 1.972257651950194646e+00
8.368261193522137376e+00 1.971884090552437518e+00
7.109011442838543360e+00 1.971924948830317437e+00
6.101788339941407457e+00 1.971455874575178902e+00
5.090194295182293160e+00 1.971064271859916506e+00
4.090085597656250904e+00 1.971107252645738050e+00
3.081095518261719235e+00 1.970802142129103984e+00
2.072105438867188010e+00 1.971066394367858354e+00
8.463352428710939623e-01 1.971014392923283953e+00
-1.739076868489583538e-01 1.971199051114221223e+00
-1.187594203776041857e+00 1.971820415314183395e+00
-2.191515850585938008e+00 1.971208602399959098e+00
-3.192740533268229708e+00 1.971327993471685192e+00
-4.210565495149739768e+00 1.971407056892517495e+00
-5.464049322526043362e+00 1.971267501995344062e+00
-6.466901483561199093e+00 1.971487181567320723e+00
-7.474357083365887888e+00 1.971545550535720226e+00
-8.482928668326824351e+00 1.971900539988986401e+00
-9.490012273079429406e+00 1.972014624790858539e+00
-1.070215815029296991e+01 1.971813517163372609e+00
-1.171305470432942997e+01 1.971632042734348778e+00
-1.272557873671875406e+01 1.971295625225573112e+00
-1.373043037115885490e+01 1.971197459233264615e+00
-1.473007407486979403e+01 1.971095578852058328e+00
-1.573999414189453638e+01 1.970904553137295956e+00
-1.675214617923177940e+01 1.970386130572510552e+00
-1.800377003134766341e+01 1.969724438721653925e+00
-1.901489908229167014e+01 1.968833516013082763e+00
-2.001431028909506082e+01 1.968165456638400146e+00
-2.098424088802083887e+01 1.967148244707290772e+00
-2.199578843339844525e+01 1.966301894665497318e+00
-2.299320016679688194e+01 1.965422645750605657e+00
-2.424868346757812887e+01 1.964208040580909698e+00
-2.525892903027343905e+01 1.963067723189176439e+00
-2.627084857070313006e+01 1.962429909552664942e+00
-2.728862703320313088e+01 1.961431800193032648e+00
-2.830640549570312814e+01 1.960443772746123248e+00
-2.930604919941406195e+01 1.959580442640795228e+00
-3.031731774850260308e+01 1.958896995083534875e+00
-3.130766157591146026e+01 1.958175873010307599e+00
-3.256751581855468203e+01 1.957632510977206808e+00
-3.359589614003905211e+01 1.957226581333336712e+00
-3.461911503017577019e+01 1.956684280554206401e+00
-3.563931146051432819e+01 1.956275167148423977e+00
-3.665025451393228906e+01 1.955881972552205417e+00
-3.766459202220051594e+01 1.955488247329000728e+00
-3.866651419560547254e+01 1.955208076280682938e+00
-3.967931722428385655e+01 1.954844596795649814e+00
-3.969331353811849539e+01 1.954608998414109067e+00
-3.881494022138672051e+01 1.954621733461760158e+00
-3.788862604231771769e+01 1.954870066890951108e+00
-3.694347961373697586e+01 1.954971947272157839e+00
-3.600103014928384937e+01 1.954960804105463357e+00
-3.505323325595703210e+01 1.955243097661722551e+00
-3.410069342571614470e+01 1.955459593471786661e+00
-3.313815622845051934e+01 1.954992111097604734e+00
-3.192824232154947595e+01 1.955094522105796262e+00
-3.100760106702473706e+01 1.955245220169664622e+00
-3.004199491057942950e+01 1.955287670328500926e+00
-2.907090182711588966e+01 1.955430939614572372e+00
-2.809487980921224448e+01 1.955459593471786661e+00
-2.712425171956380865e+01 1.955637884138898164e+00
-2.613469838164062509e+01 1.955761520226507955e+00
-2.515193395341797356e+01 1.955915402052288643e+00
-2.391904935205078786e+01 1.956245982664224448e+00
-2.293558743310547143e+01 1.956593543339694596e+00
-2.194045416940105042e+01 1.956712934411420690e+00
-2.093969448053385918e+01 1.956941104015164745e+00
-1.999380406184896231e+01 1.957169804245893818e+00
-1.900322773753255490e+01 1.957345441778077788e+00
-1.776225224378255874e+01 1.957360829960655968e+00
-1.676516600605468810e+01 1.957577325770719856e+00
-1.575552493531901632e+01 1.957878191271470003e+00
-1.475964768151041895e+01 1.958235303232678248e+00
-1.376939685286458825e+01 1.958150402915006083e+00
-1.276807917141927362e+01 1.958357878066317115e+00
-1.176941195472005397e+01 1.958636987860663980e+00
-1.051806709889323166e+01 1.958942629004283731e+00
-9.553344430696617096e+00 1.959177696758838572e+00
-8.557746173177084970e+00 1.959429213949942072e+00
-7.551592556054689709e+00 1.960025638681588411e+00
-6.558551764518231408e+00 1.960361525563378837e+00
-5.311484851790366335e+00 1.960891621921843964e+00
-4.305982226009115621e+00 1.961396778811993036e+00
-3.302990566829427710e+00 1.961814382249542410e+00
-2.306136826009115293e+00 1.962560974418071424e+00
-1.296402756510416809e+00 1.962816205998072938e+00
-2.924811097005208249e-01 1.963017313625559090e+00
9.404034916666669242e-01 1.963257157022982646e+00
1.938326718261718984e+00 1.963729945667018528e+00
2.951036748177084057e+00 1.963976687215253314e+00
3.945984014355469416e+00 1.964289226509683406e+00
4.947487693326825031e+00 1.964527478026151019e+00
5.955687283235679530e+00 1.964647399724862797e+00
7.213216556803387469e+00 1.964979572217754766e+00
8.217742695572921363e+00 1.965582364473226651e+00
9.221664342382814183e+00 1.965817432227781048e+00
1.022177303990885555e+01 1.966434020784874726e+00
1.122867064713541652e+01 1.967248533207541561e+00
1.219488129554036782e+01 1.967472457795401475e+00
1.344571465817057643e+01 1.968117169582723980e+00
1.445726220354818103e+01 1.968879149933830952e+00
1.546973973655599188e+01 1.969632109626185512e+00
1.647505636481120206e+01 1.970074121905065923e+00
1.748404644420573462e+01 1.970498623493426082e+00
1.848080718626302499e+01 1.971000596621662826e+00
1.948923927307943416e+01 1.971057904336090960e+00
2.074151411653646448e+01 1.970939574518335791e+00
2.176617448750000250e+01 1.971559877464327259e+00
2.272220177135417529e+01 1.971548203670647315e+00
2.372393794723307536e+01 1.971859681711106704e+00
2.472339565341797396e+01 1.971616654551770154e+00
2.573661717652994696e+01 1.971803435250649050e+00
2.674839721881510357e+01 1.971798659607780113e+00
2.801531936744792262e+01 1.971494079718131509e+00
2.903370232190755118e+01 1.971552979313516474e+00
3.004827232708332829e+01 1.971577388154847288e+00
3.105665791451822955e+01 1.971416077551270352e+00
3.208703770940755362e+01 1.971445792662455565e+00
3.307240610299478334e+01 1.971491957210189883e+00
3.408297716136067379e+01 1.971685636059878677e+00
3.511484493645833282e+01 1.971708453020253549e+00
3.614736370289713818e+01 1.971938214504953768e+00
3.739470961191405962e+01 1.972123403322875834e+00
3.841816099895833503e+01 1.971939806385909932e+00
3.942868555794270691e+01 1.971856497949193709e+00
4.043604815898437721e+01 1.971927071338258841e+00
4.144880468828125686e+01 1.971904254377884858e+00
4.245221484189453776e+01 1.972072993759258042e+00
4.347106279016927033e+01 1.971897886854059312e+00
4.444350435569661073e+01 1.971861273592063091e+00
4.544133458352865063e+01 1.971774781393434539e+00
4.644562822539062807e+01 1.971741882520336775e+00
4.745694327386068068e+01 1.971762576972769354e+00
4.846960680439454450e+01 1.972083606298967062e+00
4.948240983307292140e+01 1.971735514996511229e+00
5.048186753925782000e+01 1.971952541433560802e+00
5.149448457041015814e+01 1.971749311298133023e+00
5.250240516402993762e+01 1.971823599076095945e+00
5.351144174280599941e+01 1.971893111211190375e+00
5.448113984482422723e+01 1.971653798440752059e+00
5.548901393906251656e+01 1.971678207282082873e+00
5.648358921018880352e+01 1.971713228663122486e+00
5.748862684215495733e+01 1.971410240654430268e+00
5.848650356936849448e+01 1.971710575528194953e+00
5.950265455351563304e+01 1.971854906068237545e+00
6.051917753271484912e+01 1.971770536377550842e+00
6.152440116220704169e+01 1.971523794829316278e+00
6.252376586962890315e+01 1.971595960099338019e+00
6.352513005045573635e+01 1.971363545479710710e+00
6.455062741028645235e+01 1.972132954608613931e+00
6.550279524547526933e+01 1.972061850592563559e+00
6.651020434589844399e+01 1.971939275758924470e+00
6.750882506321615040e+01 1.971978542155847336e+00
6.851097973352864301e+01 1.971280237042994932e+00
6.952001631230469059e+01 1.971572081884992889e+00
7.053574880201823305e+01 1.971561999972269108e+00
7.154106543027344856e+01 1.971112558915592450e+00
7.254015114140624121e+01 1.971207010519002711e+00
7.353393592304688298e+01 1.971572081884992445e+00
7.453390512242837929e+01 1.971819884687197932e+00
7.555596152802733911e+01 1.971401219995677412e+00
7.651738274013671059e+01 1.971543428027778155e+00
7.752037439931640961e+01 1.971719065559962347e+00
7.852392405107421780e+01 1.971361953598754102e+00
7.952347475602215354e+01 1.971306768392267372e+00
8.053478980449219193e+01 1.971253705693722269e+00
