# User			Meike Reginka
# Sample		2020_0446_1
# State			after FC
# Profile		mere_beads_forc.txt
# Comment
# ML
# 
# Meas. type 		FORC
# angle (deg)		 0.000
# Hmin (kA/m)		-80.000
# Hmax (kA/m)		80.000
# pts./branch		161
# time/pt. (s)		 0.020
# dt (s)		 0.020
# nCycles		5
# Hstop (kA/m)		 0.000
# wait (s)		60.000
# nSched		5
# nMinorLoops		10
# nX			2
# nY			2
# dx (mm)		 0.250
# dy (mm)		 0.250
# avg. raster		no average raster
# Number			78
# ID			310392
# -----------------------------------------------
# H (kA/m) 	 I (arb.u.)
8.159581269179687979e+01 1.972895465586706143e+00
8.073403965426433615e+01 1.972626968332067854e+00
7.979865809580080338e+01 1.972555333689032242e+00
7.884607176617839741e+01 1.972586110054188602e+00
7.787590867034505493e+01 1.972554803062046780e+00
7.688686682561849750e+01 1.972596722593897400e+00
7.589191955944009749e+01 1.972690643570322200e+00
7.491464205823568534e+01 1.972612641403461042e+00
7.390899993430990378e+01 1.972435942617305926e+00
7.289801038151043144e+01 1.972617947673315442e+00
7.188962479407551598e+01 1.972707623633856544e+00
7.088793511757812382e+01 1.972556925569988850e+00
6.987410910250649465e+01 1.972741053133939992e+00
6.885749312454427695e+01 1.972875832388244710e+00
6.784934003401693303e+01 1.973241434381219905e+00
6.684425590266927486e+01 1.972942691388411163e+00
6.583401033997395757e+01 1.973018040420345232e+00
6.486645120950521459e+01 1.973132125222217148e+00
6.384676627236328272e+01 1.972873179253317177e+00
6.283517222760417553e+01 1.973338008492571793e+00
6.182873961419270614e+01 1.973160248452445975e+00
6.082328348779297045e+01 1.973063674341093865e+00
5.980141307972005649e+01 1.972915098785168020e+00
5.878693607330730231e+01 1.973296088960720951e+00
5.777743450071614006e+01 1.972780850157848764e+00
5.676932790957030761e+01 1.973143268388911409e+00
5.577159068050129065e+01 1.972859382951695384e+00
5.475306822789714545e+01 1.972845586650073813e+00
5.379015903557942835e+01 1.972779258276892378e+00
5.277507753720703931e+01 1.972763339467329180e+00
5.177120238977865085e+01 1.972836565991320956e+00
5.075867835738932854e+01 1.972570191244624738e+00
4.976396358811848586e+01 1.972593008204999165e+00
4.873516477220051968e+01 1.972662520340093595e+00
4.772329173115235079e+01 1.972626437705082614e+00
4.671397615608724863e+01 1.972794646459470558e+00
4.570875252659505605e+01 1.972632805228908381e+00
4.469190405172525971e+01 1.972648193411486339e+00
4.370881412783202791e+01 1.972762808840343496e+00
4.270568297050781581e+01 1.972636519617806616e+00
4.170557427298177799e+01 1.973050939293442996e+00
4.069770017874349577e+01 1.972894404332735441e+00
3.967731775087890611e+01 1.973162370960387824e+00
3.867093163684896240e+01 1.973153880928620429e+00
3.740270750553385426e+01 1.972954365182091330e+00
3.639446141624348741e+01 1.972906078126415386e+00
3.536701108238931823e+01 1.973085960674482608e+00
3.436620489414062263e+01 1.973117267666624430e+00
3.335907479000651676e+01 1.972915098785167576e+00
3.238198328632812206e+01 1.973015387285417921e+00
3.136029887578125397e+01 1.972886975554938749e+00
3.035474975061848824e+01 1.972986202801218170e+00
2.933952875410156125e+01 1.973031836721966803e+00
2.807939551516927423e+01 1.973136370238100845e+00
2.705854809348959122e+01 1.973146982777809644e+00
2.603691018232422039e+01 1.973547075524839434e+00
2.502638562333984851e+01 1.973281231405128455e+00
2.401739554394531240e+01 1.973331110341761452e+00
2.297069446614583654e+01 1.973910555009872780e+00
2.200034537278646241e+01 1.973740223747543432e+00
2.072370485341797419e+01 1.973591648191617143e+00
1.970020696699219442e+01 1.973433521349952757e+00
1.869182137955729672e+01 1.973097634468162553e+00
1.768455177727865291e+01 1.972767584483212433e+00
1.665831042734375345e+01 1.972671540998845785e+00
1.564769286959635863e+01 1.972942160761426145e+00
1.462833342812500348e+01 1.972787217681673866e+00
1.337643057972005778e+01 1.972840811007204653e+00
1.236790549414062745e+01 1.973132125222217370e+00
1.139276696448568060e+01 1.973011142269534224e+00
1.037838295683594225e+01 1.973159717825460291e+00
9.380227233333336301e+00 1.972943222015396403e+00
8.376770580338543937e+00 1.972989386563130942e+00
7.113800879134116961e+00 1.973023346690199631e+00
6.114715168001302992e+00 1.972981957785334917e+00
5.093030757454428681e+00 1.973041918634690362e+00
4.094410040136719608e+00 1.973053592428370528e+00
3.086721943424479697e+00 1.972895465586706143e+00
2.078940847949219517e+00 1.973008489134607135e+00
8.528451562825521970e-01 1.972860974832651992e+00
-1.593533804361979278e-01 1.972545251776308906e+00
-1.173365393033854565e+00 1.972380226783833734e+00
-2.180867492220052384e+00 1.972475739641214920e+00
-2.201001724414062721e+00 1.972258182577180108e+00
-1.300308704557291861e+00 1.972718766800551471e+00
-3.682751015625000401e-01 1.972573905633523417e+00
6.091418977864584416e-01 1.972532516728658258e+00
1.749492729947917047e+00 1.972677377895685868e+00
2.698405608430990199e+00 1.972831790348452019e+00
3.657036857649740291e+00 1.973413357524505862e+00
4.624084494921876676e+00 1.973120451428537425e+00
5.597781543750001809e+00 1.973196861714441752e+00
6.559574750911460583e+00 1.973314130278226664e+00
7.771953125032553089e+00 1.973241965008205145e+00
8.738535768489587241e+00 1.973339069746542940e+00
9.723811163313804684e+00 1.973371437992655020e+00
1.069792670657552236e+01 1.973170330365169312e+00
1.164632809186198337e+01 1.973061021206166776e+00
1.262183861656901307e+01 1.973101879484046695e+00
1.384551634039713797e+01 1.972761216959386887e+00
1.483967311708984838e+01 1.972650315919428188e+00
1.582108906324870112e+01 1.972670479744875083e+00
1.681766380777995096e+01 1.972734685610114669e+00
1.780507817415364968e+01 1.972697011094147745e+00
1.879802596692708860e+01 1.972536231117556271e+00
1.979911115146484946e+01 1.973003713491738198e+00
2.102562533756510632e+01 1.972543659895352519e+00
2.203745187923177795e+01 1.972608396387577345e+00
2.298743424348958797e+01 1.972560109331901401e+00
2.398168401894531598e+01 1.972675786014729482e+00
2.498007223935546861e+01 1.972839219126248045e+00
2.598120392327474093e+01 1.972949058912236708e+00
2.698958951070963508e+01 1.973240373127248759e+00
2.824172485602213101e+01 1.973090736317351990e+00
2.925945681914062746e+01 1.973185187920761807e+00
3.026282047337240400e+01 1.972980365904378308e+00
3.127646049091796954e+01 1.972813749030946529e+00
3.231321070107421889e+01 1.973067388729992322e+00
3.326914498616536520e+01 1.972723542443420186e+00
3.428808593320312070e+01 1.972951181420178557e+00
3.531655925345052083e+01 1.972790401443586861e+00
3.633940614853516138e+01 1.973228168706583574e+00
3.760125986458333358e+01 1.973317314040139436e+00
3.859946208746744389e+01 1.973247271278059545e+00
3.961510157841797053e+01 1.973111961396770031e+00
4.061530327470703838e+01 1.973007958507621895e+00
4.162103839739583577e+01 1.973276986389245202e+00
4.262170508750000408e+01 1.973318905921095823e+00
4.362553373554688108e+01 1.973170860992154774e+00
4.460318323180338496e+01 1.973258414444754472e+00
4.560575639654948077e+01 1.973116737039638968e+00
4.659968067633464273e+01 1.972811095896019440e+00
4.761290219944661573e+01 1.972842933515146502e+00
4.862068329492188212e+01 1.973174575381053009e+00
4.962818539410807261e+01 1.973297680841677781e+00
5.062201667513021874e+01 1.972959671451945729e+00
5.163137874957682527e+01 1.972964977721800128e+00
5.264101982031250060e+01 1.972829667840510615e+00
5.365293936074220227e+01 1.972551088673148545e+00
5.461496506481120150e+01 1.972546843657265292e+00
5.561279529264324140e+01 1.972552680554105153e+00
5.661685643759765441e+01 1.972392961831484604e+00
5.762435853678385911e+01 1.972498025974603664e+00
5.862316525162759717e+01 1.972677908522671331e+00
5.963448030009766399e+01 1.972682684165540712e+00
6.063589098030598734e+01 1.972650315919428188e+00
6.164790351949869773e+01 1.972619539554271828e+00
6.265005818981119745e+01 1.972720889308493319e+00
6.365081787867839580e+01 1.972398268101339003e+00
6.466613187395833506e+01 1.972561701212857788e+00
6.562494912070313546e+01 1.972566476855726725e+00
6.662133786770833410e+01 1.972796238340426944e+00
6.761935409306640565e+01 1.972923588816934970e+00
6.863066914153645826e+01 1.972960202078931191e+00
6.963886873144531364e+01 1.972851954173899136e+00
7.063548997535808383e+01 1.972663581594064075e+00
7.164145759495444565e+01 1.972611580149489896e+00
7.263979931598306905e+01 1.972547904911235994e+00
7.364041950670574010e+01 1.972654560935311441e+00
7.463569226855467775e+01 1.972538353625498120e+00
7.565291273847655873e+01 1.972504393498429209e+00
7.661428745120441874e+01 1.972561701212857788e+00
7.761830209677734160e+01 1.972688521062380351e+00
7.860701844583334719e+01 1.972703378617972847e+00
7.961461354378258193e+01 1.972658275324209898e+00
8.063043903225911890e+01 1.972690643570322422e+00
