# User			Meike Reginka
# Sample		2020_0446_1
# State			after FC
# Profile		mere_beads_forc.txt
# Comment
# ML
# 
# Meas. type 		FORC
# angle (deg)		 0.000
# Hmin (kA/m)		-80.000
# Hmax (kA/m)		80.000
# pts./branch		161
# time/pt. (s)		 0.020
# dt (s)		 0.020
# nCycles		5
# Hstop (kA/m)		 0.000
# wait (s)		60.000
# nSched		5
# nMinorLoops		10
# nX			2
# nY			2
# dx (mm)		 0.250
# dy (mm)		 0.250
# avg. raster		no average raster
# Number			28
# ID			310342
# -----------------------------------------------
# H (kA/m) 	 I (arb.u.)
8.159060476106770921e+01 1.971497263480044282e+00
8.072343779527994911e+01 1.971676084774141025e+00
7.979493814527995710e+01 1.971837926004703867e+00
7.884825723710937950e+01 1.972004542878134759e+00
7.787111923404948755e+01 1.971872947385743036e+00
7.688672732747397731e+01 1.971839517885659809e+00
7.589131506748044842e+01 1.971448976424368116e+00
7.491459555885415966e+01 1.971673962266199176e+00
7.390797694791666572e+01 1.971851722306325216e+00
7.290196282893880664e+01 1.971707391766282402e+00
7.189506522171222969e+01 1.971489834702247812e+00
7.088421516705730596e+01 1.971300931495427511e+00
6.987987502581378862e+01 1.971307829646238297e+00
6.886363104290364845e+01 1.971282890177922242e+00
6.784506209091796336e+01 1.971257420082620504e+00
6.684569738349610191e+01 1.971370974257506958e+00
6.583554481956379334e+01 1.971263787606445606e+00
6.486449823548177562e+01 1.971257420082620726e+00
6.384913774082031068e+01 1.971182071050686435e+00
6.284344911751302476e+01 1.971035087375716977e+00
6.182939060553385957e+01 1.971399628114721025e+00
6.081937753974608540e+01 1.971313135916092696e+00
5.980652801168620414e+01 1.971447915170397414e+00
5.879646844651693272e+01 1.971118395812432311e+00
5.778766436464843537e+01 1.971432526987819234e+00
5.678267323206380723e+01 1.971443139527528476e+00
5.576512726647135310e+01 1.971677146028111727e+00
5.475725317223307798e+01 1.971772128258507450e+00
5.380889828632813732e+01 1.971744005028278623e+00
5.277814649638671796e+01 1.971480283416509494e+00
5.177166738359375131e+01 1.971557224329400171e+00
5.076411878502604225e+01 1.971666002861417688e+00
4.975038576871745732e+01 1.971559346837341797e+00
4.873818723199870107e+01 1.971673431639213492e+00
4.772468671259765927e+01 1.971802373996678348e+00
4.671253467526042158e+01 1.971430404479877385e+00
4.570786903834635240e+01 1.971902131869942565e+00
4.469092756471354733e+01 1.971486650940335039e+00
4.370360619710286443e+01 1.971861804219048331e+00
4.270517147731120389e+01 1.971637879631188417e+00
4.170004084658202714e+01 1.971702085496428225e+00
4.068942328883463233e+01 1.972146750910235724e+00
3.968210718717448060e+01 1.972024706703582098e+00
3.866535171106770719e+01 1.972262427593063805e+00
3.740461398017578176e+01 1.972016216671814703e+00
3.638130209127604076e+01 1.972260305085121734e+00
3.537468348033853971e+01 1.972023645449611173e+00
3.437127332672525881e+01 1.971958908957385903e+00
3.336037677268880941e+01 1.971739760012394926e+00
3.238049530611979065e+01 1.971716412425035259e+00
3.135671842340494919e+01 1.971750372552104169e+00
3.034921632421875515e+01 1.971614532043829193e+00
2.934227221761067383e+01 1.972046993036970619e+00
2.807786103557943136e+01 1.971858089830150540e+00
2.705445614791666742e+01 1.971931316354142538e+00
2.604295510192057606e+01 1.971559346837342019e+00
2.501801573466797279e+01 1.971637349004202733e+00
2.401837203095703543e+01 1.971540774892851067e+00
2.297236844388021382e+01 1.971664410980461302e+00
2.199332396617839080e+01 1.971942990147822705e+00
2.072184487815755816e+01 1.971689881075762818e+00
1.970225293977864922e+01 1.971733392488569825e+00
1.869107738945312747e+01 1.971678737909068335e+00
1.767985533974609780e+01 1.972009318521003696e+00
1.666063539641927349e+01 1.971854375441252305e+00
1.564015996979166800e+01 1.971765760734682349e+00
1.463042590029297152e+01 1.971719065559962347e+00
1.337182714095052383e+01 1.971913805663622954e+00
1.236279056217448158e+01 1.971623552702581383e+00
1.138997700159505477e+01 1.971843762901543506e+00
1.037419801250000262e+01 1.971516366051520253e+00
9.368090894759118825e+00 1.971758331956885657e+00
8.363332259082033815e+00 1.971817762179256084e+00
7.107802458919272759e+00 1.971803435250648606e+00
6.094487937044272385e+00 1.971931316354142538e+00
5.082382399088543501e+00 1.971834742242790428e+00
4.085528658268230195e+00 1.971847477290441519e+00
3.067889693912761118e+00 1.971773189512478375e+00
2.067455500716146588e+00 1.971657512829650294e+00
8.411273121419272636e-01 1.971462242099004447e+00
-1.830215656250000211e-01 1.971469140249815233e+00
-1.184013751399739744e+00 1.971456405202164364e+00
-2.194910305436198694e+00 1.971514774170564088e+00
-3.200784926269531816e+00 1.971387423694055840e+00
-4.210379497623699230e+00 1.971396444352808919e+00
-5.476883151822917739e+00 1.971053659320207263e+00
-6.475550368522137390e+00 1.971281298296966078e+00
-7.489841377408855472e+00 1.971237786884159071e+00
-8.490136072460940042e+00 1.971064802486901968e+00
-9.496475687109379393e+00 1.971028189224905747e+00
-1.071452698577474294e+01 1.970898716240456316e+00
-1.172449355218099321e+01 1.970941697026277417e+00
-1.272925218785807466e+01 1.970872715518168894e+00
-1.374391519179687648e+01 1.970889695581703682e+00
-1.473895545673828522e+01 1.970499154120411767e+00
-1.574975901201172057e+01 1.970365436120078417e+00
-1.676307353388672183e+01 1.969904851896707276e+00
-1.801158192744140862e+01 1.969236792522024659e+00
-1.902708192024740086e+01 1.968248234448130463e+00
-2.003760647923177984e+01 1.967570093160724287e+00
-2.099586573339844620e+01 1.966571983801091550e+00
-2.200969174847006116e+01 1.965822738497635447e+00
-2.301807733590495175e+01 1.964850629860290132e+00
-2.427151466389974743e+01 1.963833417929181868e+00
-2.528013274824219181e+01 1.963094254538449324e+00
-2.629684172496745376e+01 1.962530198052915287e+00
-2.731420169303385137e+01 1.961817566011454961e+00
-2.832021581201171401e+01 1.960875172485295082e+00
-2.933432082337239422e+01 1.960115314642129736e+00
-3.034038144173177542e+01 1.959744406379299697e+00
-3.132988828027343686e+01 1.958925118313763925e+00
-3.259801941282551496e+01 1.957782678414089039e+00
-3.362528374915364537e+01 1.957500915484814641e+00
-3.464734015475260520e+01 1.956900245737284827e+00
-3.566702509189453707e+01 1.956322392950129219e+00
-3.666997025169271041e+01 1.955601801503887405e+00
-3.768746971790363887e+01 1.955229301360100980e+00
-3.869804077626953642e+01 1.955052071946960623e+00
-3.970038144410808201e+01 1.954313969810199003e+00
-4.071709042083333685e+01 1.954439728405750420e+00
-4.172589450270182709e+01 1.953902203269489268e+00
-4.293525041702474709e+01 1.953494151117677546e+00
-4.394424049641927610e+01 1.952804866663576888e+00
-4.496355343850910913e+01 1.952645678567941800e+00
-4.596143016572266049e+01 1.951857697494547628e+00
-4.697042024511719660e+01 1.951269232167683221e+00
-4.797810834182942585e+01 1.950707828817076495e+00
-4.899728178577474580e+01 1.950518925610256193e+00
-4.998953208782552338e+01 1.950149078601396857e+00
-5.100359059980469567e+01 1.949679473719273748e+00
-5.200667525774741051e+01 1.949477835464802356e+00
-5.297283940677084502e+01 1.949129744162346745e+00
-5.398271297441406347e+01 1.948823572391741754e+00
-5.399303583710937460e+01 1.948746631478851743e+00
-5.311628999873046553e+01 1.948601239684838449e+00
-5.224558907994791213e+01 1.948901043931617671e+00
-5.131346247819009676e+01 1.948838429947334694e+00
-5.037431446982422045e+01 1.948817735494902115e+00
-4.943265549485677468e+01 1.948838429947334694e+00
-4.848392861389974229e+01 1.948861246907709122e+00
-4.752562286035157513e+01 1.948672343700888376e+00
-4.656713110927734789e+01 1.948716385740681067e+00
-4.560710487861328488e+01 1.948814021106003658e+00
-4.464196371598307422e+01 1.949331382416818137e+00
-4.367649705768229040e+01 1.949282034107171491e+00
-4.245844575901693219e+01 1.949453426623471763e+00
-4.152194821539713132e+01 1.949091008392408897e+00
-4.054746067708333612e+01 1.948962596661929725e+00
-3.957441461959636086e+01 1.948840021828290858e+00
-3.859904359303385490e+01 1.948627240407125427e+00
-3.762125459863280952e+01 1.948645281724630696e+00
-3.661500798274739310e+01 1.949059701400267519e+00
-3.564014844938150617e+01 1.948714793859724459e+00
-3.464641016712239718e+01 1.948725406399433702e+00
-3.366015828528645670e+01 1.948584259621303660e+00
-3.242053127360026110e+01 1.948972678574653505e+00
-3.143200092207031560e+01 1.948730182042302861e+00
-3.047764761595052718e+01 1.948786959129745755e+00
-2.948056137822265654e+01 1.948961535407959023e+00
-2.848091767451171563e+01 1.949144601717939684e+00
-2.749322431184896232e+01 1.948991250519144236e+00
-2.648321124606120236e+01 1.949060762654238221e+00
-2.548412553492838839e+01 1.949333504924759985e+00
-2.424719548736979391e+01 1.949233747051495103e+00
-2.323806590983073406e+01 1.949434324051995349e+00
-2.224153766468099391e+01 1.949833886172039232e+00
-2.121766778320312596e+01 1.949923031505595539e+00
-2.024624920406901651e+01 1.950115118474328391e+00
-1.923735212343750689e+01 1.950258918387385521e+00
-1.798386829606120330e+01 1.950487618618114816e+00
-1.696781031067708767e+01 1.950742319571130867e+00
-1.594584690384115255e+01 1.951093594635499251e+00
-1.494239025084635841e+01 1.951442216564940102e+00
-1.394051457682292039e+01 1.951524463747684734e+00
-1.293594193867187769e+01 1.952229667011348369e+00
-1.191890746627604436e+01 1.952598983393222687e+00
-1.066737661292318151e+01 1.952815479203286131e+00
-9.689913114192712840e+00 1.953169938029567065e+00
-8.691896888834637735e+00 1.953715953197596056e+00
-7.688812230891930000e+00 1.954323521095936655e+00
-6.677311184895834195e+00 1.954891291970368705e+00
-5.436382190527345060e+00 1.955941933401561306e+00
-4.409722346158854833e+00 1.956519786188716914e+00
-3.410404138118490192e+00 1.957508874889596573e+00
-2.402576543261719433e+00 1.958355224931390026e+00
-1.394237455208333643e+00 1.958649722908315072e+00
-3.869213535481772492e-01 1.959249331401873961e+00
8.660509806315106474e-01 1.959763508950775890e+00
1.853139851334635768e+00 1.960256461420259555e+00
2.854085537727865329e+00 1.960605083349700628e+00
3.862424625781251120e+00 1.961147914755816402e+00
4.861138341861980017e+00 1.961274734605339409e+00
5.882357758593752095e+00 1.961731604439812093e+00
7.134679101432294779e+00 1.962209699353703263e+00
8.139670234016929129e+00 1.962860778664850869e+00
9.145591354231774162e+00 1.963009354220777158e+00
1.014942000227864760e+01 1.963652474127143055e+00
1.116203703343099107e+01 1.964161345406190140e+00
1.212127277460937869e+01 1.964750871987025693e+00
1.337796505930989888e+01 1.965688489870316191e+00
1.439188407314453677e+01 1.966298710903584768e+00
1.540501259749349394e+01 1.967138162794567435e+00
1.641711813544922549e+01 1.967816304081973833e+00
1.741871481318359471e+01 1.968539548663142957e+00
1.842714690000000743e+01 1.969408185038324932e+00
1.942358214638672109e+01 1.969841176658453152e+00
2.068487786985677701e+01 1.970115510809930859e+00
2.170646928164062928e+01 1.970426988850390249e+00
2.266165957662760988e+01 1.970624382088978166e+00
2.367418360901692864e+01 1.971022352328065885e+00
2.467717526819662055e+01 1.970911451288106964e+00
2.568732783212891135e+01 1.971090803209189168e+00
2.669087748388672310e+01 1.971392199336924778e+00
2.796505353603516397e+01 1.971336483503452586e+00
2.898380848554687717e+01 1.971341259146321967e+00
2.999354255504557187e+01 1.971164560360166851e+00
3.100918204599609140e+01 1.971366198614637799e+00
3.203128495097656270e+01 1.971214969923784643e+00
3.302125678333332814e+01 1.971211255534885964e+00
3.403136284788411103e+01 1.971254236320707953e+00
3.507146101350911493e+01 1.971667064115388390e+00
3.609867885045572677e+01 1.971817231552270844e+00
3.734941921432291423e+01 1.971854375441252305e+00
3.837189411435547726e+01 1.971785924560129022e+00
3.938534813437500048e+01 1.971830497226907175e+00
4.040112712347006152e+01 1.971742943774307477e+00
4.140955921028646713e+01 1.971514774170564088e+00
4.241013290162760541e+01 1.971479222162538791e+00
4.343256130227864986e+01 1.971420322567154049e+00
4.440314289254556712e+01 1.971205418638046103e+00
4.540618105110677050e+01 1.970980432796215487e+00
4.641600811936849169e+01 1.970847245422866933e+00
4.742355671793620786e+01 1.970925247589728535e+00
4.843705723733724966e+01 1.971075945653596451e+00
4.944646581116536765e+01 1.971061088098003511e+00
5.044294755693360344e+01 1.971208602399959098e+00
5.146467846686198300e+01 1.971104068883825278e+00
5.246353168108723253e+01 1.971338606011394434e+00
5.347410273945312298e+01 1.971290849582703730e+00
5.445905263860677792e+01 1.971082843804407236e+00
5.544683900003255417e+01 1.971100885121912505e+00
5.645922353427734208e+01 1.971208071772973414e+00
5.746114570768229868e+01 1.971169866630021250e+00
5.846539285016277177e+01 1.971387423694055840e+00
5.947875387141927206e+01 1.971282890177922242e+00
6.049736932278647572e+01 1.971227174344449828e+00
6.149515305123698283e+01 1.971450568305324058e+00
6.249447125927733993e+01 1.971386893067070378e+00
6.350239185289713362e+01 1.971269093876300449e+00
6.452049581106770404e+01 1.971300400868442271e+00
6.549456485494792446e+01 1.971335952876467124e+00
6.649118609886068043e+01 1.971208602399959320e+00
6.749594473453775834e+01 1.971153947820457608e+00
6.849977338258463533e+01 1.971015984804240562e+00
6.950071906897787244e+01 1.971212847415842795e+00
7.051519607539061951e+01 1.971372566138462901e+00
7.152214018199870793e+01 1.971538652384909218e+00
7.252689881767575741e+01 1.971357177955885165e+00
7.353681888470053707e+01 1.971471793384742544e+00
7.452851119417319126e+01 1.971018637939168094e+00
7.554210471233726309e+01 1.971248930050853110e+00
7.650073596155598921e+01 1.971367790495594408e+00
7.750433211269532308e+01 1.971314197170063842e+00
7.851448467662761743e+01 1.971285543312849331e+00
7.951240790322265184e+01 1.971296686479543814e+00
8.052855888736979750e+01 1.971140151518835815e+00
