# User			Meike Reginka
# Sample		2020_0446_1
# State			after FC
# Profile		mere_beads_forc.txt
# Comment
# ML
# 
# Meas. type 		FORC
# angle (deg)		 0.000
# Hmin (kA/m)		-80.000
# Hmax (kA/m)		80.000
# pts./branch		161
# time/pt. (s)		 0.020
# dt (s)		 0.020
# nCycles		5
# Hstop (kA/m)		 0.000
# wait (s)		60.000
# nSched		5
# nMinorLoops		10
# nX			2
# nY			2
# dx (mm)		 0.250
# dy (mm)		 0.250
# avg. raster		no average raster
# Number			14
# ID			310328
# -----------------------------------------------
# H (kA/m) 	 I (arb.u.)
8.166309729684246577e+01 1.971092395090145333e+00
8.078239901103515308e+01 1.971112558915592450e+00
7.986822117054038017e+01 1.971353463566987152e+00
7.891019441328126049e+01 1.971224521209522740e+00
7.792817397516276401e+01 1.971077537534552837e+00
7.694489805374350055e+01 1.971202234876133774e+00
7.594818381106769323e+01 1.971143335280748587e+00
7.497727672513022412e+01 1.971084435685363623e+00
7.396145123665364451e+01 1.971056843082120258e+00
7.295771558736979046e+01 1.970835571629187433e+00
7.194528455374347686e+01 1.970922594454801446e+00
7.094405987106119937e+01 1.970820714073595159e+00
6.993362831083985043e+01 1.971048353050353086e+00
6.891398987307944424e+01 1.971281298296966078e+00
6.790053585305989259e+01 1.970851490438751075e+00
6.689531222356771423e+01 1.971101946375883429e+00
6.588195120231118551e+01 1.970793652097337034e+00
6.491811202236327460e+01 1.970958146462826521e+00
6.388787172561849559e+01 1.971013862296298713e+00
6.289334295387371299e+01 1.971152355939501222e+00
6.187505299817708249e+01 1.970913573796048812e+00
6.086903887919922340e+01 1.971058434963076866e+00
5.984744746741536403e+01 1.970946472669146576e+00
5.884082885647787009e+01 1.970693894224071929e+00
5.782481737047526593e+01 1.970871654264198192e+00
5.681801276201172612e+01 1.970960799597753610e+00
5.581088265787759894e+01 1.970795243978292977e+00
5.480561252900390912e+01 1.970831326613303736e+00
5.383670491647135492e+01 1.970884919938834079e+00
5.281483450839844096e+01 1.970859449843533007e+00
5.180807639931640551e+01 1.971040924272556838e+00
5.079903982054037215e+01 1.971160315344283154e+00
4.979372319228515664e+01 1.971352932940001912e+00
4.877292226998697799e+01 1.971199051114221223e+00
4.776258370852864488e+01 1.970897654986484726e+00
4.675791807161457569e+01 1.971083905058377939e+00
4.573665215550130370e+01 1.970919410692888452e+00
4.472691808600260543e+01 1.970907206272223267e+00
4.373183132167969234e+01 1.970762875732180675e+00
4.274939238912759976e+01 1.971127947098170630e+00
4.172859146682942821e+01 1.970980432796215487e+00
4.072076387197265745e+01 1.970953370819957362e+00
3.970038144410807490e+01 1.971192683590395678e+00
3.870176072679036849e+01 1.971097170733014714e+00
3.742925865237630489e+01 1.970904553137295956e+00
3.642026857298176878e+01 1.970955493327898767e+00
3.540407108945313297e+01 1.970780917049685943e+00
3.439033807314452673e+01 1.970841939153012978e+00
3.337999951168620072e+01 1.970943288907233581e+00
3.241481184967448570e+01 1.971075945653596451e+00
3.139108146634114860e+01 1.970866347994343348e+00
3.037158252672526260e+01 1.971109905780665361e+00
2.935952348815103718e+01 1.970941166399292177e+00
2.809497280797526386e+01 1.970625443342949090e+00
2.707937981640625580e+01 1.970927370097670384e+00
2.606155485452474352e+01 1.970763936986151599e+00
2.503828946500651753e+01 1.970840877899041832e+00
2.403543730397136002e+01 1.970884389311848395e+00
2.301737984518229752e+01 1.970664179112886716e+00
2.202503654436849345e+01 1.970730507486068150e+00
2.074411808190104978e+01 1.970961860851724312e+00
1.973140805198568160e+01 1.970819122192638106e+00
1.871144411855469158e+01 1.970851490438751075e+00
1.770105905771484700e+01 1.970999004740706217e+00
1.668235060758463817e+01 1.971300931495427511e+00
1.566141018714193223e+01 1.970798427740206193e+00
1.463912128463542039e+01 1.971129008352141554e+00
1.338893891334635811e+01 1.970851490438751075e+00
1.237041646074218981e+01 1.970600503874632814e+00
1.139932337727864819e+01 1.970993698470851818e+00
1.039019379973958479e+01 1.971097701359999732e+00
9.377297772298179623e+00 1.971026066716964342e+00
8.370818659505209425e+00 1.971064271859916950e+00
7.116637341406252482e+00 1.971015984804240562e+00
6.101927838085938305e+00 1.970904022510310272e+00
5.083684381770836147e+00 1.970964513986651845e+00
4.084273174967449904e+00 1.970957615835841059e+00
3.072586131445313562e+00 1.971087619447276396e+00
2.069408474739583781e+00 1.971054720574178409e+00
8.354543875976564449e-01 1.970923125081786687e+00
-1.858580278971354027e-01 1.971030311732847595e+00
-1.197917066471354541e+00 1.971011209161371402e+00
-2.201141222558594457e+00 1.971152355939501222e+00
-3.208643321744792054e+00 1.970909859407150355e+00
-4.219539875781251226e+00 1.971179948542745031e+00
-5.476185661100261726e+00 1.971235664376216778e+00
-6.486012729361980256e+00 1.971490895956218736e+00
-7.496537288346356576e+00 1.971187377320541279e+00
-8.502690905468751836e+00 1.971073292518669362e+00
-9.515958927962243408e+00 1.971229827479377139e+00
-1.072694232063802389e+01 1.971082843804407236e+00
-1.174081483509114676e+01 1.971096640106029030e+00
-1.274701495159505527e+01 1.970913043169063350e+00
-1.375763250934245008e+01 1.970544257414174938e+00
-1.476039167161458465e+01 1.970489602834673892e+00
-1.577296220338541843e+01 1.970108082032134833e+00
-1.678836919742839129e+01 1.969898484372881731e+00
-1.804083003841146393e+01 1.969013398561150430e+00
-1.905925949225260752e+01 1.968063576257193192e+00
-2.005578773740235121e+01 1.967397108763467406e+00
-2.101930142167969606e+01 1.966462144015103553e+00
-2.204958821780599365e+01 1.965451299607820168e+00
-2.304155952356771309e+01 1.965004511686070821e+00
-2.430671469570312482e+01 1.963903991318246556e+00
-2.530868336848958933e+01 1.963047559363729322e+00
-2.633366923512370050e+01 1.962023449281809606e+00
-2.734763474833984276e+01 1.961368124954778303e+00
-2.836313474114583855e+01 1.960401853214272849e+00
-2.937472878590494574e+01 1.959749712649154096e+00
-3.038506734736328951e+01 1.958789808432474189e+00
-3.136941275455728828e+01 1.957834679858663440e+00
-3.264949422815755042e+01 1.957205356253918893e+00
-3.367899053479817439e+01 1.956698076855828194e+00
-3.469597850781249093e+01 1.956147816671915951e+00
-3.570231812246093739e+01 1.955678742416777638e+00
-3.671312167773437807e+01 1.954838759898809730e+00
-3.774010701777343968e+01 1.954774554033569700e+00
-3.873793724560547247e+01 1.954391971977059717e+00
-3.975153076376953010e+01 1.953818894832773712e+00
-4.075782387903646509e+01 1.953483007950983286e+00
-4.176746494977213331e+01 1.952822377354096917e+00
-4.298500475524088671e+01 1.952248769582825005e+00
-4.400199272825521035e+01 1.951679937454422031e+00
-4.500103194000651285e+01 1.951415685215667883e+00
-4.601522995013021244e+01 1.950937059674791030e+00
-4.702449902581381025e+01 1.951082451468804768e+00
-4.802660719674479139e+01 1.950270061554080003e+00
-4.904131670006511001e+01 1.950255734625472748e+00
-5.004072790686850425e+01 1.949832294291083734e+00
-5.105487941761067816e+01 1.949282034107171047e+00
-5.206224201865234136e+01 1.948885655749039714e+00
-5.302622069674480798e+01 1.948790142891658750e+00
-5.403920972294921654e+01 1.948270128445917182e+00
-5.504150389140625066e+01 1.948450010993984849e+00
-5.604886649244792807e+01 1.948100327810572852e+00
-5.705874006009116073e+01 1.947931057802214205e+00
-5.806173171927082421e+01 1.947783012873273822e+00
-5.908304413476562900e+01 1.947903995825956303e+00
-6.032536811057943282e+01 1.947755420270030235e+00
-6.133166122584636071e+01 1.947455616023250791e+00
-6.233483888255209848e+01 1.947475249221711779e+00
-6.333592406708983447e+01 1.947207282594060063e+00
-6.429901925693359033e+01 1.947221609522667096e+00
-6.532312163531899785e+01 1.947257692157677411e+00
-6.632820576666668444e+01 1.947147852371689414e+00
-6.732682648398436243e+01 1.947259284038634242e+00
-6.833088762893881096e+01 1.947299081062542569e+00
-6.835023137164714058e+01 1.947221078895681634e+00
-6.749436375556641110e+01 1.947277855983124972e+00
-6.656990955175781721e+01 1.947265120935473881e+00
-6.564898930094400953e+01 1.947053400768279152e+00
-6.471849017753906708e+01 1.946967969823621747e+00
-6.376641534111329435e+01 1.946946744744203706e+00
-6.287172074147136414e+01 1.947055523276221001e+00
-6.192936427578124636e+01 1.946871926339255099e+00
-6.098342735771484513e+01 1.946895804553600229e+00
-5.978630078072917797e+01 1.946788087275554080e+00
-5.881706767252603640e+01 1.947052339514308450e+00
-5.785197300927734432e+01 1.946813557370855596e+00
-5.687953144375000392e+01 1.947011481236428754e+00
-5.590764787080078690e+01 1.946982296752228780e+00
-5.494543616920573470e+01 1.946905355839338547e+00
-5.396894915748697485e+01 1.946984419260170629e+00
-5.298669622246094946e+01 1.947136709204994931e+00
-5.204052680748696957e+01 1.947065605188944559e+00
-5.106441179082031567e+01 1.947240181467157827e+00
-5.008280984713541528e+01 1.946958949164869113e+00
-4.909646496653645897e+01 1.946794454799379182e+00
-4.809872773746744912e+01 1.946754127148485169e+00
-4.711396383583984715e+01 1.946930825934639842e+00
-4.612785145214844107e+01 1.946982296752228780e+00
-4.512918423544921609e+01 1.946941438474349528e+00
-4.413851491236979996e+01 1.947094789673144311e+00
-4.290009688460287407e+01 1.947109647228737250e+00
-4.192184289638672112e+01 1.947307040467324502e+00
-4.093945046321614001e+01 1.947291121657761082e+00
-3.994022525393879874e+01 1.947085238387406214e+00
-3.894974192838542137e+01 1.947059768292104698e+00
-3.795902610592447957e+01 1.947145199236762325e+00
-3.693669070403645804e+01 1.947826524286080385e+00
-3.593281555660806958e+01 1.947173322466990930e+00
-3.493819378610026405e+01 1.946987603022083180e+00
-3.393855008238931958e+01 1.947168016197136531e+00
-3.268404326861979570e+01 1.947380797618301962e+00
-3.167333271210937440e+01 1.947434921570818211e+00
-3.070651757174479357e+01 1.947556435150486154e+00
-2.971440676783853974e+01 1.947458799785163341e+00
-2.870174323730468657e+01 1.947552720761588141e+00
-2.769303215419922282e+01 1.947328265546742321e+00
-2.668873851233723826e+01 1.947438635959716224e+00
-2.567630747871094243e+01 1.947423247777138045e+00
-2.441505825462239798e+01 1.947362756300796693e+00
-2.340690516409505406e+01 1.947222140149652336e+00
-2.239540411809896625e+01 1.947208874475016005e+00
-2.137990412529297402e+01 1.947117606633518738e+00
-2.040118514326172061e+01 1.947344714983291425e+00
-1.937954723209636043e+01 1.947361164419840307e+00
-1.811908849749349315e+01 1.947957589151487090e+00
-1.709214965683593945e+01 1.947831830555935007e+00
-1.607813764423828573e+01 1.948099797183587389e+00
-1.505770871699219349e+01 1.947901873318014454e+00
-1.405318257822266048e+01 1.948092368405791364e+00
-1.303614810582682537e+01 1.948281271612611665e+00
-1.203366793984375427e+01 1.948660139280223191e+00
-1.077669665885416705e+01 1.948889900764923411e+00
-9.790165780729168432e+00 1.949478896718773502e+00
-8.781175701334637651e+00 1.949859886894326877e+00
-7.771674128743491394e+00 1.950556600126223117e+00
-6.774448392871095237e+00 1.951138167302276960e+00
-5.522266548177085177e+00 1.952195706884279902e+00
-4.493979225455730919e+00 1.953224592609068555e+00
-3.487035118847657156e+00 1.954169108643170949e+00
-2.477766043164063348e+00 1.955525921844967874e+00
-1.474727884602864858e+00 1.955994996100106409e+00
-4.520204876627604840e-01 1.957066862610716385e+00
8.165291393229168193e-01 1.958012439898788815e+00
1.788459211653646186e+00 1.958713928773554658e+00
2.797774786718750573e+00 1.959406927616553107e+00
3.804160900748699170e+00 1.960122743419925984e+00
4.810733012304689638e+00 1.960470834722381372e+00
5.822048060774740463e+00 1.961286408399018910e+00
7.076089880729168335e+00 1.961813851622557170e+00
8.081174012076825619e+00 1.962073858845427399e+00
9.094814029622398266e+00 1.962963189673043063e+00
1.009194676673177327e+01 1.963200910562524770e+00
1.110777225520833511e+01 1.963559614404689402e+00
1.207593587763672183e+01 1.964072730699619740e+00
1.333486013264974446e+01 1.964968429051060284e+00
1.433966526770833561e+01 1.965723511251356248e+00
1.535456076855469121e+01 1.966301364038511856e+00
1.637280422486979603e+01 1.966839419801758915e+00
1.737770235869141189e+01 1.967582297581389916e+00
1.838725043066406428e+01 1.968210029305177855e+00
1.939977446305339015e+01 1.968786820838362761e+00
2.064911984547526913e+01 1.969462308990841626e+00
2.167145524736328710e+01 1.970043345539909785e+00
2.263273696132813129e+01 1.969920240079285012e+00
2.364154104319661798e+01 1.970205186770472183e+00
2.464718316712239954e+01 1.970292209596086197e+00
2.565919570631510993e+01 1.970735813755922550e+00
2.666799978818359307e+01 1.970933206994510245e+00
2.794110635455729152e+01 1.970933206994510245e+00
2.895711784055989924e+01 1.970853082319707461e+00
2.996833989026692535e+01 1.971059496217047569e+00
3.099774319814453349e+01 1.971212847415842795e+00
3.201952060745442452e+01 1.971072231264698438e+00
3.302218677096353616e+01 1.971001127248648066e+00
3.403466430397135412e+01 1.971071170010727513e+00
3.506555559205729367e+01 1.971046761169396477e+00
3.606812875680338237e+01 1.971225582463493442e+00
3.732719250996093763e+01 1.971087088820290933e+00
3.835706081165363912e+01 1.971151825312515982e+00
3.936028496774088126e+01 1.971160845971268616e+00
4.037657545003256132e+01 1.971103538256839816e+00
4.138231057272135871e+01 1.971093456344116479e+00
4.238985917128906067e+01 1.971074884399625304e+00
4.341159008121744733e+01 1.971171989137962655e+00
4.438840258860676613e+01 1.970860511097503709e+00
4.539497470016276282e+01 1.971231419360333526e+00
4.639136344716797566e+01 1.971183662931643044e+00
4.740216700244141634e+01 1.970951248312015736e+00
4.842171244143880671e+01 1.970962391478709996e+00
4.943967690146484273e+01 1.970924186335757611e+00
5.044531902539063140e+01 1.970896593732514468e+00
5.145175163880209368e+01 1.970830265359333033e+00
5.246408967366537013e+01 1.971136967756923486e+00
5.347219626481120258e+01 1.971103538256839816e+00
5.445017125673829383e+01 1.971214439296798959e+00
5.545474389488933298e+01 1.970991045335924730e+00
5.645875854046224163e+01 1.971031903613804204e+00
5.746012272128906773e+01 1.970991575962909526e+00
5.846818281305338871e+01 1.971077537534552837e+00
5.947680089739583309e+01 1.970977779661287732e+00
6.048737195576173065e+01 1.971002188502618768e+00
6.150761488548177169e+01 1.971077006907567153e+00
6.250888606754557486e+01 1.970850429184779928e+00
6.351931762776693091e+01 1.970960268970768148e+00
6.454230402099608455e+01 1.971040393645571376e+00
6.549005441494141166e+01 1.971069578129770905e+00
6.649885849680988770e+01 1.971230358106362379e+00
6.750612809908855638e+01 1.971269093876300449e+00
6.851623416363932506e+01 1.971396974979794159e+00
6.953019967685547442e+01 1.971193214217380918e+00
7.053240084654947850e+01 1.971083374431392699e+00
7.154748234492187464e+01 1.971280767669980172e+00
7.254861402884114341e+01 1.971160315344283154e+00
7.355035020472006124e+01 1.971312605289107456e+00
7.454883142389324746e+01 1.971723310575846044e+00
7.556786536969401880e+01 1.971440486392600722e+00
7.652872858922525268e+01 1.971286073939834793e+00
7.753971814202475343e+01 1.971216031177755346e+00
7.853517690139975116e+01 1.971269624503285689e+00
7.954328349254558361e+01 1.971193744844366380e+00
8.056194544329429164e+01 1.971171458510977637e+00
