# User			Meike Reginka
# Sample		2020_0446_1
# State			after FC
# Profile		mere_beads_forc.txt
# Comment
# ML
# 
# Meas. type 		FORC
# angle (deg)		 0.000
# Hmin (kA/m)		-80.000
# Hmax (kA/m)		80.000
# pts./branch		161
# time/pt. (s)		 0.020
# dt (s)		 0.020
# nCycles		5
# Hstop (kA/m)		 0.000
# wait (s)		60.000
# nSched		5
# nMinorLoops		10
# nX			2
# nY			2
# dx (mm)		 0.250
# dy (mm)		 0.250
# avg. raster		no average raster
# Number			44
# ID			310358
# -----------------------------------------------
# H (kA/m) 	 I (arb.u.)
8.156782006412760211e+01 1.971252644439751567e+00
8.069381768925781273e+01 1.971225051836508202e+00
7.977210694895835275e+01 1.971272277638213000e+00
7.882444955377603435e+01 1.971606572639046817e+00
7.785200798824870105e+01 1.971488242821291426e+00
7.685901369609375422e+01 1.971516896678505937e+00
7.587982972024738615e+01 1.971317911558961855e+00
7.489334534150390255e+01 1.971233541868275374e+00
7.388254178623046187e+01 1.971208602399959098e+00
7.287908513323569082e+01 1.971339136638380118e+00
7.187600047529296887e+01 1.971453752067237053e+00
7.086854487548828274e+01 1.971619838313683148e+00
6.985425386660155311e+01 1.971378403035303428e+00
6.883387143873699188e+01 1.971563591853225494e+00
6.783222826162111119e+01 1.971250521931809718e+00
6.682309868408201226e+01 1.971342851027278131e+00
6.581713106448567885e+01 1.971217623058711510e+00
6.484822345195313176e+01 1.971150233431559373e+00
6.384058185462240687e+01 1.971077537534552837e+00
6.281499149602865373e+01 1.970963983359666161e+00
6.181302282324219277e+01 1.971044638661455073e+00
6.080663670921224195e+01 1.971060557471018715e+00
5.978978823434245271e+01 1.971530162353142046e+00
5.877563672360025748e+01 1.971210194280915706e+00
5.776897161328123786e+01 1.971125293963243097e+00
5.676398048069661684e+01 1.971310482781165607e+00
5.575392091552734541e+01 1.971504692257840308e+00
5.475492820315754727e+01 1.971320034066903704e+00
5.378620658815105315e+01 1.971273338892184146e+00
5.276670764853516005e+01 1.971090803209189168e+00
5.175027766809896690e+01 1.971322156574845552e+00
5.075072696315104537e+01 1.971159784717297470e+00
4.975015327180989289e+01 1.971060557471018271e+00
4.872605089342448537e+01 1.971085496939334547e+00
4.770794693525391494e+01 1.971150764058544613e+00
4.670760574082031980e+01 1.971353994193972170e+00
4.568871129316406154e+01 1.971277053281082381e+00
4.468027920634766303e+01 1.971385831813099676e+00
4.369900275833333581e+01 1.971260603844533055e+00
4.269554610533854344e+01 1.971257950709605966e+00
4.168767201110026122e+01 1.971185785439584892e+00
4.067556647314452789e+01 1.971226113090478904e+00
3.966606490055338696e+01 1.971757270702914955e+00
3.865609833414713847e+01 1.971470732130771397e+00
3.738736270963541841e+01 1.971441547646571868e+00
3.638734701087238932e+01 1.971627797718465080e+00
3.536319813310546323e+01 1.971335422249481439e+00
3.435113909453125558e+01 1.971692003583704667e+00
3.335433185309244664e+01 1.971483997805407729e+00
3.237570586982422327e+01 1.971579510662788692e+00
3.135123149638672047e+01 1.971796537099838265e+00
3.034159042565104514e+01 1.971542366773807231e+00
2.933283284316406281e+01 1.971535999249982130e+00
2.806809616546224362e+01 1.971489304075262572e+00
2.704371479078776019e+01 1.971697309853558622e+00
2.602756380664062874e+01 1.971277583908067399e+00
2.501294730208334016e+01 1.971218684312682656e+00
2.400591019671224302e+01 1.971097701360000176e+00
2.296390555644531872e+01 1.971445792662455565e+00
2.199188248535156731e+01 1.971220276193639043e+00
2.070891805009766529e+01 1.971056312455134574e+00
1.969383655172526915e+01 1.970942758280248341e+00
1.867461660839844484e+01 1.970996882232764369e+00
1.766916048199870559e+01 1.971077537534552837e+00
1.665468347558594076e+01 1.970943288907234026e+00
1.563532403411458738e+01 1.970991575962909970e+00
1.462586896090495081e+01 1.971046230542411237e+00
1.336973466878255401e+01 1.971428812598920999e+00
1.235781512835286833e+01 1.971239378765115235e+00
1.138425757766927404e+01 1.971211786161871871e+00
1.037508150074870095e+01 1.971130600233097496e+00
9.369532375585938766e+00 1.971260073217547815e+00
8.368261193522137376e+00 1.971208071772973414e+00
7.112452397070313737e+00 1.971172519764948339e+00
6.103136822005210682e+00 1.971597551980294405e+00
5.078011457226564218e+00 1.971527509218214735e+00
4.076228781966146464e+00 1.971603388877134044e+00
3.078026559082031710e+00 1.971409179400459566e+00
2.059039112662760740e+00 1.970858388589561860e+00
8.457772502929690184e-01 1.971207010519002711e+00
-1.786506237630208493e-01 1.971112558915592672e+00
-1.187315207486979496e+00 1.971130069606112478e+00
-2.189609375944010949e+00 1.970973534645404257e+00
-3.196878978222656542e+00 1.971106722018752366e+00
-4.208752019270834310e+00 1.970993167843866134e+00
-5.464467816959636792e+00 1.971125824590228781e+00
-6.467970969335938847e+00 1.971227704971435291e+00
-7.476496054915367395e+00 1.971427220717964834e+00
-8.479720211002605978e+00 1.971335952876467346e+00
-9.488198797200523060e+00 1.971312605289107456e+00
-1.070085616761067904e+01 1.971298278360499978e+00
-1.171807663753255468e+01 1.971258481336591206e+00
-1.272250977753906298e+01 1.971635226496261328e+00
-1.372861689527995033e+01 1.971093456344116035e+00
-1.473267804023437932e+01 1.970699731120912013e+00
-1.574887552376302580e+01 1.970265678246813756e+00
-1.675619162542318108e+01 1.969447451435248686e+00
-1.800521151217448690e+01 1.968674327917447231e+00
-1.901736354951172459e+01 1.968007329796735538e+00
-2.001658875878906940e+01 1.967448579581056123e+00
-2.097624299440104423e+01 1.966669088539429344e+00
-2.199174298720704002e+01 1.965615263346324415e+00
-2.299929158577474198e+01 1.964742912582243761e+00
-2.425626286676432386e+01 1.963717210619368103e+00
-2.526125399934896620e+01 1.962531259306885989e+00
-2.627614950019531648e+01 1.961901935702141664e+00
-2.728211711979166765e+01 1.961127220303383822e+00
-2.830305754023437004e+01 1.960090375173813459e+00
-2.930558420559895794e+01 1.959359171187862403e+00
-3.032378116253255484e+01 1.958784502162619567e+00
-3.131203251777344221e+01 1.958236364486649395e+00
-3.257197975917969046e+01 1.957622959691468267e+00
-3.359905809798177501e+01 1.956961798467596880e+00
-3.462227698811849308e+01 1.956301167870710955e+00
-3.563959045680338278e+01 1.955885686941103874e+00
-3.664978952011718860e+01 1.955210729415610249e+00
-3.766728898632812417e+01 1.954798432247915274e+00
-3.768932969316406201e+01 1.954780921557395246e+00
-3.679347260898438066e+01 1.954938517772074169e+00
-3.586222949547526184e+01 1.954785697200264627e+00
-3.492694093577473780e+01 1.954824963597187937e+00
-3.398714193606770806e+01 1.954982029184881176e+00
-3.302348875364582881e+01 1.955161911732949065e+00
-3.183742902945963493e+01 1.955253710201432016e+00
-3.091729926813150797e+01 1.955534942503720730e+00
-2.995197210797526566e+01 1.955658047964345059e+00
-2.898218100719401136e+01 1.955886217568088670e+00
-2.801485437363281505e+01 1.955904789512579844e+00
-2.705454914667969035e+01 1.956077773909836282e+00
-2.606383332421875210e+01 1.956334066743808719e+00
-2.508395185764974400e+01 1.956284187807176611e+00
-2.386748153795573657e+01 1.956536766252251258e+00
-2.287318526311848998e+01 1.956702321871711892e+00
-2.189144382128906940e+01 1.956889633197575806e+00
-2.089286960335287091e+01 1.957313073531965264e+00
-1.994172475455729909e+01 1.957529038715043690e+00
-1.895849533251953645e+01 1.957592713953297592e+00
-1.771914731712240254e+01 1.957813985406230861e+00
-1.673642938828125537e+01 1.958028358708352457e+00
-1.572729981074219019e+01 1.958531393090559680e+00
-1.472184368434245272e+01 1.958518127415923349e+00
-1.373917225488281524e+01 1.958682091154427596e+00
-1.273757557714844069e+01 1.959011610512392254e+00
-1.174341880045573383e+01 1.959504032354890457e+00
-1.048486654049479228e+01 1.959467949719879698e+00
-9.537627639746096619e+00 1.959835143593811502e+00
-8.536867950878908928e+00 1.960270788348866589e+00
-7.537317245930991838e+00 1.960621002159263826e+00
-6.537162049023439891e+00 1.961039666850784791e+00
-5.291164622070313683e+00 1.961570824463220619e+00
-4.284127516699219207e+00 1.961857363035363733e+00
-3.282809835253907238e+00 1.962632078434121574e+00
-2.284235617317708744e+00 1.962817267252043862e+00
-1.275989528027344111e+00 1.963374425586766892e+00
-2.697894115234375501e-01 1.963471530325104242e+00
9.583522529296877313e-01 1.963801049683069344e+00
1.949114574772135899e+00 1.964078567596460267e+00
2.958430149837240286e+00 1.964444169589435241e+00
3.962630792936199242e+00 1.964917488860457029e+00
4.965854949023438714e+00 1.965369052425075314e+00
5.967916620572918163e+00 1.965654529743247725e+00
7.232234803841146586e+00 1.966270057046370257e+00
8.223694616406252322e+00 1.966756641992028598e+00
9.234033177864585440e+00 1.966986934103713835e+00
1.022753896321614775e+01 1.967470865914445088e+00
1.124131847890625124e+01 1.967835406653449581e+00
1.221213256608073294e+01 1.968384074956405660e+00
1.345575852457682586e+01 1.968972009656284827e+00
1.446377211695964071e+01 1.969583822570509568e+00
1.546750776624349299e+01 1.969735581888348408e+00
1.648063629059245372e+01 1.970307067151678471e+00
1.748623191513672381e+01 1.970378171167729064e+00
1.849596598463542207e+01 1.970905614391266658e+00
1.949733016546224462e+01 1.970957615835841059e+00
2.075564992851563062e+01 1.971209663653930022e+00
2.176250103636068189e+01 1.971184724185613746e+00
2.272606122001953466e+01 1.971243623780998933e+00
2.373295882724609740e+01 1.971069578129770905e+00
2.474339038746745345e+01 1.971129538979126794e+00
2.574280159427083348e+01 1.971145988415676120e+00
2.675453513717448217e+01 1.971207541145988174e+00
2.801848132539062775e+01 1.971421914448110435e+00
2.903653878417968670e+01 1.971439425138630019e+00
3.005180628007812160e+01 1.971209133026944560e+00
3.107302569680989635e+01 1.971080721296465388e+00
3.208731670569661532e+01 1.971064271859916062e+00
3.308240347001952841e+01 1.971089211328232782e+00
3.409781046406249772e+01 1.971249460677838572e+00
3.512121535172526876e+01 1.971234603122246076e+00
3.615322262496744798e+01 1.971148110923617525e+00
3.741284437070312663e+01 1.971246807542911483e+00
3.842164845257161687e+01 1.971279706416009248e+00
3.943407948619791625e+01 1.971227174344450050e+00
4.044669651735026150e+01 1.971334360995510737e+00
4.144950217900391465e+01 1.971318442185947095e+00
4.244895988518880614e+01 1.971569959377051040e+00
4.347301576419271640e+01 1.972007726640047753e+00
4.444810779446615356e+01 1.971747188790191174e+00
4.544835599013672578e+01 1.971411301908401414e+00
4.645585808932292338e+01 1.971166152241123015e+00
4.746442967428385629e+01 1.971330646606612724e+00
4.847951117265625953e+01 1.971370443630521496e+00
4.948984973411459265e+01 1.971272277638213444e+00
5.048781946009114563e+01 1.971403873130604723e+00
5.150206396959634247e+01 1.971211255534885964e+00
5.249366328030598794e+01 1.971068516875799759e+00
5.351530119147136588e+01 1.971445262035470325e+00
5.448671977060546823e+01 1.971242562527027786e+00
5.548013255719402537e+01 1.971245746288940559e+00
5.650181696774087925e+01 1.971574204392934737e+00
5.749615974195964441e+01 1.971496202226073358e+00
5.848641057060547155e+01 1.971197459233264615e+00
5.950762998733723919e+01 1.971282890177922020e+00
6.052275798509115390e+01 1.971188438574511537e+00
6.152049521416015665e+01 1.971337544757423732e+00
6.251967392405598645e+01 1.971260073217547593e+00
6.353694089335937178e+01 1.971527509218214735e+00
6.454904643131509090e+01 1.971434649495761082e+00
6.551307160878906188e+01 1.971147049669646822e+00
6.651183182425130269e+01 1.971077537534553059e+00
6.752114739931640486e+01 1.971000065994676920e+00
6.851618766425779938e+01 1.970970350883491706e+00
6.952666572386067401e+01 1.970989984081953583e+00
7.053151735830078906e+01 1.970671077263697502e+00
7.153502051067708578e+01 1.971332769114554573e+00
7.253657068902995775e+01 1.971479222162538791e+00
7.353993434326173428e+01 1.971314197170063842e+00
7.453953154759115307e+01 1.971032964867774684e+00
7.556065796555991199e+01 1.971089741955218244e+00
7.651789423333332252e+01 1.970869531756256343e+00
7.752046739807943254e+01 1.970793652097337034e+00
7.852127358632813525e+01 1.971019168566153112e+00
7.952240527024740402e+01 1.970954962700913971e+00
8.054116021975910655e+01 1.971183662931642822e+00
