# User			Meike Reginka
# Sample		2020_0446_1
# State			after FC
# Profile		mere_beads_forc.txt
# Comment
# ML
# 
# Meas. type 		FORC
# angle (deg)		 0.000
# Hmin (kA/m)		-80.000
# Hmax (kA/m)		80.000
# pts./branch		161
# time/pt. (s)		 0.020
# dt (s)		 0.020
# nCycles		5
# Hstop (kA/m)		 0.000
# wait (s)		60.000
# nSched		5
# nMinorLoops		10
# nX			2
# nY			2
# dx (mm)		 0.250
# dy (mm)		 0.250
# avg. raster		no average raster
# Number			53
# ID			310367
# -----------------------------------------------
# H (kA/m) 	 I (arb.u.)
8.157223750537109197e+01 1.971995522219382124e+00
8.069842112802734846e+01 1.971861804219048553e+00
7.977680338649089720e+01 1.971979603409818482e+00
7.882575153645834121e+01 1.971620368940668389e+00
7.785340296969400242e+01 1.971920703814433740e+00
7.685966468743488633e+01 1.971785924560129022e+00
7.588243368561197144e+01 1.971729678099671590e+00
7.489608880501303645e+01 1.971745066282249326e+00
7.389267865139973424e+01 1.971731800607613216e+00
7.288438606272787013e+01 1.971860742965077851e+00
7.187344300930990926e+01 1.971700493615471617e+00
7.086724289280599010e+01 1.971880906790524524e+00
6.985978729300130396e+01 1.971888866195306678e+00
6.884084634596354135e+01 1.971754617567987644e+00
6.783260025667317450e+01 1.971953602687531504e+00
6.682602814511719203e+01 1.971732331234599123e+00
6.581629407561847245e+01 1.971794945218881656e+00
6.485459386722004638e+01 1.971956786449444499e+00
6.383230496471355053e+01 1.971755148194973106e+00
6.282777882594402286e+01 1.971864457353975641e+00
6.181967223479818330e+01 1.971833680988819726e+00
6.080170777477214017e+01 1.971579510662788692e+00
5.979820462239582923e+01 1.971953602687531948e+00
5.877414874339194029e+01 1.971648492170897660e+00
5.777269156380207704e+01 1.971842171020586676e+00
5.676709593925782116e+01 1.971690942329733076e+00
5.574968947180989431e+01 1.971800782115721962e+00
5.474697680891927121e+01 1.971606572639046817e+00
5.377899918401692503e+01 1.972024176076596635e+00
5.276489417265625548e+01 1.971905846258841244e+00
5.175492760624999988e+01 1.971921765068404442e+00
5.074965747737630295e+01 1.972037972378218207e+00
4.974076039674478977e+01 1.972005073505120443e+00
4.873376979075521120e+01 1.971883029298466372e+00
4.770273900452474436e+01 1.971985970933643806e+00
4.670193281627604165e+01 1.971922826322375588e+00
4.569261724121093948e+01 1.971810333401459836e+00
4.468279017294923250e+01 1.971686166686864583e+00
4.369412032327473128e+01 1.971593306964410264e+00
4.269694108678385192e+01 1.971581633170730541e+00
4.169306593935547056e+01 1.971716412425035259e+00
4.067798444098307442e+01 1.971948296417677104e+00
3.966666939251302892e+01 1.971730739353642292e+00
3.865554034156900798e+01 1.972025767957552578e+00
3.738833919664713079e+01 1.971980664663789184e+00
3.637256020755208397e+01 1.971876131147655586e+00
3.536682508486327947e+01 1.971991807830484111e+00
3.435774200670573464e+01 1.971884621179422981e+00
3.333684808564453306e+01 1.971994460965411200e+00
3.237993731354166727e+01 1.971945643282750016e+00
3.135169649020183158e+01 1.971914336290608194e+00
3.033540600791016217e+01 1.971800251488736055e+00
2.932929889016926595e+01 1.971685105432893437e+00
2.806400421988932692e+01 1.972024176076596191e+00
2.705078269677734681e+01 1.971904254377884413e+00
2.603170225159506401e+01 1.971645308408985109e+00
2.501838772972005742e+01 1.971887274314350513e+00
2.399898178886719435e+01 1.972187078561129958e+00
2.295423368509115392e+01 1.972219446807242038e+00
2.199248697731120217e+01 1.971887804941335531e+00
2.071156851484375849e+01 1.971855967322208691e+00
1.969323205976562718e+01 1.971721718694889880e+00
1.867922004716797346e+01 1.971633634615304942e+00
1.767715837561849668e+01 1.971900009362000716e+00
1.665156801702473999e+01 1.971893641838175615e+00
1.564127595494792189e+01 1.972117035799050289e+00
1.462331149492187876e+01 1.971779026409318014e+00
1.336847918548177461e+01 1.971955725195473352e+00
1.235149121246745096e+01 1.972141975267366121e+00
1.138769853190104442e+01 1.971993399711440276e+00
1.037545349580078380e+01 1.971685105432893437e+00
9.365719426302085537e+00 1.971829966599921491e+00
8.363378758463543505e+00 1.971896825600088166e+00
7.111103915006511400e+00 1.972169037243624246e+00
6.101974337467449772e+00 1.972095810719632469e+00
5.087125336002606524e+00 1.972028951719465573e+00
4.073903812890626419e+00 1.971836334123747037e+00
3.075283095572917347e+00 1.972452922680840492e+00
2.069454974121094804e+00 1.972105362005370344e+00
8.394998337890626772e-01 1.971807149639547507e+00
-1.767441491210937632e-01 1.971974827766949545e+00
-1.183874253255208675e+00 1.971931316354142538e+00
-2.197002777604167179e+00 1.971847477290441519e+00
-3.192926530794271578e+00 1.971474977146655094e+00
-4.202149107096356140e+00 1.971600735742206956e+00
-5.465955797167969088e+00 1.971642655274057576e+00
-6.470528435319012672e+00 1.971923887576346290e+00
-7.479425515950521408e+00 1.971598613234265107e+00
-8.480510700488284925e+00 1.971758331956885657e+00
-9.491825748958335751e+00 1.971976950274891172e+00
-1.069769420966797213e+01 1.971857028576179616e+00
-1.171751864495442952e+01 1.971796537099837821e+00
-1.272260277630208591e+01 1.971715351171064334e+00
-1.372252547630208852e+01 1.971644777781999203e+00
-1.472853959527994938e+01 1.971165090987152091e+00
-1.573376322477214018e+01 1.971005902891517225e+00
-1.675209967985026438e+01 1.970351109191470940e+00
-1.800200305485026320e+01 1.969637946523025596e+00
-1.900741268186849453e+01 1.968728451869962814e+00
-2.001491478105469568e+01 1.968305011535573357e+00
-2.097680098697917117e+01 1.967462375882678138e+00
-2.199048750390625173e+01 1.966635659039345674e+00
-2.299524613958334029e+01 1.965639141560669989e+00
-2.424375453313802709e+01 1.964527478026150575e+00
-2.525400009583333727e+01 1.963789906516374861e+00
-2.626694262265625213e+01 1.962914902617366897e+00
-2.728123363154297820e+01 1.962261700798277220e+00
-2.828989821526692694e+01 1.961500781701141172e+00
-2.830947445488281033e+01 1.961307102851451489e+00
-2.741901129895833478e+01 1.961252448271950222e+00
-2.648135127080078277e+01 1.961505026717024869e+00
-2.554713219687500469e+01 1.961830301059106052e+00
-2.460114877942709199e+01 1.961552783145715129e+00
-2.341164810100912064e+01 1.962062715678733360e+00
-2.245529532148437823e+01 1.962271782711001000e+00
-2.149945403515625841e+01 1.962400725068465412e+00
-2.055398211090495408e+01 1.962685671759652140e+00
-1.961209063902995098e+01 1.962882534371254373e+00
-1.863909108092448363e+01 1.962935066442813792e+00
-1.743322262021484903e+01 1.963208339340321018e+00
-1.645780509427083871e+01 1.963378670602650589e+00
-1.547345968707682573e+01 1.963664147920823000e+00
-1.449125325143229581e+01 1.963901338183319467e+00
-1.351462674156901578e+01 1.964154977882364594e+00
-1.253511727005208520e+01 1.964536498684903654e+00
-1.154537793460286821e+01 1.964832057915799624e+00
-1.031156334560547094e+01 1.965509668576219671e+00
-9.376600281575523610e+00 1.965789839624537239e+00
-8.383838486328128781e+00 1.966269526419384794e+00
-7.388333227571616035e+00 1.966506186054896022e+00
-6.401011859960940242e+00 1.966999669151364927e+00
-5.165476793847658676e+00 1.967628462129123790e+00
-4.167879062923177891e+00 1.968131496511331235e+00
-3.165631393847657016e+00 1.968785759584392059e+00
-2.175241067057292366e+00 1.969123768974123667e+00
-1.182432772428385848e+00 1.969452227078117845e+00
-1.870205124348958414e-01 1.969644314046851141e+00
1.042190637792969055e+00 1.969753092578868436e+00
2.038811881705729689e+00 1.969929791365023553e+00
3.036688608919271282e+00 1.970178655421199743e+00
4.038331786035157300e+00 1.970374456778831052e+00
5.034441536751303126e+00 1.970074121905065700e+00
6.045942582747397154e+00 1.970283719564318803e+00
7.290033535058594971e+00 1.970549033057043875e+00
8.288654252376304044e+00 1.970670546636712261e+00
9.296621345377605650e+00 1.970970881510477390e+00
1.028324522226562721e+01 1.971294033344616281e+00
1.130613861673177212e+01 1.971239909392100476e+00
1.226011992779948301e+01 1.971315258424034544e+00
1.350634985166015944e+01 1.971436241376717469e+00
1.451715340693359657e+01 1.971682452297966570e+00
1.552149354817708549e+01 1.971891519330233766e+00
1.653471507128906737e+01 1.971812455909401685e+00
1.753905521253255628e+01 1.971864457353975641e+00
1.853986140078125899e+01 1.971919642560462593e+00
1.955303642451172053e+01 1.972114913291108440e+00
2.079443041269531989e+01 1.972107484513312414e+00
2.181704481087239955e+01 1.972197160473853517e+00
2.276888715039062916e+01 1.972240141259674617e+00
2.377545926194661874e+01 1.972145689656264800e+00
2.477965990504557325e+01 1.972284713926452326e+00
2.578014059762369925e+01 1.972008787894018456e+00
2.680070902301432767e+01 1.971982256544746015e+00
2.807000264010416757e+01 1.972007726640047309e+00
2.908127118919270515e+01 1.971942459520837021e+00
3.009616669003906608e+01 1.972171159751566094e+00
3.110989970634766166e+01 1.972106423259341490e+00
3.212870115524088988e+01 1.972197691100839201e+00
3.311109358841146388e+01 1.971938745131939008e+00
3.412705857503254947e+01 1.971793883964910954e+00
3.515962384085286629e+01 1.971736045623496913e+00
3.620190747740885939e+01 1.971770005750565602e+00
3.745022987343750032e+01 1.972144097775307969e+00
3.846233541139322654e+01 1.972112790783167036e+00
3.947546393574219792e+01 1.972033196735349270e+00
4.047608412646485476e+01 1.972062911846534483e+00
4.148553919967449133e+01 1.972209364894518702e+00
4.249411078463541713e+01 1.972139852759424716e+00
4.350728580836588577e+01 1.971866579861917934e+00
4.448014586832682937e+01 1.972149934672148497e+00
4.548118455348307521e+01 1.971920173187448277e+00
4.648617568606771755e+01 1.971816170298299697e+00
4.749497976793620069e+01 1.971705799885326016e+00
4.851094475455730048e+01 1.971955725195473352e+00
4.951416891064453552e+01 1.971565183734181659e+00
5.052055502467447923e+01 1.971809802774474596e+00
5.153145157871092863e+01 1.971842171020586676e+00
5.253058378922526117e+01 1.972028951719465573e+00
5.353487743108725283e+01 1.971655920948693907e+00
5.450755149352213635e+01 1.971812986536387147e+00
5.551347261373698672e+01 1.971583755678672389e+00
5.651911473766276117e+01 1.971647961543911975e+00
5.751787495312500198e+01 1.971601796996177658e+00
5.851826264694010860e+01 1.971533346115055041e+00
5.953850557666017096e+01 1.971523264202331482e+00
6.054298521604819427e+01 1.971202234876133774e+00
6.154332641048178232e+01 1.971616654551770598e+00
6.255519945152995120e+01 1.971216031177755346e+00
6.355535464843750759e+01 1.971184193558628284e+00
6.457736455465494885e+01 1.971056843082120258e+00
6.553357783603517817e+01 1.971044108034469389e+00
6.652513064736326953e+01 1.971203826757089717e+00
6.753230725087890107e+01 1.971030311732847595e+00
6.854841173564452106e+01 1.971201173622162628e+00
6.954540497460938298e+01 1.971540244265865383e+00
7.054839663378906778e+01 1.971584816932643536e+00
7.156003717792970065e+01 1.971857559203165300e+00
7.256344733154297444e+01 1.971581633170730541e+00
7.356127755937500012e+01 1.971582694424701465e+00
7.455757330761717583e+01 1.971646900289941051e+00
7.557339879609376965e+01 1.971444731408484863e+00
7.653500600572915857e+01 1.972008787894018234e+00
7.753306873046875580e+01 1.971838456631688663e+00
7.853773436738282498e+01 1.971917520052520745e+00
7.953365812057293738e+01 1.971800251488736055e+00
8.055478453854166787e+01 1.972040094886160055e+00
