# User			Meike Reginka
# Sample		2020_0446_1
# State			after FC
# Profile		mere_beads_forc.txt
# Comment
# ML
# 
# Meas. type 		FORC
# angle (deg)		 0.000
# Hmin (kA/m)		-80.000
# Hmax (kA/m)		80.000
# pts./branch		161
# time/pt. (s)		 0.020
# dt (s)		 0.020
# nCycles		5
# Hstop (kA/m)		 0.000
# wait (s)		60.000
# nSched		5
# nMinorLoops		10
# nX			2
# nY			2
# dx (mm)		 0.250
# dy (mm)		 0.250
# avg. raster		no average raster
# Number			31
# ID			310345
# -----------------------------------------------
# H (kA/m) 	 I (arb.u.)
8.158800079570312391e+01 1.970431233866273946e+00
8.071488190908202398e+01 1.970406825024943132e+00
7.979558913662111763e+01 1.970256657588061122e+00
7.884337480205078919e+01 1.970572911271389005e+00
7.786395832929686378e+01 1.970916757557961141e+00
7.687463748828126597e+01 1.970463602112386470e+00
7.588257318375649163e+01 1.970594136350807490e+00
7.491306107926433810e+01 1.970328822858082196e+00
7.389714259202473556e+01 1.970410008786855904e+00
7.289563891305340348e+01 1.970344741667645838e+00
7.188706732809245636e+01 1.970312904048518554e+00
7.088416866767578028e+01 1.970316087810431327e+00
6.986764568847655710e+01 1.970026896103360903e+00
6.884875124082030595e+01 1.970639770271556124e+00
6.783906367070312626e+01 1.970689649208188676e+00
6.684230292864583589e+01 1.970524093588727599e+00
6.582484996181641179e+01 1.970703445509810026e+00
6.486245226269529951e+01 1.970608463279414968e+00
6.383569941956380234e+01 1.970481112802906054e+00
6.283391674430338725e+01 1.970450336437750138e+00
6.182780962656249812e+01 1.970423805088477698e+00
6.081807555706381407e+01 1.970580870676171159e+00
5.979955310445963335e+01 1.970530991739538607e+00
5.879107451826171626e+01 1.970605279517501529e+00
5.777948047350260197e+01 1.970855204827648866e+00
5.677211787246094588e+01 1.970975657153346106e+00
5.575778036419271899e+01 1.970929492605611788e+00
5.474860428727214412e+01 1.970878552415008755e+00
5.379081002692058888e+01 1.971218153685697194e+00
5.277768150257162461e+01 1.971272277638213000e+00
5.175655508460286569e+01 1.971228766225405993e+00
5.075881785553384873e+01 1.971245215661955319e+00
4.974406185283203286e+01 1.971450037678338818e+00
4.873465327900390776e+01 1.971528039845200198e+00
4.771380585732422475e+01 1.970956554581870357e+00
4.671081419814453284e+01 1.971208071772973414e+00
4.570614856123047787e+01 1.971272277638213000e+00
4.468981157955729344e+01 1.971006964145487927e+00
4.369988624658203946e+01 1.971150233431559373e+00
4.270572946988932017e+01 1.971118395812432755e+00
4.169194995419922378e+01 1.970779855795715241e+00
4.068342486861979523e+01 1.970639239644570884e+00
3.967587627005208617e+01 1.970999535367691458e+00
3.865898129580079257e+01 1.971170397257006490e+00
3.739889455624999925e+01 1.970887573073761834e+00
3.639069496634115097e+01 1.970839286018085446e+00
3.536575559908853705e+01 1.971312074662121994e+00
3.436643739104817286e+01 1.970915165677004754e+00
3.335884229309895943e+01 1.970865286740372646e+00
3.237998381292317163e+01 1.970976187780331790e+00
3.135741591412761053e+01 1.971065333113887652e+00
3.035186678896484480e+01 1.971136967756923042e+00
2.934129573059896146e+01 1.971058434963076866e+00
2.807823303063150888e+01 1.970978310288273638e+00
2.705236367574870116e+01 1.971213908669813497e+00
2.603402722067058050e+01 1.970930023232598138e+00
2.502513014003906733e+01 1.971073823145654602e+00
2.401130412496745237e+01 1.971140682145821277e+00
2.297501890862631058e+01 1.971273338892184146e+00
2.199583493277995316e+01 1.970961860851724756e+00
2.072672731321615203e+01 1.971203296130104476e+00
1.970234593854167215e+01 1.971140682145821721e+00
1.868586945872396754e+01 1.971246807542911483e+00
1.767753037067058131e+01 1.971090803209189168e+00
1.666156538404948151e+01 1.971323217828816698e+00
1.563541703287760676e+01 1.971531754234098432e+00
1.463191388050130470e+01 1.971847477290441519e+00
1.336699120527343965e+01 1.971529631726157028e+00
1.236037259433594215e+01 1.971618777059712446e+00
1.138411807952474142e+01 1.971601266369192418e+00
1.038145191601562800e+01 1.971555101821458322e+00
9.370322865071617713e+00 1.971744005028278623e+00
8.364727240527345842e+00 1.971572612511978129e+00
7.107151467578126436e+00 1.971739760012394926e+00
6.095510923437501560e+00 1.972062911846534483e+00
5.079499437434897402e+00 1.971984379052687864e+00
4.079576737434897460e+00 1.971909030020753795e+00
3.069517172265625593e+00 1.971979603409818482e+00
2.068106492057292467e+00 1.971345504162205220e+00
8.413598090494792681e-01 1.971105660764781664e+00
-1.811150909830729350e-01 1.971540774892851067e+00
-1.194476112239583498e+00 1.971227704971435291e+00
-2.193422325227865510e+00 1.971496732853058376e+00
-3.195995489973959103e+00 1.971247338169896723e+00
-4.213076461751303903e+00 1.971245746288940559e+00
-5.466234793457032559e+00 1.971047822423367180e+00
-6.472295411816408439e+00 1.970882266803906990e+00
-7.475380069759116175e+00 1.971279175789024229e+00
-8.497994467936200280e+00 1.970993167843866134e+00
-9.496847682161460469e+00 1.971065333113887208e+00
-1.070201865214843906e+01 1.970882266803906990e+00
-1.172082010104166905e+01 1.971112558915592672e+00
-1.272683422001953524e+01 1.971433588241789936e+00
-1.374070673447265989e+01 1.970942227653263323e+00
-1.473658398828125193e+01 1.970402049382074416e+00
-1.574338859674479707e+01 1.970041223031967936e+00
-1.676642148935547638e+01 1.969604517022942147e+00
-1.801255841445312811e+01 1.968691307980981353e+00
-1.902126949755859897e+01 1.967768547653283129e+00
-2.002728361653646516e+01 1.966605943928160460e+00
-2.098996031194661782e+01 1.966324711625871302e+00
-2.200513480908203690e+01 1.965416808853766018e+00
-2.300468551402995843e+01 1.964338044192345256e+00
-2.426179629316406761e+01 1.963202502443481157e+00
-2.527599430328776364e+01 1.962161942925012559e+00
-2.628726285237630833e+01 1.961133057200223906e+00
-2.730392532972005881e+01 1.960433160206414671e+00
-2.831575187138671623e+01 1.960010250499010453e+00
-2.932711341923827675e+01 1.959412233886407506e+00
-3.034084643554687943e+01 1.958682621781413280e+00
-3.131854243118489833e+01 1.958002357986065478e+00
-3.259053301240233935e+01 1.957212785031715363e+00
-3.361700685924478904e+01 1.956585583934912664e+00
-3.464143473330078393e+01 1.956230063854660806e+00
-3.565781821435546561e+01 1.955486124821059324e+00
-3.668080460758462635e+01 1.955346569923885669e+00
-3.768714422223307281e+01 1.954823371716231328e+00
-3.868613693460286385e+01 1.954399931381841427e+00
-3.970414789401041844e+01 1.954083677698513100e+00
-4.070532607731120578e+01 1.953690483102294539e+00
-4.171515314557291276e+01 1.953266512140919176e+00
-4.293515741826171705e+01 1.952248238955839543e+00
-4.394610047167969213e+01 1.951376418818744574e+00
-4.495304457828775924e+01 1.950969427920903332e+00
-4.595040981230469157e+01 1.950403779554413575e+00
-4.696167836139323271e+01 1.950067362045637687e+00
-4.797034294511718855e+01 1.949416282734489858e+00
-4.897728705172526986e+01 1.949348362480352481e+00
-4.999283354391275225e+01 1.949329790535861751e+00
-5.099759217958985147e+01 1.949344117464468784e+00
-5.101223948476563663e+01 1.949350484988294330e+00
-5.013270368349609640e+01 1.949363220035944977e+00
-4.922401277001953446e+01 1.949241706456277035e+00
-4.828188880123698823e+01 1.949039006947834940e+00
-4.733492889677734183e+01 1.949208276956193586e+00
-4.638648101210937114e+01 1.948997087415984097e+00
-4.544338055631510542e+01 1.948875043209330471e+00
-4.448842275823567860e+01 1.948896798915734196e+00
-4.353769640387369577e+01 1.949106396574987077e+00
-4.232229556995443431e+01 1.949448120353617142e+00
-4.139649288408203631e+01 1.949389751385217640e+00
-4.043056123196615204e+01 1.949972910442228091e+00
-3.946569906562500307e+01 1.949602002179397831e+00
-3.849060703535156591e+01 1.949487917377526136e+00
-3.751119056259765472e+01 1.949426895274199101e+00
-3.652256721230468628e+01 1.949654003623972010e+00
-3.553929129088541572e+01 1.949708127576487815e+00
-3.456308327545573178e+01 1.949811069211665249e+00
-3.357492491897786380e+01 1.949769149679814850e+00
-3.235213068339844256e+01 1.949816375481519648e+00
-3.136174035660807391e+01 1.949880581346759234e+00
-3.041278097874349839e+01 1.950118302236241163e+00
-2.940992881770833378e+01 1.950034993799525385e+00
-2.842242145257161567e+01 1.950093893394910127e+00
-2.743272861650390837e+01 1.950878160079406287e+00
-2.643517738496094083e+01 1.950756115872752661e+00
-2.543897463548177740e+01 1.950492924887969215e+00
-2.419400019492188036e+01 1.950339573689173767e+00
-2.318607960130209023e+01 1.950618683483520854e+00
-2.219099283697917002e+01 1.950601172793001048e+00
-2.116642546477865139e+01 1.950836771174540907e+00
-2.021351363948568292e+01 1.950733829539363917e+00
-1.919657216585286719e+01 1.950711543205974507e+00
-1.794229784899088642e+01 1.950994367389219608e+00
-1.693428425660807690e+01 1.951173719310302035e+00
-1.591529681018880638e+01 1.951754225232384954e+00
-1.491816407307942782e+01 1.952112929074549585e+00
-1.391154546214193033e+01 1.952619677845654822e+00
-1.290232288583984932e+01 1.953217694458257769e+00
-1.189909872975260541e+01 1.953738770157970039e+00
-1.063166508792317977e+01 1.954224293849657457e+00
-9.670615870865887587e+00 1.954538955652029841e+00
-8.674878115201824613e+00 1.954839821152780210e+00
-7.663609566113284366e+00 1.955467022249583131e+00
-6.660199412500002580e+00 1.955781684051955072e+00
-5.412109513378907444e+00 1.956689586824060800e+00
-4.397911503255210519e+00 1.957400626984564518e+00
-3.390781399121094442e+00 1.958090972692635878e+00
-2.388208234375000405e+00 1.958742052003783263e+00
-1.379915645703125193e+00 1.959332109211604722e+00
-3.625556776367188094e-01 1.959278515886073935e+00
8.853482239583336799e-01 1.960160417935893129e+00
1.868345149088542101e+00 1.960417772023836269e+00
2.873103784765625335e+00 1.960510101119305126e+00
3.874886460026042645e+00 1.961148976009787548e+00
4.885364519628907942e+00 1.961576130733075018e+00
5.892634121907553535e+00 1.961877526860811294e+00
7.142583996289063819e+00 1.962216066877528808e+00
8.160269460026043475e+00 1.962699468061273933e+00
9.159541168684897983e+00 1.962992904784227832e+00
1.015853388105468902e+01 1.963539450579242063e+00
1.117626584417318014e+01 1.964265348295338498e+00
1.213926803525390774e+01 1.964804465312556037e+00
1.339651831253255665e+01 1.965443870830024142e+00
1.439365104964192987e+01 1.966439857681714587e+00
1.541328948740234672e+01 1.967399761898394717e+00
1.641646714410807917e+01 1.967982920955404724e+00
1.742708470185547398e+01 1.968758697608133934e+00
1.843244782949219029e+01 1.969227771863272025e+00
1.944120541197917262e+01 1.969564719999033375e+00
2.069464273997396475e+01 1.970186614825981453e+00
2.171190970927735009e+01 1.970165920373548651e+00
2.268016633046875441e+01 1.970298577119911743e+00
2.367785706015625635e+01 1.970451928318706525e+00
2.468266219521484572e+01 1.970625973969934552e+00
2.569221026718750167e+01 1.970421682580536071e+00
2.670287432431640795e+01 1.970816469057711462e+00
2.797072646057943146e+01 1.970596789485735023e+00
2.898473847317708518e+01 1.970675852906566661e+00
3.001018933362630037e+01 1.970451928318706525e+00
3.102169037962239884e+01 1.970676914160537585e+00
3.204439777656249788e+01 1.970831326613303958e+00
3.304385548274739648e+01 1.970930553859582934e+00
3.404540566110025424e+01 1.970753324446442578e+00
3.507104251907552595e+01 1.970678506041494193e+00
3.611128018284505714e+01 1.970808509652929530e+00
3.735816109804687812e+01 1.970786753946526026e+00
3.838300746653646200e+01 1.970943288907233581e+00
3.939622898964844211e+01 1.971042516153513224e+00
4.040303359811198902e+01 1.970824959089478412e+00
4.141751060452473610e+01 1.971159784717297470e+00
4.241659631565755717e+01 1.971048883677338326e+00
4.344423264703775800e+01 1.970967167121579156e+00
4.440356138697917032e+01 1.970918880065903211e+00
4.541520193111978898e+01 1.971034556748731292e+00
4.641303215895182177e+01 1.971241501273057084e+00
4.743011313072917545e+01 1.971008025399458852e+00
4.844240466621094043e+01 1.970950187058044811e+00
4.944321085445963604e+01 1.971142274026777885e+00
5.046252379654948328e+01 1.971055781828149556e+00
5.146505046191406763e+01 1.970767651375050056e+00
5.247566801966145533e+01 1.970622790208021557e+00
5.348577408421224533e+01 1.970734221874966385e+00
5.445775065592447817e+01 1.970564951866607961e+00
5.546357877737630560e+01 1.970382946810598002e+00
5.645522458746744832e+01 1.970521440453800510e+00
5.746551664954426997e+01 1.970669485382741559e+00
5.846743882294922656e+01 1.970694424851057391e+00
5.948758875390624468e+01 1.970450336437750138e+00
6.049481185680339479e+01 1.970521971080786194e+00
6.150356943929037357e+01 1.970337312889849146e+00
6.249870270299479813e+01 1.970722548081286662e+00
6.351173822858072526e+01 1.970582462557127545e+00
6.452161179622395082e+01 1.970458826469517533e+00
6.548479998483074382e+01 1.970503929763280482e+00
6.649020961184896805e+01 1.970795774605278439e+00
6.749957168629556747e+01 1.970837163510143597e+00
6.850433032197264538e+01 1.970876429907067351e+00
6.950397402568360405e+01 1.970819652819623791e+00
7.051770704199218187e+01 1.970681159176421504e+00
7.152283767272135151e+01 1.970927370097670384e+00
7.252406235540364321e+01 1.970931084486568841e+00
7.353919035315756503e+01 1.971324279082787401e+00
7.452925518427734630e+01 1.970916757557961363e+00
7.554354619316406172e+01 1.970755977581370111e+00
7.650831536074217354e+01 1.971055251201163871e+00
7.750926104713542486e+01 1.970836102256172673e+00
7.851429867910155735e+01 1.970614300176254607e+00
7.951012943352864681e+01 1.970838755391099983e+00
8.052623391829428101e+01 1.970770304509977144e+00
