# User			Meike Reginka
# Sample		2020_0446_1
# State			after FC
# Profile		mere_beads_forc.txt
# Comment
# ML
# 
# Meas. type 		FORC
# angle (deg)		 0.000
# Hmin (kA/m)		-80.000
# Hmax (kA/m)		80.000
# pts./branch		161
# time/pt. (s)		 0.020
# dt (s)		 0.020
# nCycles		5
# Hstop (kA/m)		 0.000
# wait (s)		60.000
# nSched		5
# nMinorLoops		10
# nX			2
# nY			2
# dx (mm)		 0.250
# dy (mm)		 0.250
# avg. raster		no average raster
# Number			79
# ID			310393
# -----------------------------------------------
# H (kA/m) 	 I (arb.u.)
8.159897464973958847e+01 1.973072694999846721e+00
8.072497227486979909e+01 1.973085960674483053e+00
7.979707711682944193e+01 1.973045633023588596e+00
7.884937322226562628e+01 1.973313069024255517e+00
7.787516468024088567e+01 1.973101348857060788e+00
7.688124040045573793e+01 1.972980365904378308e+00
7.589098957180988236e+01 1.972953834555105646e+00
7.492226795680339535e+01 1.972751665673649235e+00
7.391685832978514270e+01 1.972895465586706143e+00
7.290047484873046812e+01 1.972666234728991386e+00
7.188897380273438387e+01 1.972668887863918918e+00
7.088421516705729175e+01 1.972748481911736462e+00
6.987141213837890064e+01 1.973006897253650749e+00
6.885488915917967745e+01 1.972675255387744464e+00
6.783976116142578405e+01 1.972614763911402669e+00
6.683914097070312721e+01 1.972571783125581568e+00
6.584038075524087219e+01 1.972947997658266006e+00
6.487333311796875535e+01 1.972825422824626473e+00
6.384123284596354608e+01 1.973088613809410141e+00
6.284196113730469335e+01 1.972891220570822446e+00
6.182650764388021258e+01 1.972762808840343496e+00
6.081668057561849139e+01 1.972621662062213677e+00
5.981224743561197243e+01 1.972908731261342474e+00
5.878879604856771834e+01 1.972684806673482116e+00
5.778510689866536865e+01 1.972784564546746999e+00
5.677202487369791584e+01 1.972938446372527466e+00
5.576921921204427690e+01 1.973161309706416677e+00
5.475767166666667407e+01 1.973024407944170555e+00
5.380187687972005506e+01 1.973150697166707879e+00
5.277554253102213266e+01 1.972890689943837206e+00
5.176473897574871330e+01 1.972807381507121427e+00
5.076621125719401562e+01 1.972869995491404627e+00
4.975708167965495221e+01 1.972883261166040514e+00
4.874032620354817880e+01 1.973182004158849256e+00
4.772226874475911984e+01 1.973241965008205145e+00
4.671281367154948327e+01 1.973295027706750249e+00
4.570949651669923242e+01 1.973568300604257475e+00
4.469236904554037437e+01 1.973271149492405119e+00
4.370063023668620161e+01 1.973185187920761807e+00
4.271056540556639902e+01 1.973338008492571793e+00
4.169636739544270654e+01 1.973139554000013396e+00
4.068998128141276283e+01 1.972797830221383109e+00
3.968038671005859896e+01 1.972759625078430723e+00
3.867293111025390573e+01 1.972870526118389867e+00
3.739945254882812975e+01 1.973017509793359769e+00
3.639315943356120187e+01 1.972817994046830226e+00
3.536780157187500606e+01 1.972639172752733261e+00
3.436829736630859600e+01 1.972805789626165041e+00
3.335447135123697393e+01 1.972890689943836762e+00
3.238779570901692750e+01 1.973007958507621673e+00
3.136773877682292166e+01 1.972644479022588104e+00
3.035456375309245303e+01 1.972637580871777097e+00
2.933799427451171127e+01 1.972697541721133208e+00
2.807902352011718961e+01 1.972386063680673818e+00
2.706059406627604247e+01 1.972413656283917183e+00
2.603602669407552028e+01 1.972353695434561294e+00
2.502466514622396332e+01 1.971987562814600414e+00
2.400976964537760239e+01 1.971971644005036994e+00
2.296576553170573476e+01 1.971987032187614730e+00
2.199713691546224581e+01 1.971698901734515452e+00
2.072096138990886161e+01 1.971961031465327752e+00
1.970583339215495400e+01 1.972097402600588856e+00
1.868810142903646110e+01 1.972008787894018456e+00
1.767994833850912073e+01 1.972158955330900687e+00
1.667216724303385789e+01 1.972017277925785850e+00
1.564276393515625330e+01 1.971908499393768111e+00
1.463479684215495347e+01 1.972183364172231723e+00
1.338089452034505555e+01 1.972070340624330731e+00
1.236567352382812857e+01 1.972397737474353541e+00
1.139616141933593951e+01 1.972276223894685376e+00
1.038754333499349158e+01 1.972234304362834756e+00
9.372368837858076063e+00 1.972353164807575610e+00
8.372957631054690708e+00 1.972453983934811195e+00
7.121287279557292571e+00 1.972292673331234258e+00
6.106810273144532175e+00 1.972196629846867610e+00
5.089078310026042828e+00 1.972847709158015661e+00
4.089667103222657474e+00 1.972680561657598863e+00
3.080212030013021796e+00 1.972523496069905624e+00
2.078336355989583772e+00 1.972552149927119691e+00
8.541936383463544225e-01 1.972264550101005431e+00
-1.681417635416667111e-01 1.972186547934144274e+00
-1.183874253255208675e+00 1.972059728084621488e+00
-1.192476638834635727e+00 1.971981725917760331e+00
-2.978285385742188152e-01 1.972143567148322951e+00
6.760545077799480218e-01 1.972164261600755530e+00
1.802130029817708978e+00 1.972315490291608686e+00
2.750810411393230126e+00 1.971954133314516966e+00
3.706605198339845586e+00 1.972238549378718675e+00
4.661795493326823525e+00 1.972296918347117956e+00
5.631214599055990533e+00 1.972401451863251554e+00
6.599750216536460101e+00 1.972405166252150011e+00
7.799806254557293705e+00 1.972986733428203410e+00
8.772945310807292785e+00 1.972871056745375329e+00
9.748455835514327816e+00 1.972832320975437703e+00
1.072466385094401176e+01 1.973045102396603356e+00
1.166581133271484561e+01 1.973178289769951466e+00
1.264736677701823098e+01 1.973291313317852236e+00
1.387104450084635943e+01 1.973406990000680317e+00
1.485729638268229280e+01 1.973054653682341231e+00
1.584405975771484876e+01 1.973050939293442996e+00
1.683063713522135885e+01 1.972898118721633454e+00
1.782744437666016069e+01 1.972799422102339495e+00
1.881713721272786799e+01 1.972706562379885842e+00
1.979864615764974545e+01 1.972515536665123470e+00
2.104306260563151554e+01 1.972359532331400933e+00
2.205079720172526336e+01 1.972633866482878862e+00
2.299287467112630523e+01 1.972949058912236486e+00
2.399809830061849425e+01 1.972708684887827246e+00
2.498988360885417137e+01 1.972794115832485096e+00
2.598766733730468559e+01 1.972972406499596376e+00
2.699223997545573184e+01 1.972811095896019440e+00
2.825906912532551729e+01 1.973276455762259518e+00
2.926508324430338348e+01 1.972862036086622473e+00
3.026430845358073185e+01 1.973116737039638968e+00
3.129622272805989525e+01 1.973020693555272320e+00
3.231042073818358773e+01 1.972823300316684625e+00
3.328644275608724001e+01 1.973064204968079327e+00
3.429399135465494908e+01 1.973027061079097866e+00
3.533129955738932182e+01 1.972699664229074834e+00
3.635182148339843167e+01 1.972700725483045758e+00
3.761097823531900985e+01 1.972763339467329180e+00
3.861424889078776346e+01 1.972813749030946973e+00
3.962105349925130326e+01 1.972979304650407606e+00
4.062437065410156833e+01 1.972841872261175356e+00
4.163066376936849622e+01 1.972828606586539468e+00
4.262844749781901044e+01 1.973058368071239244e+00
4.363618209391276537e+01 1.972892812451778610e+00
4.460783316995443926e+01 1.972807381507121427e+00
4.561342879449870225e+01 1.972806320253150281e+00
4.661000353902994675e+01 1.972780850157848764e+00
4.761829612770182507e+01 1.972757502570488874e+00
4.862826269410808067e+01 1.972850892919928434e+00
4.963753176979167137e+01 1.972930486967745756e+00
5.063661748092447823e+01 1.972916690666124184e+00
5.164300359495442905e+01 1.972918813174066033e+00
5.264441427516276661e+01 1.972936854491571301e+00
5.365837978837890887e+01 1.973188371682674802e+00
5.460947813779297633e+01 1.973115675785668266e+00
5.562209516894532157e+01 1.973172452873111382e+00
5.662308735472004173e+01 1.973009550388577837e+00
5.762686950338542147e+01 1.973118859547580817e+00
5.862767569163411707e+01 1.973392132445087599e+00
5.964447766712240906e+01 1.973163962841343766e+00
6.064319138320312419e+01 1.973242495635191052e+00
6.164474156155598905e+01 1.973235597484380044e+00
6.265015118857422038e+01 1.973024938571156017e+00
6.364839991083984216e+01 1.973102410111031491e+00
6.466966582695310706e+01 1.972796768967412184e+00
6.562513511822918133e+01 1.972444963276059005e+00
6.662259335100911528e+01 1.972519781681007167e+00
6.762707299039713860e+01 1.972490597196807416e+00
6.862950665699870001e+01 1.972664112221049537e+00
6.963872923330079345e+01 1.972502270990487361e+00
7.063363000009765358e+01 1.972258713204165792e+00
7.165122246507161208e+01 1.972840811007204653e+00
7.264365876464843552e+01 1.972817463419844985e+00
7.364209348444011027e+01 1.972578681276392132e+00
7.463545977164713463e+01 1.972833382229408405e+00
7.565072726754556243e+01 1.972759094451445483e+00
7.661214847965493391e+01 1.972891220570822668e+00
7.761881358997396774e+01 1.973048816785501147e+00
7.861557433203125811e+01 1.973432990722967295e+00
7.961414854996746726e+01 1.973002652237767052e+00
8.062909055019531479e+01 1.973262659460637725e+00
