# User			Meike Reginka
# Sample		2020_0446_1
# State			after FC
# Profile		mere_beads_forc.txt
# Comment
# ML
# 
# Meas. type 		FORC
# angle (deg)		 0.000
# Hmin (kA/m)		-80.000
# Hmax (kA/m)		80.000
# pts./branch		161
# time/pt. (s)		 0.020
# dt (s)		 0.020
# nCycles		5
# Hstop (kA/m)		 0.000
# wait (s)		60.000
# nSched		5
# nMinorLoops		10
# nX			2
# nY			2
# dx (mm)		 0.250
# dy (mm)		 0.250
# avg. raster		no average raster
# Number			59
# ID			310373
# -----------------------------------------------
# H (kA/m) 	 I (arb.u.)
8.158479233837891798e+01 1.972425860704582368e+00
8.071032496969401393e+01 1.972578681276392132e+00
7.978396429124347833e+01 1.972433820109364078e+00
7.883458641894532093e+01 1.972804197745208432e+00
7.785814590660807255e+01 1.973078531896686361e+00
7.686552360950520324e+01 1.972980896531363770e+00
7.587982972024737194e+01 1.973311477143299131e+00
7.490190122770182768e+01 1.973402214357811379e+00
7.389114417180989847e+01 1.973100287603090086e+00
7.288768751881512742e+01 1.973042979888661508e+00
7.187767445302733904e+01 1.973006366626665287e+00
7.087096284332683638e+01 1.972677377895686313e+00
6.985936879856770076e+01 1.973298742095648484e+00
6.884419430143229590e+01 1.973318905921095379e+00
6.783906367070312626e+01 1.973160248452445531e+00
6.682630714140624661e+01 1.973168207857227685e+00
6.581806105211587976e+01 1.972717705546579881e+00
6.485677933815104268e+01 1.972635458363835470e+00
6.382793402285157214e+01 1.972859382951695384e+00
6.281871144654948580e+01 1.972939507626498612e+00
6.181581278613280261e+01 1.972510230395269293e+00
6.080593921848958416e+01 1.972564354347785098e+00
5.979281069414063410e+01 1.972796238340426944e+00
5.877670620937500701e+01 1.972680561657598863e+00
5.777394704710286533e+01 1.972865750475520930e+00
5.676402698007812120e+01 1.972915098785167576e+00
5.575489740253905779e+01 1.972842933515146946e+00
5.474962727366537507e+01 1.972905547499429701e+00
5.378690407887370384e+01 1.972890159316851744e+00
5.276810262998046852e+01 1.972680031030613179e+00
5.175790356666666980e+01 1.972788278935645012e+00
5.074458904479166677e+01 1.972616355792359277e+00
4.974141138808593610e+01 1.972919343801051717e+00
4.872405142001953493e+01 1.972832851602423165e+00
4.771087639628906629e+01 1.972805789626165041e+00
4.670197931565755312e+01 1.972932609475687604e+00
4.568838579749349549e+01 1.972680031030613179e+00
4.468130219274089399e+01 1.972873179253317177e+00
4.369877026142577847e+01 1.972880608031113425e+00
4.270493898040365366e+01 1.972794115832485096e+00
4.168590503460286811e+01 1.973191555444587353e+00
4.067570597128906229e+01 1.973026530452112626e+00
3.967173782509766511e+01 1.972971875872610914e+00
3.865633083105468870e+01 1.972955426436062032e+00
3.739708108037109469e+01 1.973201106730325449e+00
3.638478954488932970e+01 1.973213311150991078e+00
3.536436061764322858e+01 1.973222331809743713e+00
3.436034597207031283e+01 1.973369846111698855e+00
3.335205338339843451e+01 1.973469603984963516e+00
3.237877482900390902e+01 1.973431929468996593e+00
3.135067350380860063e+01 1.973228168706583574e+00
3.034498488050130760e+01 1.973027591706083328e+00
2.933092636852213175e+01 1.973229229960554498e+00
2.807302509990233830e+01 1.973039265499763495e+00
2.705366565843099380e+01 1.973233474976438195e+00
2.602942378190104478e+01 1.972739461252983606e+00
2.501806223404948426e+01 1.972734154983129207e+00
2.400753767506510883e+01 1.972951712047163797e+00
2.296167358613281806e+01 1.972557456196974091e+00
2.199025500699870150e+01 1.972505454752400134e+00
2.071175451236980081e+01 1.972423738196640741e+00
1.969997447008464064e+01 1.972553211181090393e+00
1.868689244511719139e+01 1.972553211181090838e+00
1.767455441025391494e+01 1.972687459808409649e+00
1.665552046445312939e+01 1.973119920801551519e+00
1.563899748525390976e+01 1.973057306817268541e+00
1.463382035514323221e+01 1.972899710602589840e+00
1.336169027578125146e+01 1.973006897253650749e+00
1.236130258196615017e+01 1.972693827332234751e+00
1.139165097932942849e+01 1.972871056745375329e+00
1.037364001992187745e+01 1.972568599363668795e+00
9.373345324869793771e+00 1.972476800895185622e+00
8.367377705273440824e+00 1.972634397109864324e+00
7.107476963248699597e+00 1.972528802339760023e+00
6.096394411686199888e+00 1.972423207569654835e+00
5.084195874967448958e+00 1.972150995926119199e+00
4.086226148990886209e+00 1.972532516728658258e+00
3.072400133919271248e+00 1.972448677664956795e+00
2.071826442578125871e+00 1.972464065847535197e+00
8.489392082356772562e-01 1.972282591418510922e+00
-1.720942109700520917e-01 1.972280468910569073e+00
-1.184850740266927493e+00 1.972205650505620245e+00
-2.184447944596354940e+00 1.972126056457802923e+00
-3.189857571614584053e+00 1.972550558046163749e+00
-4.200382130598959485e+00 1.972259243831151032e+00
-5.462979836751303608e+00 1.972211487402460550e+00
-6.464111520670575040e+00 1.972522965442919940e+00
-7.472218111816407493e+00 1.972646601530529509e+00
-8.473024300065105763e+00 1.972843994769117648e+00
-9.484013852864585203e+00 1.972539945506454062e+00
-1.068309340387370199e+01 1.972521373561963776e+00
-1.171203171793620079e+01 1.972412064402960796e+00
-1.271772034124349204e+01 1.972262958220049045e+00
-1.371722454680990033e+01 1.971895233719132001e+00
-1.472709811445312766e+01 1.971603919504119506e+00
-1.572925278476562916e+01 1.971535468622996667e+00
-1.674456678004557730e+01 1.971048353050353086e+00
-1.800153806103515919e+01 1.970119225198828872e+00
-1.900397172763672060e+01 1.969390674347805792e+00
-2.000947435341797842e+01 1.968691307980981353e+00
-2.097280204016927385e+01 1.967710178684883404e+00
-2.198402408987630707e+01 1.966901503159056652e+00
-2.199341696494140663e+01 1.966942892063922033e+00
-2.110379079788411971e+01 1.967037343667332072e+00
-2.021397863330078692e+01 1.967357842366544096e+00
-1.927650460266927723e+01 1.967611482065589446e+00
-1.832689423346354474e+01 1.967842304804260367e+00
-1.715287784908854363e+01 1.968019003590415483e+00
-1.618643470377604743e+01 1.968086393217567620e+00
-1.521492312587890972e+01 1.968536895528215425e+00
-1.425657087294922398e+01 1.969199118006057958e+00
-1.328970923320312991e+01 1.969652804078618091e+00
-1.232168510891927404e+01 1.970243391913424347e+00
-1.134775556318359691e+01 1.970422213207521311e+00
-1.013635367607422211e+01 1.970893940597586935e+00
-9.185813319238285146e+00 1.971362484225739564e+00
-8.218254188769533286e+00 1.971393791217881386e+00
-7.239814203027345130e+00 1.971450037678339262e+00
-6.263652686979168216e+00 1.971904785004870320e+00
-5.031000582519532749e+00 1.972138260878468330e+00
-4.046608675944011857e+00 1.972154179688031750e+00
-3.050080430794271713e+00 1.972319735307492383e+00
-2.065409527929687794e+00 1.972304347124914203e+00
-1.081436115787760555e+00 1.972242794394602150e+00
-6.435514401041667054e-02 1.972234304362834978e+00
1.131562449055989905e+00 1.972318143426535997e+00
2.125951722656250542e+00 1.972394023085455750e+00
3.108390655208334241e+00 1.972683745419511414e+00
4.114218776660156784e+00 1.972587171308159304e+00
5.106841073763022543e+00 1.972481576538054560e+00
6.102020836848959462e+00 1.972430636347451527e+00
7.355365166080729544e+00 1.972411003148989650e+00
8.352683900716147747e+00 1.972403043744207940e+00
9.349444642773439895e+00 1.972218385553270892e+00
1.034541489534505487e+01 1.972381288037804659e+00
1.135277749638672162e+01 1.972312837156681598e+00
1.230894427838541993e+01 1.972470963998345539e+00
1.355633668678385817e+01 1.972762808840343496e+00
1.456686124576823183e+01 1.972614763911402669e+00
1.556552846246745325e+01 1.972996284713941506e+00
1.657930797815755497e+01 1.972424268823625981e+00
1.757839368929036894e+01 1.972436473244291610e+00
1.857822339052734861e+01 1.972232712481878369e+00
1.958651597919922338e+01 1.972162139092813682e+00
2.083223440986328612e+01 1.972351572926619445e+00
2.185061736432292179e+01 1.972572844379552270e+00
2.281255006962891230e+01 1.972459820831651500e+00
2.381582072509765879e+01 1.972503862871443303e+00
2.482085835706380550e+01 1.972390839323542755e+00
2.582333852304687483e+01 1.972321857815434232e+00
2.683228210305990302e+01 1.972232712481878369e+00
2.810869012552083390e+01 1.972349450418677597e+00
2.910996130758464062e+01 1.972343613521837957e+00
3.012862325833333443e+01 1.972424268823625981e+00
3.113538136741536988e+01 1.972508638514312684e+00
3.216269220312499755e+01 1.972465127101505677e+00
3.314931608001302266e+01 1.972230589973936521e+00
3.416332809261067638e+01 1.972480515284083857e+00
3.519342889121094231e+01 1.972500148482545512e+00
3.622343669104818531e+01 1.972443371395102396e+00
3.747998947760417110e+01 1.972577620022421430e+00
3.849734944567057937e+01 1.972285775180423473e+00
3.950131759186198366e+01 1.972361654839343004e+00
4.050509974052734918e+01 1.972634927736849564e+00
4.151483381002604034e+01 1.972833912856393868e+00
4.252108042591145676e+01 1.972685867927453263e+00
4.353523193665364488e+01 1.972498556601589348e+00
4.450706901022135753e+01 1.972469372117389597e+00
4.550652671640625613e+01 1.972464065847534975e+00
4.651393581682943790e+01 1.972780319530863524e+00
4.752027543147787014e+01 1.972591946951028463e+00
4.852782403004557921e+01 1.972496964720632739e+00
4.954048756057942882e+01 1.972385533053688356e+00
5.053627181562500681e+01 1.972343613521837513e+00
5.155051632513021076e+01 1.972609457641548492e+00
5.255527496080728866e+01 1.972554272435061096e+00
5.357258842949219257e+01 1.972533047355643276e+00
5.452722073190105334e+01 1.972333000982128715e+00
5.553783828964844105e+01 1.972355817942503142e+00
5.653710999830727957e+01 1.972125525830817239e+00
5.754447259934895698e+01 1.972422676942669817e+00
5.854086134635416983e+01 1.972188139815100660e+00
5.955552435029298408e+01 1.972194507338926206e+00
6.056488642473959061e+01 1.972348389164706450e+00
6.156862207402343756e+01 1.972487413434894421e+00
6.256817277897135199e+01 1.972709215514813152e+00
6.357641886826172595e+01 1.972762278213358034e+00
6.459461582519530509e+01 1.972691174197307662e+00
6.555561854287110179e+01 1.972236426870776826e+00
6.655237928492839217e+01 1.972612641403461042e+00
6.755718441998698154e+01 1.972831259721466557e+00
6.855534014348957328e+01 1.973182004158849256e+00
6.955893629462892136e+01 1.972820116554772074e+00
7.056243944700520387e+01 1.972603090117722946e+00
7.157728844847005689e+01 1.972654560935311441e+00
7.257460718310545644e+01 1.972420554434727968e+00
7.357708734908855774e+01 1.972309122767783141e+00
7.457794003671874350e+01 1.972256060069238259e+00
7.558939458333334471e+01 1.972427983212524216e+00
7.655016480410156987e+01 1.972596191966912160e+00
7.754971550904947719e+01 1.972579742530363056e+00
7.854708074306641663e+01 1.972383941172731525e+00
7.955374585338542204e+01 1.972290550823292410e+00
8.057045483011066267e+01 1.972409411268033486e+00
