# User			Meike Reginka
# Sample		2020_0446_1
# State			after FC
# Profile		mere_beads_forc.txt
# Comment
# ML
# 
# Meas. type 		FORC
# angle (deg)		 0.000
# Hmin (kA/m)		-80.000
# Hmax (kA/m)		80.000
# pts./branch		161
# time/pt. (s)		 0.020
# dt (s)		 0.020
# nCycles		5
# Hstop (kA/m)		 0.000
# wait (s)		60.000
# nSched		5
# nMinorLoops		10
# nX			2
# nY			2
# dx (mm)		 0.250
# dy (mm)		 0.250
# avg. raster		no average raster
# Number			20
# ID			310334
# -----------------------------------------------
# H (kA/m) 	 I (arb.u.)
8.162008536894532540e+01 1.971513182289607702e+00
8.074585049716796448e+01 1.971395383098837772e+00
7.983013817708335580e+01 1.971502039122912997e+00
7.887755184746094983e+01 1.971502569749898903e+00
7.789669389388021159e+01 1.971560408091312500e+00
7.690444359182944822e+01 1.971406526265532255e+00
7.591507625143228211e+01 1.971616654551770598e+00
7.494389016920574420e+01 1.971712698036136802e+00
7.393104064114582741e+01 1.971828905345950567e+00
7.292544501660157152e+01 1.971616654551770598e+00
7.191106100895183317e+01 1.971456935829150048e+00
7.091346327802735061e+01 1.971689881075762374e+00
6.989498732480467424e+01 1.971734453742540527e+00
6.889278615511068438e+01 1.971566775615138045e+00
6.787114824394529933e+01 1.971495140972102433e+00
6.686518062434895171e+01 1.971522733575345798e+00
6.586102648063150866e+01 1.971550856805574403e+00
6.488798042314452630e+01 1.971485059059378875e+00
6.386164607444661812e+01 1.971517427305491399e+00
6.286107238310546563e+01 1.971680860417010184e+00
6.184566538906250344e+01 1.971653798440752059e+00
6.083737280039063222e+01 1.971519549813433247e+00
5.982740623398438373e+01 1.971913275036637492e+00
5.881009276529947982e+01 1.971984909679672882e+00
5.779952170693358227e+01 1.971978542155847780e+00
5.679876201806641234e+01 1.972123933949861296e+00
5.578228553824870062e+01 1.971655390321708445e+00
5.478282783206380202e+01 1.971714289917093410e+00
5.380350435807292797e+01 1.971815639671314457e+00
5.279669974960938106e+01 1.971913805663622732e+00
5.178738417454427889e+01 1.971868702369859339e+00
5.078076556360677785e+01 1.971681391043995424e+00
4.977330996380208461e+01 1.971515304797549106e+00
4.876143692275391572e+01 1.971404403757590407e+00
4.774165898684896092e+01 1.971483997805408173e+00
4.673299440312499797e+01 1.971578980035803674e+00
4.572130735960286785e+01 1.971256358828649802e+00
4.471231728020833884e+01 1.971264848860416752e+00
4.371922998929036908e+01 1.971513182289607702e+00
4.272609619899088074e+01 1.971160315344283154e+00
4.171622263134764808e+01 1.971139090264864890e+00
4.070328010452474388e+01 1.971218153685697194e+00
3.969103506842448326e+01 1.971469140249815455e+00
3.868478845253906684e+01 1.971167213495093939e+00
3.741884279091797083e+01 1.971456405202164364e+00
3.639855336181640411e+01 1.971695187345617217e+00
3.538468084736327768e+01 1.971746127536220472e+00
3.437671375436197962e+01 1.971593306964410708e+00
3.336446871826171900e+01 1.971624083329566623e+00
3.238314577086588741e+01 1.971591715083454321e+00
3.136908725888672222e+01 1.971632042734348333e+00
3.035870219804687764e+01 1.971285012685864091e+00
2.933887776276041848e+01 1.971447915170397414e+00
2.807865152506510853e+01 1.971400689368692172e+00
2.706273303782552375e+01 1.971843762901543506e+00
2.604444308212890746e+01 1.971477099654596943e+00
2.503852196191406776e+01 1.971742943774307921e+00
2.402055750188802463e+01 1.971741351893351313e+00
2.299701311608073340e+01 1.971529631726156584e+00
2.200815726888021473e+01 1.971472324011728006e+00
2.072598332311198277e+01 1.971671309131272087e+00
1.971118082102864832e+01 1.972014094163872855e+00
1.869693631152344082e+01 1.972558517450944793e+00
1.768506327047526483e+01 1.971851191679339754e+00
1.666798229869792181e+01 1.971840048512645271e+00
1.565355179166667021e+01 1.971881437417509986e+00
1.464144625371094222e+01 1.971649022797882900e+00
1.337550059208984798e+01 1.971749311298133023e+00
1.235930310856119974e+01 1.971988093441585876e+00
1.138555956035156491e+01 1.972146220283249818e+00
1.038247490240885718e+01 1.972154710315016990e+00
9.373577821777345775e+00 1.971916458798550043e+00
8.370539663216147730e+00 1.971829966599921491e+00
7.109429937272136790e+00 1.971916989425535283e+00
6.100021363444011691e+00 1.971984379052687864e+00
5.076569976399740725e+00 1.971932377608113462e+00
4.080041731250001469e+00 1.971926010084288139e+00
3.073051125260417127e+00 1.972070871251316193e+00
2.071965940722656718e+00 1.972044870529028771e+00
8.397788300781251492e-01 1.971742943774307921e+00
-1.796271107747395845e-01 1.971776373274391148e+00
-1.198149563378906546e+00 1.971880376163539283e+00
-2.199002251009115394e+00 1.971961031465327752e+00
-3.204737373697916780e+00 1.971680860417010184e+00
-4.215773425878907688e+00 1.971806088385576361e+00
-5.472047216145834447e+00 1.971647430916926513e+00
-6.486849718229168005e+00 1.971676615401126487e+00
-7.497141780305992320e+00 1.971774781393434539e+00
-8.493484027929689262e+00 1.971626736464494378e+00
-9.510379002180991748e+00 1.971624083329566623e+00
-1.072210638496094148e+01 1.971742413147322459e+00
-1.173974534931640967e+01 1.971767883242623753e+00
-1.274208601715494993e+01 1.971560408091312500e+00
-1.374740264541016010e+01 1.971317380931976393e+00
-1.475174278665364902e+01 1.970700792374882715e+00
-1.576491781038411766e+01 1.970391967469351080e+00
-1.677795333597005722e+01 1.970010977293797483e+00
-1.802362526725260850e+01 1.969167280386931118e+00
-1.903810227366536978e+01 1.968636122774494623e+00
-2.004011744583334220e+01 1.967958512114074354e+00
-2.101214051692709006e+01 1.967052731849909808e+00
-2.202578053447266271e+01 1.966175605442959995e+00
-2.303351513056641409e+01 1.965189169877007203e+00
-2.428327900742187495e+01 1.964398005041701145e+00
-2.529998798414714045e+01 1.963705536825688158e+00
-2.631367450107421746e+01 1.962606608338820280e+00
-2.732526854583333886e+01 1.961811198487629859e+00
-2.834602296875000604e+01 1.961162241684423435e+00
-2.935654752773437082e+01 1.960202868094728990e+00
-3.035712121907552330e+01 1.959753427038052553e+00
-3.135388196113281367e+01 1.958797767837255677e+00
-3.261717715800780582e+01 1.958024644319454666e+00
-3.364895193434244192e+01 1.957470669746644409e+00
-3.468374917047525940e+01 1.956798895983063780e+00
-3.568636883460286668e+01 1.956258187084889633e+00
-3.669959035771485389e+01 1.956018343687466077e+00
-3.771890329980468692e+01 1.955435715257441309e+00
-3.871408306289063006e+01 1.954743247041428322e+00
-3.973506998271484747e+01 1.954348991191238616e+00
-4.072987775074869887e+01 1.953957388475975776e+00
-4.174988818356119680e+01 1.953511661808197353e+00
-4.296184806324870209e+01 1.952877562560583868e+00
-4.397948702760416495e+01 1.952458897869063570e+00
-4.498759361875000451e+01 1.951928270883612759e+00
-4.598746981936849920e+01 1.951656059240076679e+00
-4.699720388886719036e+01 1.951124901627641073e+00
-4.800005604990234787e+01 1.950591090880277712e+00
-4.902011298209635015e+01 1.950449413475162430e+00
-5.001817570683594028e+01 1.950034993799525385e+00
-5.103534967737630268e+01 1.949716617608255209e+00
-5.203131992994791943e+01 1.949414690853533916e+00
-5.300259901093750159e+01 1.949384975742348480e+00
-5.400777614104816848e+01 1.949412568345592067e+00
-5.501634772600912271e+01 1.948831531796523908e+00
-5.602045537034505429e+01 1.948559320152987384e+00
-5.702670198623047781e+01 1.948260577160179086e+00
-5.802262573942057600e+01 1.948410744597061539e+00
-5.904161318583985008e+01 1.948286047255480602e+00
-6.028640162887369769e+01 1.948174084961550534e+00
-6.129850716682943101e+01 1.948292945406291610e+00
-6.230261481116536970e+01 1.948221841390241016e+00
-6.231949408665365553e+01 1.947884893254480110e+00
-6.145023464869791496e+01 1.947905587706912689e+00
-6.053433633108725331e+01 1.947957058524501184e+00
-5.939198602552082917e+01 1.947660438039634734e+00
-5.843642373548178170e+01 1.947552190134602457e+00
-5.750257665660807760e+01 1.948054693889823996e+00
-5.655310578554687595e+01 1.947717745754063090e+00
-5.560944733717448685e+01 1.947810605476517187e+00
-5.464663114361979268e+01 1.947743746476350069e+00
-5.369464930595703578e+01 1.947991549278556001e+00
-5.273578555983073102e+01 1.947841912468659009e+00
-5.180277546982421200e+01 1.948004814953191888e+00
-5.083382135791016765e+01 1.947807952341590099e+00
-4.986272827444661715e+01 1.947807952341589655e+00
-4.888838023427734925e+01 1.947516638126577382e+00
-4.790426732399088650e+01 1.947678479357139780e+00
-4.692313037412110077e+01 1.947883301373523501e+00
-4.594106343662109282e+01 1.947663621801547285e+00
-4.495806651149089106e+01 1.948044611977100660e+00
-4.398483445647786994e+01 1.947623824777638735e+00
-4.273390809508464372e+01 1.947397777681836750e+00
-4.179364410156249932e+01 1.947299611689528254e+00
-4.080446275869140749e+01 1.947623824777638069e+00
-3.981165446406250652e+01 1.947490106777304719e+00
-3.882368210511068440e+01 1.947547945118719204e+00
-3.783171079934896142e+01 1.947457207904206955e+00
-3.682281371871744824e+01 1.947682193746038015e+00
-3.582433249954427623e+01 1.947819626135269822e+00
-3.483808061770833575e+01 1.947637090452274622e+00
-3.383792542080078647e+01 1.947866851936974841e+00
-3.259057951178385082e+01 1.947838728706746014e+00
-3.157996195403645956e+01 1.947927343413315970e+00
-3.062523665286458652e+01 1.947968201691195889e+00
-2.961671156728516152e+01 1.948018080627828219e+00
-2.862125280791015669e+01 1.947969262945167035e+00
-2.762016762337239584e+01 1.948123675397932519e+00
-2.661452549944661428e+01 1.947923629024418180e+00
-2.560353594664714194e+01 1.948035591318348025e+00
-2.435828250979818321e+01 1.948188942517143252e+00
-2.334096904111328286e+01 1.948179391231405155e+00
-2.233332744378255796e+01 1.948463276668621180e+00
-2.131871093922526228e+01 1.948422418390741484e+00
-2.034413040214844415e+01 1.948286047255480602e+00
-1.932007452314453744e+01 1.948692507526335493e+00
-1.805947629039713931e+01 1.948716385740680623e+00
-1.703351393675130865e+01 1.948888839510952709e+00
-1.603149876458333623e+01 1.948938718447584595e+00
-1.501297631197917148e+01 1.949123376638521421e+00
-1.400556721155599327e+01 1.949212521972077283e+00
-1.299206669215495324e+01 1.949297422289749226e+00
-1.198498308740234464e+01 1.949917194608755455e+00
-1.072308287197265919e+01 1.950514680594372940e+00
-9.749153326236982053e+00 1.950929630896995226e+00
-8.741325731380211295e+00 1.951213516334210585e+00
-7.744285993033855675e+00 1.951640671057498500e+00
-6.741991824576825110e+00 1.952313506075049832e+00
-5.486648021940105480e+00 1.953502110522459478e+00
-4.463522130566407675e+00 1.954045472555560714e+00
-3.456438525813803508e+00 1.954926843978394224e+00
-2.452191383333333974e+00 1.955988097949295623e+00
-1.452640678385416884e+00 1.956652442935079339e+00
-4.309097684570313835e-01 1.957776841517248956e+00
8.280609859375002157e-01 1.958516004907981944e+00
1.809941925911459082e+00 1.959456275926200197e+00
2.821814966959635740e+00 1.960272910856808437e+00
3.820668181184896817e+00 1.960835906088371550e+00
4.819893390462240745e+00 1.961434983954945199e+00
5.841298804720054250e+00 1.961821280400353196e+00
7.097572594986980121e+00 1.962348723623891011e+00
8.112282098307293410e+00 1.962887310014123088e+00
9.109554333561201034e+00 1.963225319403855584e+00
1.012096238079427302e+01 1.963927869532591686e+00
1.113757835875651203e+01 1.964687727375756809e+00
1.208956019641927426e+01 1.965014062971808917e+00
1.334806595699870257e+01 1.965920373862958703e+00
1.435742803144531621e+01 1.967036813040346388e+00
1.537497399703776502e+01 1.967755812605632038e+00
1.637973263271484825e+01 1.968572978163226184e+00
1.738914120654296980e+01 1.969330713498449459e+00
1.839478333046875491e+01 1.970087918206687494e+00
1.940223893027344104e+01 1.970301760881824071e+00
2.065818722486979908e+01 1.970442907659953891e+00
2.167773266386718944e+01 1.970792590843365888e+00
2.264236233330078463e+01 1.971082313177421996e+00
2.364670247454426999e+01 1.971355586074928556e+00
2.465941250445964172e+01 1.971565714361167343e+00
2.565984669765625270e+01 1.971643185901043260e+00
2.667855514778646153e+01 1.971678207282082873e+00
2.794454730878906901e+01 1.971830497226907175e+00
2.896604572180990189e+01 1.971660696591562845e+00
2.997359432037760740e+01 1.971832089107863117e+00
3.099304676061198194e+01 1.971910621901709959e+00
3.202086908951822863e+01 1.971628328345450321e+00
3.301772283033853483e+01 1.971652206559795451e+00
3.402262096416015424e+01 1.971655920948693463e+00
3.506011516442057285e+01 1.971784863306157876e+00
3.607691713990885773e+01 1.971696248599587920e+00
3.732463504397787091e+01 1.971734984369525989e+00
3.835217837659505591e+01 1.971367790495594408e+00
3.936674838177083302e+01 1.971270685757256835e+00
4.037397148466797603e+01 1.971569428750065356e+00
4.138431004612630204e+01 1.971098762613971322e+00
4.238660421458334326e+01 1.970790998962409279e+00
4.342274993277995065e+01 1.970434417628186496e+00
4.438086968880207905e+01 1.970642423406483434e+00
4.539209173850912293e+01 1.970754916327398520e+00
4.639908234449870861e+01 1.971190561082453829e+00
4.740988589977214929e+01 1.971166152241122793e+00
4.842417690865885049e+01 1.971354524820957854e+00
4.943916540826823081e+01 1.971340197892350821e+00
5.044262206126302317e+01 1.971043577407483927e+00
5.144938017034505862e+01 1.970833449121245584e+00
5.246023022499998945e+01 1.971400158741706710e+00
5.346740682851563520e+01 1.970926308843699237e+00
5.445575118251954905e+01 1.970956023954884673e+00
5.544167756868489505e+01 1.970830795986318051e+00
5.645210912890625110e+01 1.971268563249315209e+00
5.745751875592448243e+01 1.971271216384242742e+00
5.845804594788411634e+01 1.971145457788690214e+00
5.946936099635416895e+01 1.971347626670147068e+00
6.048513998544922288e+01 1.971349218551103677e+00
6.149896600052084494e+01 1.971467017741873384e+00
6.249586624072264840e+01 1.971278114535053305e+00
6.350829727434896199e+01 1.971058434963076422e+00
6.453188815953775759e+01 1.971243623780998933e+00
6.548879893164063049e+01 1.971207010519002711e+00
6.648648966132812177e+01 1.971108844526694215e+00
6.748966731803386665e+01 1.971143335280748587e+00
6.850093586712239357e+01 1.971240970646071622e+00
6.950076556835938391e+01 1.971277583908067843e+00
7.052119449560547082e+01 1.971282890177922020e+00
7.152130319313151574e+01 1.971407587519502957e+00
7.253322273356118899e+01 1.971236725630187925e+00
7.353709788098959166e+01 1.971505753511811010e+00
7.453209164654947472e+01 1.971408648773474104e+00
7.554787063564454286e+01 1.971377872408317744e+00
7.650785036692707308e+01 1.971443139527527810e+00
7.751595695807291975e+01 1.971326401590729027e+00
7.852406354921875220e+01 1.971559877464327259e+00
7.952896168304037872e+01 1.971538121757923978e+00
8.053553379459634698e+01 1.971825721584037794e+00
