# User			Meike Reginka
# Sample		2020_0446_1
# State			after FC
# Profile		mere_beads_forc.txt
# Comment
# ML
# 
# Meas. type 		FORC
# angle (deg)		 0.000
# Hmin (kA/m)		-80.000
# Hmax (kA/m)		80.000
# pts./branch		161
# time/pt. (s)		 0.020
# dt (s)		 0.020
# nCycles		5
# Hstop (kA/m)		 0.000
# wait (s)		60.000
# nSched		5
# nMinorLoops		10
# nX			2
# nY			2
# dx (mm)		 0.250
# dy (mm)		 0.250
# avg. raster		no average raster
# Number			18
# ID			310332
# -----------------------------------------------
# H (kA/m) 	 I (arb.u.)
8.163561616236978580e+01 1.971973235885992937e+00
8.076379925843099272e+01 1.971635757123246568e+00
7.983599709915365850e+01 1.971669186623329795e+00
7.888252728128254887e+01 1.971482936551437026e+00
7.791217818792316052e+01 1.971416077551269908e+00
7.690779154729818856e+01 1.971222929328566353e+00
7.592521311660155447e+01 1.971806088385576139e+00
7.495356204055990190e+01 1.972050176798883392e+00
7.394582744446613276e+01 1.971796006472852802e+00
7.293576787929687555e+01 1.971713759290107948e+00
7.191989589143879869e+01 1.971768944496594900e+00
7.092369314195963170e+01 1.971783271425201933e+00
6.990861164358724977e+01 1.971574735019920199e+00
6.889366964335937382e+01 1.971699962988486377e+00
6.788156410540365471e+01 1.971941928893851781e+00
6.687159753899739201e+01 1.971813517163372387e+00
6.586841988229166134e+01 1.971658574083620996e+00
6.490086075182291836e+01 1.971616654551770154e+00
6.387880434622395853e+01 1.971806088385576361e+00
6.287144174518230244e+01 1.971733923115555065e+00
6.186161467692058125e+01 1.972002420370193354e+00
6.085178760865886005e+01 1.971753025687031258e+00
5.983893808059896458e+01 1.971886213060378923e+00
5.882408907913411866e+01 1.972143567148322951e+00
5.781686597623698276e+01 1.972204589251649542e+00
5.680717840611978886e+01 1.972143036521337267e+00
5.579423587929687756e+01 1.971945112655764110e+00
5.478287433144530638e+01 1.972010379774974842e+00
5.382289460016277616e+01 1.971920703814433740e+00
5.280758060488281558e+01 1.971650084051853824e+00
5.179505657249349326e+01 1.971826782838008718e+00
5.078741497516276127e+01 1.971835272869776112e+00
4.978916625289713238e+01 1.972123403322875834e+00
4.875878645800781896e+01 1.971861273592063091e+00
4.774737841077474343e+01 1.971935030743040773e+00
4.673345939694010553e+01 1.971819884687197932e+00
4.573074673404948953e+01 1.971684044178922512e+00
4.472231464723307681e+01 1.971801312742707202e+00
4.371820700289713812e+01 1.971650084051853824e+00
4.272298074042969063e+01 1.971672901012228030e+00
4.172045407506510628e+01 1.971796006472853025e+00
4.071034801051432339e+01 1.971680860417009740e+00
3.969601050224609651e+01 1.971678737909068335e+00
3.868813640800781428e+01 1.971920703814433740e+00
3.741912178720703963e+01 1.971806619012562045e+00
3.639771637294921192e+01 1.971541305519836529e+00
3.539067926757812188e+01 1.971751433806074871e+00
3.437657425621744522e+01 1.971576326900876142e+00
3.336525920774739262e+01 1.971656451575679370e+00
3.239463111809895679e+01 1.971741351893351535e+00
3.136792477434896398e+01 1.971870824877801187e+00
3.036246864794922118e+01 1.971907438139797186e+00
2.935171159205729197e+01 1.972063973100505185e+00
2.808646342115885730e+01 1.971734453742540527e+00
2.705710661266276773e+01 1.971710044901210157e+00
2.604825603141276247e+01 1.971968460243123999e+00
2.502261917343750497e+01 1.971925479457302677e+00
2.402083649817708988e+01 1.972008787894018456e+00
2.300900995651042535e+01 1.971919111933477353e+00
2.201336519960937821e+01 1.972145159029279116e+00
2.073649218333333977e+01 1.972111198902210205e+00
1.970857685566407014e+01 1.971987032187614730e+00
1.870009826946614950e+01 1.972039033632189131e+00
1.769343315914714054e+01 1.971915928171564802e+00
1.667286473375651568e+01 1.971852783560295919e+00
1.564755337145182779e+01 1.971707922393268309e+00
1.463047239967448299e+01 1.971645308408984665e+00
1.337447760569661881e+01 1.971755678821958568e+00
1.236358105166016053e+01 1.971933969489069627e+00
1.139020949850260678e+01 1.971740821266366073e+00
1.038670634612630472e+01 1.971950949552604193e+00
9.380087735188805453e+00 1.971849599798383146e+00
8.361844278873700631e+00 1.971660165964577605e+00
7.105058995410158396e+00 1.971848538544412222e+00
6.103369318912761798e+00 1.971951480179589655e+00
5.089775800748699730e+00 1.971670778504286403e+00
4.080878720117189218e+00 1.971575265646905439e+00
3.070075164843750759e+00 1.971742943774307477e+00
2.073081925878906606e+00 1.971636287750232031e+00
8.362448770833336154e-01 1.971685636059879121e+00
-1.786506237630208493e-01 1.971455343948193661e+00
-1.189733175325521364e+00 1.971563061226240254e+00
-2.203838186686198242e+00 1.971525386710273331e+00
-3.207852832259114884e+00 1.971566775615138489e+00
-4.215122434537762253e+00 1.971408118146488420e+00
-5.486136528743490004e+00 1.971799190234765353e+00
-6.491127661328127907e+00 1.971707391766282402e+00
-7.492398843391928409e+00 1.971473385265698930e+00
-8.496645985872397944e+00 1.971591715083454321e+00
-9.511820483007815241e+00 1.971630450853392391e+00
-1.072150189300130663e+01 1.972015155417843779e+00
-1.174132632828776224e+01 1.972018869806741792e+00
-1.274836343365885760e+01 1.971729147472686128e+00
-1.375372656129557747e+01 1.971289788328732584e+00
-1.475532323902995202e+01 1.970766059494093447e+00
-1.576054686852213926e+01 1.970592013842865420e+00
-1.678292876979167048e+01 1.969840646031467246e+00
-1.802804270849609836e+01 1.969299406506308081e+00
-1.904912262708333870e+01 1.968315624075282377e+00
-2.005304427389323507e+01 1.967591848867128013e+00
-2.101125702867838640e+01 1.966881869960594775e+00
-2.202289757281901927e+01 1.966207973689072519e+00
-2.303542160520834159e+01 1.964968959678045968e+00
-2.429787981321615220e+01 1.963915134484940594e+00
-2.530519591487630748e+01 1.963191359276786674e+00
-2.631878943304036511e+01 1.962477135354370184e+00
-2.733391743079427272e+01 1.961484862891577752e+00
-2.834825493906249960e+01 1.960861906810658528e+00
-2.935915149309895611e+01 1.960211358126495940e+00
-3.037265201249999791e+01 1.959108184623744364e+00
-3.135988038134766143e+01 1.958816870408732091e+00
-3.263303344710286780e+01 1.957861741834921121e+00
-3.366597070797526214e+01 1.957283358420780051e+00
-3.468495815439453622e+01 1.956811100403729187e+00
-3.569562221152343540e+01 1.956230063854661028e+00
-3.670405429833984812e+01 1.955658578591330743e+00
-3.772327424166666532e+01 1.955269629010995436e+00
-3.872319694166666437e+01 1.954587773334691470e+00
-3.973781344622396006e+01 1.954053431960342202e+00
-4.074685002500000053e+01 1.953728688245246703e+00
-4.175588660377604100e+01 1.953273410291729961e+00
-4.296310354654949037e+01 1.952540083797837500e+00
-4.398436946266275527e+01 1.952023253114008261e+00
-4.499373153710937601e+01 1.951583893970055161e+00
-4.600151263258464240e+01 1.951392337628307549e+00
-4.700599227197266572e+01 1.951224128873919827e+00
-4.801730732044271832e+01 1.950738074555247170e+00
-4.903336530582682684e+01 1.950518394983270731e+00
-5.003049804293620184e+01 1.950140588569630129e+00
-5.104404506171874800e+01 1.949813722346592559e+00
-5.204308427347005050e+01 1.949780823473494795e+00
-5.300920192311199486e+01 1.949105335321016375e+00
-5.402521340911457770e+01 1.948733896431201096e+00
-5.503601696438802549e+01 1.948858593772781589e+00
-5.603221971386719247e+01 1.948112001604252796e+00
-5.704297676975912168e+01 1.947949629746705158e+00
-5.803815653284505061e+01 1.947998978056352248e+00
-5.904993657513021077e+01 1.947881709492567559e+00
-6.030667535921224243e+01 1.947810074849531503e+00
-6.131045750787760085e+01 1.947759665285913933e+00
-6.230461428457031303e+01 1.947543169475849822e+00
-6.332006777799479380e+01 1.947491168031275866e+00
-6.428572043382162349e+01 1.947559088285413686e+00
-6.430692415179036914e+01 1.947195608800380118e+00
-6.344631359879556953e+01 1.947521944396432225e+00
-6.255943089524740230e+01 1.947429615300963590e+00
-6.164185859990234917e+01 1.947594109666453299e+00
-6.070438456927084303e+01 1.947328265546742543e+00
-5.953762208841146730e+01 1.947002991204661360e+00
-5.858136230764972652e+01 1.947207813221044859e+00
-5.762910147369791503e+01 1.947215241998841551e+00
-5.667753813046874711e+01 1.947092667165202462e+00
-5.571913937815754991e+01 1.946969561704578133e+00
-5.475674167903645184e+01 1.947082585252479126e+00
-5.379336749290365560e+01 1.947086830268362379e+00
-5.282413438470052114e+01 1.946926580918756589e+00
-5.189265877428385210e+01 1.946996093053850574e+00
-5.091352129781901681e+01 1.946972745466490684e+00
-4.994828713642578322e+01 1.946908539601251320e+00
-4.896245374902343883e+01 1.946924989037800202e+00
-4.797276091295573508e+01 1.946981235498258078e+00
-4.699162396308594225e+01 1.947115484125576890e+00
-4.601234698847656546e+01 1.947202506951190459e+00
-4.501977119075522182e+01 1.946845394989982658e+00
-4.403593727675782077e+01 1.946865028188444091e+00
-4.279393879661458300e+01 1.946973806720461386e+00
-4.183712102327473303e+01 1.947298550435557551e+00
-4.085235712164713817e+01 1.947088952776304227e+00
-3.986484975651041651e+01 1.947090544657260613e+00
-3.886920499960937292e+01 1.947249202125910017e+00
-3.787644320436197631e+01 1.947175444974932779e+00
-3.686615114228515466e+01 1.947304917959383097e+00
-3.586092751279297630e+01 1.947279447864081137e+00
-3.487537312167968651e+01 1.947412635237428802e+00
-3.386666203857421209e+01 1.947460391666119506e+00
-3.262308257945962708e+01 1.947599946563293161e+00
-3.161116303902994673e+01 1.947850933127411199e+00
-3.065392677125651133e+01 1.947719337635019476e+00
-2.965660803662109402e+01 1.947762849047826483e+00
-2.865198889908854341e+01 1.947662560547576138e+00
-2.765327518300781762e+01 1.947774522841506428e+00
-2.663875167721353776e+01 1.947688561269863561e+00
-2.563329555081380917e+01 1.948226086406124713e+00
-2.438069521168620213e+01 1.948028693167537462e+00
-2.336668319908854485e+01 1.948168248064710895e+00
-2.236387753743490237e+01 1.948272781580844271e+00
-2.134507608854167060e+01 1.948362988168370835e+00
-2.036096317825521140e+01 1.948582667740347496e+00
-1.934713716318360355e+01 1.948667037431033977e+00
-1.809146786487630720e+01 1.948469644192446282e+00
-1.705299717760416911e+01 1.948651649248455797e+00
-1.604089163964843934e+01 1.948472297327373814e+00
-1.502674012890625299e+01 1.949091008392408897e+00
-1.402202799261068122e+01 1.949192888773615628e+00
-1.301740885507812884e+01 1.949457141012369776e+00
-1.199665443216146166e+01 1.949996788656572777e+00
-1.074670455777994960e+01 1.950154915498237163e+00
-9.763940129557296288e+00 1.950498761784809076e+00
-8.752439083561201372e+00 1.951012408706725099e+00
-7.749633421907553554e+00 1.951648630462280209e+00
-6.745432778808595486e+00 1.952317751090933529e+00
-5.494134422363281978e+00 1.953236797029734184e+00
-4.474402985839844860e+00 1.954283724072028328e+00
-3.467505378613282119e+00 1.955243628288708457e+00
-2.464374221289062916e+00 1.956279412164307674e+00
-1.455942134472656413e+00 1.957137966626766534e+00
-4.326767449544271504e-01 1.958138198494340676e+00
8.231785508789064565e-01 1.958908668877215042e+00
1.798503078059896287e+00 1.959615464021835285e+00
2.811678101790365147e+00 1.959986902911650564e+00
3.819133701595053054e+00 1.960817334143880375e+00
4.824403830468752652e+00 1.961283755264092044e+00
5.832231425325522522e+00 1.961736910709666493e+00
7.094550135188804063e+00 1.962289824028506047e+00
8.099355270247398764e+00 1.962899514434788717e+00
9.106252877473961505e+00 1.963005109204893461e+00
1.010789605458984575e+01 1.963734721309887910e+00
1.112595351337890826e+01 1.964440455200537006e+00
1.208779321992187761e+01 1.964767852050560037e+00
1.334681047369792140e+01 1.965613671465368029e+00
1.435482406608073269e+01 1.966309854070279250e+00
1.536744109723307616e+01 1.967371638668165446e+00
1.638010462776692933e+01 1.967905980042514491e+00
1.738690923623047624e+01 1.968740125663643203e+00
1.838827341705729523e+01 1.969260670736369789e+00
1.939447353356120374e+01 1.969886279952216102e+00
2.064502789990234888e+01 1.970112327048018308e+00
2.167917414469401649e+01 1.970549033057043875e+00
2.263473643473307817e+01 1.970708221152678963e+00
2.364660947578125416e+01 1.971000065994676920e+00
2.465569255393880610e+01 1.971188969201497443e+00
2.567100654921874892e+01 1.971719596186948031e+00
2.667106874736327882e+01 1.971305707138296670e+00
2.794436131126302314e+01 1.971226643717464144e+00
2.896930067851562995e+01 1.971447915170397414e+00
2.996959537356770653e+01 1.971354524820957854e+00
3.099518573216145967e+01 1.971684044178922735e+00
3.201598665445963121e+01 1.971662819099504693e+00
3.301595585384114173e+01 1.971758331956885657e+00
3.402675940911458241e+01 1.971677146028111727e+00
3.505909217802734901e+01 1.971504692257840308e+00
3.607608015104166554e+01 1.971466487114888144e+00
3.733002897223307315e+01 1.971608695146988444e+00
3.835008590442708254e+01 1.971706861139296940e+00
3.936986384033203024e+01 1.971663880353475840e+00
4.038062089622395945e+01 1.971581102543745523e+00
4.138556552942708322e+01 1.971489834702247812e+00
4.238958017500000608e+01 1.971703677377384167e+00
4.341066009358723932e+01 1.971788047068071315e+00
4.438347365416666435e+01 1.971832089107863339e+00
4.538651181272786062e+01 1.971684574805907975e+00
4.640075632223307878e+01 1.971684044178922735e+00
4.740314348945312872e+01 1.971766821988653051e+00
4.842919884186198232e+01 1.971819884687198154e+00
4.943842141816406865e+01 1.971818823433227230e+00
5.044150607610677639e+01 1.971653798440752059e+00
5.144896167591144831e+01 1.971539183011894680e+00
5.245706826705728787e+01 1.971403342503619260e+00
5.347442823512368903e+01 1.971737637504453078e+00
5.444733479446615831e+01 1.971606572639046817e+00
5.544418853528645741e+01 1.971595960099337574e+00
5.645401560354818571e+01 1.971361953598754102e+00
5.746370317366536540e+01 1.971575796273890679e+00
5.846041741634115141e+01 1.971594368218381410e+00
5.947991635595703031e+01 1.971653267813766597e+00
6.048978992360027007e+01 1.971304115257340062e+00
6.150133746897788001e+01 1.971616654551770598e+00
6.250358513805338134e+01 1.971875600520670346e+00
6.351183122734376241e+01 1.971846416036470373e+00
6.453007468365883881e+01 1.971724371829816747e+00
6.549130989824219284e+01 1.971775312020420223e+00
6.649030261061197677e+01 1.971627267091479396e+00
6.749789770856121152e+01 1.971542897400792915e+00
6.850312133805337567e+01 1.971320564693889388e+00
6.951676135559897318e+01 1.971403342503619704e+00
7.051417308899740988e+01 1.971341259146321523e+00
7.153543900511067477e+01 1.971532815488069135e+00
7.252982827871093718e+01 1.971479222162538569e+00
7.353663288717449120e+01 1.971500447241956611e+00
7.454101952779947737e+01 1.971259542590562575e+00
7.555875149091797027e+01 1.971478160908568089e+00
7.651133782054036203e+01 1.971226643717464144e+00
7.751744493828125826e+01 1.971199051114221223e+00
7.852703950963542923e+01 1.971151825312515982e+00
7.952872918613282138e+01 1.971214439296798959e+00
8.055287806389975458e+01 1.971278645162038545e+00
