# User			Meike Reginka
# Sample		2020_0446_1
# State			after FC
# Profile		mere_beads_forc.txt
# Comment
# ML
# 
# Meas. type 		FORC
# angle (deg)		 0.000
# Hmin (kA/m)		-80.000
# Hmax (kA/m)		80.000
# pts./branch		161
# time/pt. (s)		 0.020
# dt (s)		 0.020
# nCycles		5
# Hstop (kA/m)		 0.000
# wait (s)		60.000
# nSched		5
# nMinorLoops		10
# nX			2
# nY			2
# dx (mm)		 0.250
# dy (mm)		 0.250
# avg. raster		no average raster
# Number			40
# ID			310354
# -----------------------------------------------
# H (kA/m) 	 I (arb.u.)
8.157558546083986073e+01 1.971380525543244833e+00
8.070330356308593878e+01 1.971609225773974350e+00
7.978149982402345586e+01 1.971678207282082873e+00
7.882807650553387191e+01 1.971616123924785136e+00
7.785642542949217670e+01 1.971589592575512473e+00
7.686338463795573261e+01 1.971684044178922735e+00
7.587973672148434900e+01 1.972021522941669325e+00
7.489892526728516486e+01 1.971837395377718183e+00
7.389230665634765671e+01 1.971883029298466816e+00
7.288299108128255455e+01 1.971748250044162099e+00
7.187190852972005928e+01 1.971872947385743480e+00
7.086952136250002354e+01 1.971698371107529768e+00
6.986229825960286632e+01 1.971657512829650294e+00
6.884861174267578576e+01 1.971526447964244033e+00
6.782529985377604476e+01 1.971606042012061355e+00
6.682691163336588147e+01 1.971489834702247812e+00
6.581875854283853755e+01 1.971529101099171122e+00
6.486491672991537882e+01 1.971214439296798959e+00
6.383244446285807783e+01 1.971368851749564888e+00
6.282526785934244629e+01 1.971604450131104969e+00
6.181646377747396315e+01 1.971634165242290626e+00
6.080087078590495508e+01 1.971824660330067092e+00
5.979862311682943954e+01 1.972181772291275337e+00
5.877949617226562395e+01 1.972049646171898152e+00
5.776501916585286978e+01 1.971724902456802431e+00
5.676435247574869436e+01 1.971963684600255284e+00
5.575810585986328505e+01 1.972134546489570317e+00
5.474595382252604736e+01 1.972117566426035751e+00
5.378922904794922033e+01 1.971811394655430760e+00
5.276917211575521804e+01 1.972236426870776604e+00
5.175846155924480740e+01 1.972131893354642784e+00
5.075509790501302376e+01 1.972095810719632247e+00
4.974773530397135346e+01 1.971835803496761574e+00
4.872563239899088927e+01 1.971808210893517987e+00
4.771255037402344357e+01 1.971623552702581383e+00
4.670328129833985287e+01 1.971525917337258349e+00
4.569935965152995294e+01 1.971253705693722269e+00
4.468618462779948430e+01 1.971485589686364337e+00
4.369960725029297066e+01 1.971377872408317744e+00
4.270256751194662570e+01 1.971449507051353578e+00
4.169181045605468938e+01 1.971596490726323259e+00
4.067826343727213612e+01 1.971503631003869605e+00
3.966090346920572784e+01 1.971439955765615482e+00
3.866209675436198268e+01 1.971416077551269908e+00
3.739419811871745480e+01 1.971425098210022986e+00
3.638279007148437216e+01 1.971552979313516252e+00
3.537031253847656842e+01 1.971451098932309964e+00
3.435853249619140115e+01 1.971462242099004447e+00
3.334777544029947904e+01 1.971402811876634020e+00
3.237445038652344209e+01 1.971377341781332282e+00
3.136411182506510897e+01 1.971437833257673411e+00
3.034963481865234058e+01 1.971437302630688171e+00
2.933399532770182105e+01 1.971374688646405193e+00
2.807060713206379887e+01 1.971297217106529276e+00
2.705334016276041353e+01 1.971377341781332504e+00
2.602988877571614879e+01 1.971430404479877385e+00
2.501992220930990030e+01 1.971548203670647759e+00
2.401009514104818265e+01 1.971771067004536526e+00
2.296809050078125836e+01 1.971790700202998181e+00
2.199671842102865327e+01 1.971805027131605215e+00
2.072212387444661985e+01 1.971693595464660831e+00
1.970308992864583786e+01 1.971853314187281603e+00
1.869456484306641286e+01 1.971876131147656031e+00
1.767608888984375426e+01 1.971707391766282846e+00
1.665710144342448373e+01 1.971751964433060555e+00
1.563504503782552391e+01 1.971906907512811946e+00
1.462080052832031463e+01 1.971994460965411422e+00
1.337415211002604565e+01 1.971849069171397906e+00
1.235814062402343971e+01 1.971845354782499671e+00
1.138993050221354508e+01 1.971827844091979642e+00
1.037131505084635563e+01 1.971673962266199176e+00
9.369718373111982856e+00 1.971580571916759839e+00
8.360728293717448523e+00 1.971497794107029522e+00
7.112731393359377208e+00 1.971193744844366380e+00
6.102439331282553781e+00 1.971226643717464144e+00
5.085683855175782142e+00 1.971234603122246076e+00
4.082506198470053249e+00 1.971115212050519760e+00
3.078863547949219459e+00 1.971486120313349577e+00
2.074848902376302373e+00 1.971350810432059619e+00
8.478232230794273683e-01 1.971608164520003648e+00
-1.781856299479166739e-01 1.971734984369525989e+00
-1.192337140690104214e+00 1.972018869806741792e+00
-2.190864859244792129e+00 1.971828905345950789e+00
-3.197715967089844735e+00 1.971704738631355314e+00
-4.210425997005208920e+00 1.971647430916926513e+00
-5.460840865201824101e+00 1.971659635337592142e+00
-6.468714959440105439e+00 1.971796006472853025e+00
-7.473194598828126978e+00 1.971843762901543506e+00
-8.481161691829431248e+00 1.971872947385743036e+00
-9.490663264420575729e+00 1.971938214504953324e+00
-1.069732221461588750e+01 1.971568367496094654e+00
-1.171686765361328497e+01 1.971668125369359093e+00
-1.272878719404297243e+01 1.971500977868942073e+00
-1.372275797320963875e+01 1.971277583908067399e+00
-1.473602599570312854e+01 1.970959738343782908e+00
-1.573855266106770934e+01 1.970598381366690965e+00
-1.675730761057943141e+01 1.970080489428891468e+00
-1.800623449856771430e+01 1.969112625807429628e+00
-1.901652656064453595e+01 1.968262561376737496e+00
-2.001979721611328600e+01 1.967252778223424814e+00
-2.097442951852213966e+01 1.966510431070779497e+00
-2.199541643834636062e+01 1.965761185767323171e+00
-2.300291853753256177e+01 1.964961530900249276e+00
-2.425686735872396582e+01 1.964002157310554608e+00
-2.526636893131511030e+01 1.963069845697118287e+00
-2.627442902307942774e+01 1.962700529315244413e+00
-2.729155649423828578e+01 1.961795810305051901e+00
-2.830050007425130332e+01 1.961211059367085063e+00
-2.931753454664713132e+01 1.960674595484794169e+00
-3.031527177571615184e+01 1.959822939173146317e+00
-3.131087003323567686e+01 1.959274801497175922e+00
-3.256942229319660953e+01 1.958400328225153419e+00
-3.359952309179688257e+01 1.957773127128350943e+00
-3.461920802893879312e+01 1.957312542904980024e+00
-3.564893683248697442e+01 1.956387660069339507e+00
-3.665364896878255507e+01 1.955662823607214440e+00
-3.767747235087890800e+01 1.955390081336692454e+00
-3.867581407190755272e+01 1.954826555478144101e+00
-3.968392066305338517e+01 1.954382420691321842e+00
-4.068509884635416540e+01 1.953787057213646428e+00
-4.169943635462239939e+01 1.953369984403082071e+00
-4.171394416165364305e+01 1.953133855394556750e+00
-4.082594547294922194e+01 1.953060628870564308e+00
-3.990283975120442506e+01 1.953040465045117191e+00
-3.896257575768228776e+01 1.953277124680628196e+00
-3.803030965777994510e+01 1.953344514307780777e+00
-3.707614234918619189e+01 1.953507416792313878e+00
-3.611486063522135481e+01 1.953475048546201354e+00
-3.515711287425130394e+01 1.953503702403415865e+00
-3.420624702174480092e+01 1.953619909713229408e+00
-3.323868789127603662e+01 1.953572153284538704e+00
-3.202747200169270769e+01 1.953840119912191531e+00
-3.109446191168619578e+01 1.953988164841132136e+00
-3.013043673421223900e+01 1.954164333000301568e+00
-2.914734681031900720e+01 1.954432830254939635e+00
-2.817276627324218907e+01 1.954585120199764381e+00
-2.719051333821614946e+01 1.954809575414609757e+00
-2.620240148111979650e+01 1.954850964319474915e+00
-2.521610309990235166e+01 1.955240444526795462e+00
-2.398154452080078514e+01 1.955395387606547075e+00
-2.298655075524089497e+01 1.955534942503720508e+00
-2.200564630227864882e+01 1.955215505058479408e+00
-2.099302927112630712e+01 1.955586413321309669e+00
-2.003969895139974255e+01 1.955634169749999929e+00
-1.904335670377605183e+01 1.956303821005638488e+00
-1.780438068343099545e+01 1.956422150823393880e+00
-1.679766907373047502e+01 1.956635462871544995e+00
-1.578421505371094113e+01 1.956531990609382321e+00
-1.479196475166016000e+01 1.956836570499031147e+00
-1.379487851393229647e+01 1.956974533515247971e+00
-1.280011724527994943e+01 1.957623490318453952e+00
-1.179410312630208857e+01 1.957792760326812376e+00
-1.053578336324870079e+01 1.958395552582284482e+00
-9.584359518164065506e+00 1.958310652264612095e+00
-8.580158875065107438e+00 1.959040794996592227e+00
-7.575074743717450154e+00 1.959481746021501714e+00
-6.581754955891928383e+00 1.959788448419092166e+00
-5.337152510384116866e+00 1.960380628134855030e+00
-4.322210510156250685e+00 1.960551490024169841e+00
-3.317823869531251191e+00 1.961320899153073505e+00
-2.314692712207032432e+00 1.961787320273284507e+00
-1.313514528906250201e+00 1.961982060376944892e+00
-2.999210107421875771e-01 1.962157697909128862e+00
9.318476054687501176e-01 1.962827349164767643e+00
1.926515875358073338e+00 1.963186583633917737e+00
2.937133433105469926e+00 1.963204624951423005e+00
3.934033673307292478e+00 1.963357976150218009e+00
4.934746862792970035e+00 1.963799457802112958e+00
5.941737468782553044e+00 1.964144895969640814e+00
7.201870707714845388e+00 1.964804465312556037e+00
8.205652856380210025e+00 1.965052798741746543e+00
9.204645568750001061e+00 1.965555302496968526e+00
1.020824171988932427e+01 1.966093888887200825e+00
1.122313722073567988e+01 1.966664843523545647e+00
1.219232382955729399e+01 1.967350944215733310e+00
1.343464780537109782e+01 1.968112924566840505e+00
1.445056629261068082e+01 1.968920008211710870e+00
1.545174447591146283e+01 1.969514841062401267e+00
1.646482650087891031e+01 1.969949424563484985e+00
1.746893414521484900e+01 1.970448744556793974e+00
1.847699423697917354e+01 1.970748548803573419e+00
1.947510346110026447e+01 1.971107252645738050e+00
2.073709667529297462e+01 1.971312605289107456e+00
2.175366615387370217e+01 1.971376280527361580e+00
2.271480836969401196e+01 1.971428812598920777e+00
2.371198760618490198e+01 1.971451098932309964e+00
2.471618824928386005e+01 1.971452160186280667e+00
2.573508269694010053e+01 1.971406526265532255e+00
2.673733036601562674e+01 1.971747719417176858e+00
2.801159941692708344e+01 1.971712167409151562e+00
2.902435594622396309e+01 1.971555632448443562e+00
3.003227653984374967e+01 1.971637879631188417e+00
3.105261246832682787e+01 1.971484528432392969e+00
3.207597085660807323e+01 1.971513182289607702e+00
3.306217623906249514e+01 1.971356116701914019e+00
3.408362815270182722e+01 1.971595960099338019e+00
3.510415007871093707e+01 1.971705269258340554e+00
3.614034229628905592e+01 1.971907968766782648e+00
3.739610459335937520e+01 1.972035849870276358e+00
3.840807063317058123e+01 1.971786455187114484e+00
3.942580259628906703e+01 1.971585347559629220e+00
4.043474617630209167e+01 1.971636818377217715e+00
4.143615685651042213e+01 1.971425628837008448e+00
4.244054349713542251e+01 1.971473385265698930e+00
4.346990030563151208e+01 1.971339667265365136e+00
4.442941504309896317e+01 1.971249991304824478e+00
4.543919561197916579e+01 1.971460119591062599e+00
4.643851382001953709e+01 1.971840048512644827e+00
4.745238633447266352e+01 1.971655920948693907e+00
4.846876981552735231e+01 1.971557224329399949e+00
4.947641141285808430e+01 1.971637349004203177e+00
5.047400914378255266e+01 1.971509998527695151e+00
5.149039262483724144e+01 1.971229296852391899e+00
5.249036182421873775e+01 1.970991045335924285e+00
5.350251386155599675e+01 1.971222929328566131e+00
5.447523442337239885e+01 1.971239909392100920e+00
5.547590111347656716e+01 1.971091333836174631e+00
5.648061324977214070e+01 1.970932145740539543e+00
5.749025432050781603e+01 1.970794182724322274e+00
5.848334161142578580e+01 1.970948595177087981e+00
5.950567701331380022e+01 1.970919941319873914e+00
6.050797118177084144e+01 1.971123171455301692e+00
6.151589177539062803e+01 1.971311544035136309e+00
6.251679096240234657e+01 1.971132192114053883e+00
6.352792001334635330e+01 1.971068516875800203e+00
6.454713995667316340e+01 1.970778263914758854e+00
6.549851730237631386e+01 1.970859980470518025e+00
6.650113696650390693e+01 1.970862633605445557e+00
6.750682558981121417e+01 1.970950717685030273e+00
6.850898026012369257e+01 1.970995290351807983e+00
6.951387839394531909e+01 1.971162968479210242e+00
7.052663492324219874e+01 1.971028719851891431e+00
7.153097506448568765e+01 1.971227174344450050e+00
7.253140925768229863e+01 1.971244154407984173e+00
7.353161095397135227e+01 1.971571020631021742e+00
7.454446048203125486e+01 1.971737106877467838e+00
7.555335756266276803e+01 1.971709514274224251e+00
7.651459277724609365e+01 1.971583225051686927e+00
7.751563146240233948e+01 1.971570490004036280e+00
7.851578665930991008e+01 1.971526978591229273e+00
7.952356775478517648e+01 1.971466487114888144e+00
8.052962837314453282e+01 1.971176764780832036e+00
