# User			Meike Reginka
# Sample		2020_0446_1
# State			after FC
# Profile		mere_beads_forc.txt
# Comment
# ML
# 
# Meas. type 		FORC
# angle (deg)		 0.000
# Hmin (kA/m)		-80.000
# Hmax (kA/m)		80.000
# pts./branch		161
# time/pt. (s)		 0.020
# dt (s)		 0.020
# nCycles		5
# Hstop (kA/m)		 0.000
# wait (s)		60.000
# nSched		5
# nMinorLoops		10
# nX			2
# nY			2
# dx (mm)		 0.250
# dy (mm)		 0.250
# avg. raster		no average raster
# Number			69
# ID			310383
# -----------------------------------------------
# H (kA/m) 	 I (arb.u.)
8.159102325550131241e+01 1.972386063680673818e+00
8.071557939980468177e+01 1.972296918347118400e+00
7.979056720341799291e+01 1.972556394943003388e+00
7.883719038430990622e+01 1.972577620022421208e+00
7.786749228229166420e+01 1.972677377895685868e+00
7.687268451425782700e+01 1.972877954896186115e+00
7.588875760149737459e+01 1.972790401443586861e+00
7.491022461699218127e+01 1.972872117999346475e+00
7.389914206542970021e+01 1.972750073792692405e+00
7.289294194892578105e+01 1.972707623633856544e+00
7.188450986210936833e+01 1.972641295260675109e+00
7.087826324622396612e+01 1.972380226783833512e+00
6.986787818538410022e+01 1.972274632013728990e+00
6.885140170556640271e+01 1.972425330077596684e+00
6.783729669420573316e+01 1.972444963276058560e+00
6.683611851090495293e+01 1.972960202078931191e+00
6.582661693831379068e+01 1.973012203523505370e+00
6.486105728125001235e+01 1.972869995491404627e+00
6.384206983483073827e+01 1.972529863593730726e+00
6.283684620533853149e+01 1.972420023807742728e+00
6.182218320139974566e+01 1.972167975989653543e+00
6.081672707499999575e+01 1.972137730251482868e+00
5.980345905250651839e+01 1.972161077838842536e+00
5.879418997682292058e+01 1.972567538109697871e+00
5.777836448834634808e+01 1.972528802339760023e+00
5.677118788483073075e+01 1.972370675498095416e+00
5.576201180791015588e+01 1.972789870816601621e+00
5.475641618336589289e+01 1.972597783847868547e+00
5.378871755475261551e+01 1.972652438427369592e+00
5.278116895618489934e+01 1.972372798006037264e+00
5.176799393245443071e+01 1.972357409823459307e+00
5.075663238460286664e+01 1.972280468910569073e+00
4.975159475263672704e+01 1.972126587084788163e+00
4.872791086868489430e+01 1.971980664663789629e+00
4.771775830475260705e+01 1.972202997370693156e+00
4.671295316969400346e+01 1.972234834989820218e+00
4.569791817070313300e+01 1.972129770846700936e+00
4.469701898369141446e+01 1.972233243108863832e+00
4.370146722555338670e+01 1.972763339467328736e+00
4.270851943277995133e+01 1.972361124212357097e+00
4.169083396904296990e+01 1.972240671886660301e+00
4.068500584759114957e+01 1.972275162640714674e+00
3.967457428736980063e+01 1.972207773013562537e+00
3.866944365664063099e+01 1.972616886419344739e+00
3.739833656367187587e+01 1.972944283269367549e+00
3.638455704798177237e+01 1.972491127823793100e+00
3.536742957682292143e+01 1.972426391331567830e+00
3.436401942320963343e+01 1.972519781681007167e+00
3.335409935618489641e+01 1.972490597196807416e+00
3.238170429003906037e+01 1.972613172030446727e+00
3.136081036897786589e+01 1.972691174197307662e+00
3.034484538235678031e+01 1.972905016872444239e+00
2.934059823987630011e+01 1.972853015427869838e+00
2.806911915185546746e+01 1.973102410111031935e+00
2.706110555947265794e+01 1.973075878761759272e+00
2.603598019469401592e+01 1.972835504737350254e+00
2.502266567281901644e+01 1.973046694277559299e+00
2.401176911878255638e+01 1.972736808118056517e+00
2.296590502985026916e+01 1.973156534063547740e+00
2.199620692783203779e+01 1.973216494912903629e+00
2.071314949381510928e+01 1.973046163650574059e+00
1.969834699173177839e+01 1.973157064690533424e+00
1.869028689996745385e+01 1.973167146603256761e+00
1.767520540159505771e+01 1.973111961396770031e+00
1.666798229869792181e+01 1.973265312595565035e+00
1.563741650628255542e+01 1.973110369515813423e+00
1.462861242441406695e+01 1.972922527562964268e+00
1.337136214713542159e+01 1.973066327476021176e+00
1.236158157825521187e+01 1.973090205690366306e+00
1.139402244778646178e+01 1.973096042587206611e+00
1.038363738694661720e+01 1.973194739206500348e+00
9.373298825488282304e+00 1.972804728372194338e+00
8.373655121777344945e+00 1.973169269111198609e+00
7.119380804915365957e+00 1.972739461252983606e+00
6.107182268196615915e+00 1.973090736317351990e+00
5.094053743847657856e+00 1.973238781246292817e+00
4.081204215787761491e+00 1.973078001269701121e+00
3.081188517024740392e+00 1.972851954173899136e+00
2.073732917220052485e+00 1.973003713491737976e+00
8.524266618489586556e-01 1.972791462697557563e+00
-1.700482381835937418e-01 1.973130002714275300e+00
-1.181223788509114803e+00 1.972787748308659550e+00
-2.174218080664063191e+00 1.972630682720966311e+00
-3.185951623567708779e+00 1.972565946228741485e+00
-4.197964162760417395e+00 1.972603620744708408e+00
-5.461305859016928110e+00 1.972521904188949016e+00
-6.459322084375000550e+00 1.972615294538388131e+00
-7.461988247884116632e+00 1.972286305807409157e+00
-8.472140811816409212e+00 1.972516067292108932e+00
-9.479689410384116499e+00 1.972759094451445483e+00
-1.069127729501953539e+01 1.972478923403127471e+00
-1.170073236822916840e+01 1.972362716093313928e+00
-1.172816700332031559e+01 1.972769176364169041e+00
-1.083254241604817913e+01 1.972728848713274807e+00
-9.700189477506512503e+00 1.972609457641548492e+00
-8.758437503776043798e+00 1.972477331522171085e+00
-7.801294234765626889e+00 1.972937385118556763e+00
-6.855264317936200058e+00 1.972658805951195582e+00
-5.900260020475261769e+00 1.972677377895686313e+00
-4.695972538736980617e+00 1.972684276046496876e+00
-3.717300056087240456e+00 1.972779258276892378e+00
-2.755367350781250835e+00 1.972890689943837206e+00
-1.784832259895833717e+00 1.972816402165874283e+00
-8.133671813802085815e-01 1.972779788903877618e+00
2.090147198893229086e-01 1.972546313030280052e+00
1.366942318261719080e+00 1.972588232562130450e+00
2.344498815755208909e+00 1.972465657728491140e+00
3.326565753255209312e+00 1.972376512394935721e+00
4.308121197558594240e+00 1.972613702657431745e+00
5.295675062076824702e+00 1.972933670729658751e+00
6.275975023079428894e+00 1.972589824443086615e+00
7.507464643001303450e+00 1.972657214070238751e+00
8.505155372688802728e+00 1.972851954173899358e+00
9.497173177832031854e+00 1.972876363015230172e+00
1.047407868398437891e+01 1.972851423546913896e+00
1.147111842233073276e+01 1.972795707713441260e+00
1.243407411402995066e+01 1.973247271278059545e+00
1.367067866591797376e+01 1.972838688499263249e+00
1.467780877005208851e+01 1.972862036086622695e+00
1.566922208323568100e+01 1.973042449261675602e+00
1.667291123313802359e+01 1.972998407221883355e+00
1.767525190097656917e+01 1.972795177086455798e+00
1.867731357252604241e+01 1.972955957063047494e+00
1.967477180530599412e+01 1.972645540276558807e+00
2.091486381080729373e+01 1.972477331522171085e+00
2.193599022877604909e+01 1.972483699045996630e+00
2.288508910478516256e+01 1.972406227506120491e+00
2.389468367613932998e+01 1.972576558768450727e+00
2.488428351344401790e+01 1.972509699768283831e+00
2.589066962747396161e+01 1.972853546054855745e+00
2.690630911842448114e+01 1.972596191966912160e+00
2.816811633509114543e+01 1.972602559490737484e+00
2.918170985325520661e+01 1.972202466743707916e+00
3.018688698336588416e+01 1.972531455474686668e+00
3.120438644957682328e+01 1.972334062236099417e+00
3.222444338177083267e+01 1.972293203958219721e+00
3.320246487307942829e+01 1.972253406934310949e+00
3.422424228238931931e+01 1.972390839323542755e+00
3.525164611686198413e+01 1.972292142704248796e+00
3.627844545937499987e+01 1.972277285148656079e+00
3.752602386529948575e+01 1.972190792950027749e+00
3.854994024615885451e+01 1.972155240942002896e+00
3.955251341090495742e+01 1.972094749465661323e+00
4.056406095628256026e+01 1.972078830656097681e+00
4.156872659319662233e+01 1.972316551545579832e+00
4.256744030927734457e+01 1.972097933227574318e+00
4.357601189423827748e+01 1.972143567148322507e+00
4.454868595667318232e+01 1.972283652672481624e+00
4.555316559606119853e+01 1.972605212625664795e+00
4.655671524781901383e+01 1.972378104275891886e+00
4.756947177711588637e+01 1.972472555879302369e+00
4.857734587135417570e+01 1.972297448974103418e+00
4.958247650208334534e+01 1.972116505172064826e+00
5.057891174847006255e+01 1.972308592140797900e+00
5.158422837672526384e+01 1.972284183299467308e+00
5.259400894560547357e+01 1.972326102831317929e+00
5.361043892604167382e+01 1.972281530164539776e+00
5.457125564619141755e+01 1.972486882807909403e+00
5.557652577506510738e+01 1.972619008927286588e+00
5.658235389651692060e+01 1.972814279657931991e+00
5.758023062373047196e+01 1.972759094451445483e+00
5.857155093815104152e+01 1.972652438427369592e+00
5.959002689137371789e+01 1.972553741808075856e+00
6.059590151220703547e+01 1.972710807395769095e+00
6.160228762623697918e+01 1.972578150649406670e+00
6.260774375263671487e+01 1.972579211903377816e+00
6.361236289016927969e+01 1.972952773301134499e+00
6.462637490276692631e+01 1.972954365182091330e+00
6.558956309137370511e+01 1.972796238340426944e+00
6.658474285445963403e+01 1.972762808840343496e+00
6.758754851611328718e+01 1.972526149204832713e+00
6.858765721363931789e+01 1.972793585205499856e+00
6.959613579983725629e+01 1.972814810284917675e+00
7.060540487552081856e+01 1.972877954896186115e+00
7.160560657180990063e+01 1.973267435103506884e+00
7.261222518274739457e+01 1.972716113665623938e+00
7.360945091861979961e+01 1.972633866482879306e+00
7.460607216253255558e+01 1.972615294538388575e+00
7.562003767574870494e+01 1.972824892197641677e+00
7.658522533776040575e+01 1.973058368071239244e+00
7.758273006992187959e+01 1.972587701935144766e+00
7.858316426311850478e+01 1.972482107165040466e+00
7.959173584807943769e+01 1.972552680554105153e+00
8.059398351715495323e+01 1.972634927736850008e+00
