# User			Meike Reginka
# Sample		2020_0446_1
# State			after FC
# Profile		mere_beads_forc.txt
# Comment
# ML
# 
# Meas. type 		FORC
# angle (deg)		 0.000
# Hmin (kA/m)		-80.000
# Hmax (kA/m)		80.000
# pts./branch		161
# time/pt. (s)		 0.020
# dt (s)		 0.020
# nCycles		5
# Hstop (kA/m)		 0.000
# wait (s)		60.000
# nSched		5
# nMinorLoops		10
# nX			2
# nY			2
# dx (mm)		 0.250
# dy (mm)		 0.250
# avg. raster		no average raster
# Number			26
# ID			310340
# -----------------------------------------------
# H (kA/m) 	 I (arb.u.)
8.159827715901694489e+01 1.971597551980293961e+00
8.072827373095702796e+01 1.971336483503452586e+00
7.980526100797527533e+01 1.971241501273057084e+00
7.885039620865885013e+01 1.971335952876467346e+00
7.788176759241537184e+01 1.971252644439751567e+00
7.688682032623700024e+01 1.971444200781499179e+00
7.589517451614581489e+01 1.971220276193639043e+00
7.491859450566407475e+01 1.971563591853225494e+00
7.390834894296874324e+01 1.971359300463826791e+00
7.290582227760417311e+01 1.971423506329066599e+00
7.189901766914061909e+01 1.971353463566987152e+00
7.088733062561850318e+01 1.971552979313516252e+00
6.987387660559895153e+01 1.971522202948360558e+00
6.886163156949871222e+01 1.971552448686531012e+00
6.785296698577472796e+01 1.971387423694055840e+00
6.684904533896484224e+01 1.971298808987485662e+00
6.583703279977213185e+01 1.971105130137796202e+00
6.486914817363280861e+01 1.971224521209522296e+00
6.384592928349609764e+01 1.971172519764948339e+00
6.284051965647786631e+01 1.971047822423367180e+00
6.182734463274739767e+01 1.971100885121912727e+00
6.082639894635416766e+01 1.970680628549435598e+00
5.980373804879557298e+01 1.971097701359999732e+00
5.879781692858073683e+01 1.971146519042661360e+00
5.778664137825521152e+01 1.971383709305157828e+00
5.677625631741537404e+01 1.971220276193639043e+00
5.576312779306640977e+01 1.971370443630521496e+00
5.476111262089844445e+01 1.971375749900375896e+00
5.380238837291668119e+01 1.971360361717797716e+00
5.277661201679688219e+01 1.971399628114721025e+00
5.177227187555338617e+01 1.971215500550770106e+00
5.076858272565104357e+01 1.971167744122079402e+00
4.975503570686849741e+01 1.971405465011561109e+00
4.874348816149088748e+01 1.970958677089812205e+00
4.771733981031901095e+01 1.971245215661955319e+00
4.671602212887370342e+01 1.971162437852225002e+00
4.570247511009114305e+01 1.971110436407650601e+00
4.469520550781250279e+01 1.971280237042994932e+00
4.370439668658854515e+01 1.971542366773807231e+00
4.270893792721354032e+01 1.971339667265365136e+00
4.169836686884765697e+01 1.971308890900209221e+00
4.069239924925130936e+01 1.971179948542744587e+00
3.967713175335286735e+01 1.971396444352808475e+00
3.866525871230468425e+01 1.971356647328899703e+00
3.740572996533202854e+01 1.972109607021254041e+00
3.638948598242187416e+01 1.971817762179256084e+00
3.536938255084635330e+01 1.971594898845366872e+00
3.436504240960286438e+01 1.971677676655097633e+00
3.335842379866537044e+01 1.971863396100004939e+00
3.238630772880859610e+01 1.971815109044328995e+00
3.136308883867187802e+01 1.971716943052020499e+00
3.035168079143880604e+01 1.971871355504786649e+00
2.933594830172526358e+01 1.971706861139296940e+00
2.807381558938802257e+01 1.971654859694722761e+00
2.705417715162760928e+01 1.971478160908567645e+00
2.603365522561849232e+01 1.971600205115221272e+00
2.502819909921875308e+01 1.971558285583371095e+00
2.400976964537760594e+01 1.971638410258173879e+00
2.298018033997396614e+01 1.971394321844867070e+00
2.199802040371094591e+01 1.971590653829483175e+00
2.072835479156901783e+01 1.971706861139296940e+00
1.970002096946615211e+01 1.971932377608113462e+00
1.868563696181641021e+01 1.971697309853559066e+00
1.767971584160157050e+01 1.971296155852558574e+00
1.666286736673177415e+01 1.971865518607946788e+00
1.563588202669271254e+01 1.971556163075429247e+00
1.463479684215495347e+01 1.971297747733514516e+00
1.337085065393880612e+01 1.971528039845200198e+00
1.235772212958984539e+01 1.971572612511978129e+00
1.138523406468099353e+01 1.971455874575179124e+00
1.038107992096354337e+01 1.971679268536053575e+00
9.376135287760419601e+00 1.971593837591396170e+00
8.367238207128909977e+00 1.971607633893017963e+00
7.116404844498699589e+00 1.971490895956218736e+00
6.099649368391927950e+00 1.971362484225740008e+00
5.078615949186199074e+00 1.971496202226073358e+00
4.082599197233074406e+00 1.971592776337425468e+00
3.071005152473959221e+00 1.971633634615304720e+00
2.067920494531250153e+00 1.971425098210022986e+00
8.389883405924480897e-01 1.971579510662788692e+00
-1.871600105794271052e-01 1.971252113812766105e+00
-1.194755108528646081e+00 1.971292972090645579e+00
-2.200629729361979425e+00 1.971333830368525497e+00
-3.207062342773438601e+00 1.971137498383908726e+00
-4.212239472884116154e+00 1.971124232709272395e+00
-5.474697680891927654e+00 1.971213908669813497e+00
-6.481967283170575023e+00 1.971036679256673141e+00
-7.486400423177085095e+00 1.971114681423534298e+00
-8.497250477832032800e+00 1.971072761891683456e+00
-9.506705551041667590e+00 1.971113089542577912e+00
-1.071513147773437780e+01 1.970900308121412481e+00
-1.172472604908854521e+01 1.971336483503452586e+00
-1.273948205179036819e+01 1.971071170010727291e+00
-1.373986974560547303e+01 1.970654627827148619e+00
-1.474788333798828432e+01 1.970459887723488013e+00
-1.574515557324219017e+01 1.969991344095335606e+00
-1.676949044853515858e+01 1.969737173769304794e+00
-1.802292777652995071e+01 1.969034623640568249e+00
-1.903182485716146388e+01 1.968244520059232006e+00
-2.003639749531250303e+01 1.967523397986004730e+00
-2.099786520680338953e+01 1.966460552134146944e+00
-2.200792477197265740e+01 1.965863066148529903e+00
-2.301612436188151989e+01 1.965245946964450985e+00
-2.426988718554687807e+01 1.963949625238995411e+00
-2.528924662701823323e+01 1.963204094324437321e+00
-2.630432812539062937e+01 1.962098267686758213e+00
-2.732020011324870268e+01 1.961256693287833919e+00
-2.832347076871744918e+01 1.960555735040053538e+00
-2.934162122626953106e+01 1.959577258878882677e+00
-3.034386889534505372e+01 1.958676254257587734e+00
-3.133500321223958807e+01 1.958302162232844923e+00
-3.260629630273437130e+01 1.957374626262277761e+00
-3.363197966009114737e+01 1.956911388903979088e+00
-3.466649789993489605e+01 1.956274636521438737e+00
-3.567674346263020624e+01 1.955759397718566106e+00
-3.668192059274088024e+01 1.955031377494528044e+00
-3.770030354720051946e+01 1.954586712080720545e+00
-3.870306270947266114e+01 1.954451932826415828e+00
-3.971191329072266285e+01 1.954140985412942122e+00
-4.071978738496094508e+01 1.953566316387698620e+00
-4.172529001074219224e+01 1.953270757156802651e+00
-4.294729375683593986e+01 1.952500817400913746e+00
-4.396246825397136604e+01 1.952059335749019020e+00
-4.497183032841797257e+01 1.951161514889636850e+00
-4.596938155996093656e+01 1.950967836039946945e+00
-4.697683715976562979e+01 1.950505129308634622e+00
-4.798931469277343353e+01 1.949809477330708862e+00
-4.900123423320312810e+01 1.949671514314491816e+00
-5.000566737320963995e+01 1.949545225091954492e+00
-5.101209998662108802e+01 1.949162643035444731e+00
-5.201304567301432513e+01 1.948831531796523908e+00
-5.298195328554689354e+01 1.948529074414817153e+00
-5.399229184700519824e+01 1.948227147660095859e+00
-5.499700398330078599e+01 1.948135879818598148e+00
-5.599478771175130731e+01 1.948236168318848271e+00
-5.601180648538411333e+01 1.948140655461467308e+00
-5.514203555423176795e+01 1.948166125556768824e+00
-5.422929919456380787e+01 1.947989957397599170e+00
-5.328903520104165636e+01 1.947930527175228965e+00
-5.238899317252604959e+01 1.947970854826122977e+00
-5.145407660787761017e+01 1.948100858437558536e+00
-5.050851168486329357e+01 1.948153390509117955e+00
-4.955662284596354539e+01 1.947779298484375365e+00
-4.860603598974608985e+01 1.947770277825622731e+00
-4.763508240442708797e+01 1.948232453929950259e+00
-4.666105985992839322e+01 1.948158166151986892e+00
-4.570698555009766295e+01 1.948147022985292409e+00
-4.473882192766927801e+01 1.947905587706912689e+00
-4.376568287141927271e+01 1.948163472421841735e+00
-4.253591372861328068e+01 1.948417112120886863e+00
-4.159778870664062111e+01 1.948601770311823689e+00
-4.062283617451171835e+01 1.948199024429866810e+00
-3.963914175865885881e+01 1.948361396287414671e+00
-3.865837680384115060e+01 1.948550299494234750e+00
-3.767472888736978831e+01 1.948176738096477623e+00
-3.667940962613933209e+01 1.948191595652070562e+00
-3.569134426842447994e+01 1.948299312930116933e+00
-3.470039594905599500e+01 1.948450010993984849e+00
-3.370944762968749586e+01 1.948400662684337981e+00
-3.247070410625000392e+01 1.948428255287581568e+00
-3.146775894645182348e+01 1.948509441216355276e+00
-3.052042704694011022e+01 1.948434622811406669e+00
-2.951999285374349213e+01 1.948650057367499633e+00
-2.852699856158854175e+01 1.948721161383550227e+00
-2.753293478365885960e+01 1.948925452772948264e+00
-2.652357270921223886e+01 1.948932881550744955e+00
-2.552048805126953468e+01 1.949135581059187050e+00
-2.428481348701172138e+01 1.949067130178063767e+00
-2.326285008017578448e+01 1.949083048987627409e+00
-2.226711232451172151e+01 1.949213583226048208e+00
-2.125105433912760589e+01 1.949253910876942442e+00
-2.027670629895833798e+01 1.949186521249790083e+00
-1.926129930491536868e+01 1.949188643757731931e+00
-1.800632749733073368e+01 1.949170602440226663e+00
-1.698980451813151404e+01 1.949389220758232177e+00
-1.597895446347656723e+01 1.949765435290916615e+00
-1.496917389459635928e+01 1.950120955371168252e+00
-1.395613836901041793e+01 1.950322593625639200e+00
-1.294975225498047422e+01 1.950770973428345378e+00
-1.193955319166666840e+01 1.951112166579989982e+00
-1.067528150777994966e+01 1.951809941065857146e+00
-9.707582879166668732e+00 1.952133092899996258e+00
-8.705707205143230709e+00 1.952638249790145997e+00
-7.704668519986981323e+00 1.953263328379006403e+00
-6.703397337923178156e+00 1.954190864349574230e+00
-5.452377977766929007e+00 1.954983621065837340e+00
-4.433065035677084431e+00 1.955834746750500175e+00
-3.427841406184896300e+00 1.956722485697159009e+00
-2.417037850911459174e+00 1.957454220310095083e+00
-1.407675776464843764e+00 1.958347796153593778e+00
-3.961282310872397128e-01 1.958940506496341882e+00
8.520081674153647810e-01 1.959647301640962347e+00
1.844676963899740008e+00 1.960220378785249018e+00
2.849668096484375468e+00 1.960529734317766559e+00
3.852334259993490218e+00 1.961196732438478030e+00
4.862765820214845824e+00 1.961494944804301088e+00
5.867152460839846206e+00 1.961840913598814851e+00
7.123519249869793235e+00 1.962745101982022788e+00
8.129440370084639156e+00 1.962900575688759863e+00
9.136756471744794439e+00 1.963292178404022259e+00
1.014337508268229548e+01 1.963727292532091440e+00
1.116045605445963673e+01 1.964223959390473340e+00
1.211485585996094017e+01 1.964716381232971321e+00
1.337331512115885701e+01 1.965620569616178814e+00
1.437872474817708657e+01 1.966116705847575252e+00
1.538971430097656778e+01 1.967156734739058166e+00
1.640670227399089143e+01 1.967790303359686410e+00
1.740750846223958703e+01 1.968351706710293358e+00
1.840775665791015925e+01 1.969178954180610619e+00
1.942465163216145996e+01 1.969770603269388465e+00
2.067339252262370408e+01 1.970232779373715548e+00
2.169117098512370490e+01 1.970420621326565147e+00
2.265566115641276568e+01 1.970556461834840567e+00
2.365828082054036940e+01 1.970507644152179161e+00
2.467145584427083804e+01 1.970767120748064372e+00
2.567621447994791950e+01 1.970864756113386962e+00
2.668529755810547144e+01 1.971117865185447293e+00
2.795919461396485062e+01 1.971092925717131017e+00
2.897390411728515858e+01 1.971013331669313251e+00
2.998470767255859215e+01 1.970989453454967677e+00
3.100722907197265599e+01 1.970850959811765613e+00
3.203179644417317462e+01 1.971058434963076422e+00
3.302971967076822324e+01 1.970915165677005199e+00
3.402894488004557161e+01 1.970917288184946603e+00
3.506504409886067464e+01 1.971229827479377139e+00
3.609216893704427065e+01 1.971220806820624283e+00
3.734551326627604340e+01 1.971158192836341305e+00
3.837352159270832885e+01 1.971125824590228781e+00
3.938581312819010805e+01 1.971074353772640286e+00
4.038671231520182658e+01 1.971147049669646822e+00
4.139505140325520927e+01 1.971238317511144089e+00
4.240432047893880707e+01 1.971178356661788200e+00
4.342437741113280936e+01 1.971174642272890187e+00
4.438956507314453148e+01 1.971473915892684392e+00
4.539809015872396003e+01 1.971254766947693415e+00
4.640196530615234849e+01 1.971102477002868669e+00
4.741653531132813271e+01 1.971130600233097940e+00
4.843366278248698364e+01 1.971171458510977637e+00
4.944786079261067613e+01 1.971211255534886408e+00
5.044550502291667016e+01 1.971191622336424532e+00
5.145719206643881449e+01 1.971347626670147068e+00
5.245957923365885023e+01 1.971317380931976393e+00
5.346708133284505493e+01 1.971013862296298713e+00
5.445789015406901967e+01 1.971036679256673141e+00
5.544632750683594224e+01 1.971278645162038545e+00
5.645336461220702517e+01 1.971254766947693415e+00
5.745477529241536985e+01 1.971256358828649802e+00
5.846678783160808024e+01 1.971269624503285911e+00
5.947233695677082466e+01 1.970899777494426575e+00
6.048244302132162886e+01 1.971296686479543814e+00
6.150017498444010755e+01 1.970862102978459873e+00
6.249419226298828534e+01 1.971264848860416752e+00
6.350578630774739963e+01 1.971096640106029030e+00
6.451951932405597745e+01 1.971321625947860090e+00
6.548856643473307315e+01 1.971342851027278131e+00
6.647732928317059020e+01 1.971080721296465832e+00
6.748924882360027766e+01 1.971023413582036810e+00
6.849981988196614680e+01 1.971015454177255322e+00
6.949737111350911789e+01 1.971079129415509446e+00
7.050617519537760813e+01 1.970947533923117279e+00
7.151855972962239605e+01 1.971073823145654602e+00
7.251917992034505289e+01 1.971190030455468367e+00
7.352031160426433587e+01 1.971324279082787179e+00
7.453148715458983986e+01 1.971481875297465880e+00
7.554452268017577410e+01 1.971411301908401192e+00
7.650845485888672215e+01 1.971270155130271595e+00
7.750586659228515884e+01 1.971273869519169386e+00
7.850681227867839596e+01 1.971294033344616725e+00
7.951068742610678441e+01 1.971346034789190682e+00
8.052855888736979750e+01 1.971566775615138045e+00
