# User			Meike Reginka
# Sample		2020_0446_1
# State			after FC
# Profile		mere_beads_forc.txt
# Comment
# ML
# 
# Meas. type 		FORC
# angle (deg)		 0.000
# Hmin (kA/m)		-80.000
# Hmax (kA/m)		80.000
# pts./branch		161
# time/pt. (s)		 0.020
# dt (s)		 0.020
# nCycles		5
# Hstop (kA/m)		 0.000
# wait (s)		60.000
# nSched		5
# nMinorLoops		10
# nX			2
# nY			2
# dx (mm)		 0.250
# dy (mm)		 0.250
# avg. raster		no average raster
# Number			73
# ID			310387
# -----------------------------------------------
# H (kA/m) 	 I (arb.u.)
8.159520819983724493e+01 1.972521373561963776e+00
8.072464677919921883e+01 1.972553211181090838e+00
7.979893709208984376e+01 1.972559578704915939e+00
7.885072170432943039e+01 1.972686398554438725e+00
7.785944788929037941e+01 1.972957548944003880e+00
7.687031304580079905e+01 1.972941099507454998e+00
7.588950159160154385e+01 1.972601498236766560e+00
7.491134060214844226e+01 1.972848770411986807e+00
7.390211802584634881e+01 1.972966038975770831e+00
7.290177683141277498e+01 1.972587701935145210e+00
7.188065041344400186e+01 1.972711338022754779e+00
7.088779561943360363e+01 1.972666765355977070e+00
6.986885467239584102e+01 1.972858852324710144e+00
6.885037871917317887e+01 1.972697011094147301e+00
6.784403910452475372e+01 1.972837096618306418e+00
6.683304955172526718e+01 1.972939507626498612e+00
6.583489382822266123e+01 1.973122573936478830e+00
6.486421923919272103e+01 1.973168738484213369e+00
6.383718739977214796e+01 1.973316783413153530e+00
6.283191727089844392e+01 1.973439888873778303e+00
6.183111108264974121e+01 1.973677609763260010e+00
6.082407397727863696e+01 1.973139554000013618e+00
5.980462153704427664e+01 1.972726726205332959e+00
5.879786342796224119e+01 1.972634397109864324e+00
5.778678087639973882e+01 1.972561701212857788e+00
5.677458233968098966e+01 1.972611049522504434e+00
5.575824535800781234e+01 1.972789340189616158e+00
5.475311472727864981e+01 1.972341491013895665e+00
5.379718044218751061e+01 1.972256590696223943e+00
5.278144795247396104e+01 1.972564354347784876e+00
5.175920554934896245e+01 1.972516067292109376e+00
5.075923634996745903e+01 1.972366961109197625e+00
4.975252474026693505e+01 1.972415778791859031e+00
4.874213967942708337e+01 1.972305939005870590e+00
4.772361722682291685e+01 1.972484760299967554e+00
4.671420865299479885e+01 1.972413656283916739e+00
4.569903415585937978e+01 1.972485821553938257e+00
4.468748661048176984e+01 1.972485821553938257e+00
4.370021174225260552e+01 1.972842933515146502e+00
4.270884492845052449e+01 1.973184126666791549e+00
4.170320280452474293e+01 1.973139023373027712e+00
4.068793530862630092e+01 1.973177759142965559e+00
3.967392329602864720e+01 1.972937915745542448e+00
3.867232661829427087e+01 1.973192616698558499e+00
3.739749957480469078e+01 1.973241965008205590e+00
3.638902098860676659e+01 1.972855137935811687e+00
3.537221901311848882e+01 1.973056245563297839e+00
3.436490291145832998e+01 1.972916690666123962e+00
3.335442485185546957e+01 1.972934201356643769e+00
3.238495924674478488e+01 1.972531455474687112e+00
3.135974088320312703e+01 1.972537292371526974e+00
3.034940232174479391e+01 1.972963385840843742e+00
2.933952875410156125e+01 1.972408880641047801e+00
2.807632655598959204e+01 1.972652438427370036e+00
2.705222417760417386e+01 1.972534639236600107e+00
2.604011863964844053e+01 1.972498025974603664e+00
2.502131719075521232e+01 1.972559048077930699e+00
2.401474507919922274e+01 1.972269325743874591e+00
2.296051110159505981e+01 1.972433289482378616e+00
2.200164735546875505e+01 1.972500679109530752e+00
2.072268186702474679e+01 1.972681622911569566e+00
1.969467354059245423e+01 1.973012734150490832e+00
1.868396298408204004e+01 1.972993631579014195e+00
1.768627225439453454e+01 1.972925180697891356e+00
1.666579682776693261e+01 1.972608396387577345e+00
1.563904398463542122e+01 1.972746359403794392e+00
1.463805179886068153e+01 1.972907670007371550e+00
1.336982766754557694e+01 1.972986202801218170e+00
1.236186057454427356e+01 1.972795707713441260e+00
1.138672204488932493e+01 1.972756441316518394e+00
1.038266089993489949e+01 1.972691704824293346e+00
9.371903844042972054e+00 1.972951712047163797e+00
8.377142575390626789e+00 1.972866811729491632e+00
7.116544342643230436e+00 1.972863097340593619e+00
6.097696394368490758e+00 1.972912976277225727e+00
5.094472238281252174e+00 1.972448147037971555e+00
4.091248082194011815e+00 1.972461412712607443e+00
3.083373987955729589e+00 1.972485821553938479e+00
2.081126318880209158e+00 1.972395084339426452e+00
8.496366989583334917e-01 1.972545782403294368e+00
-1.658632938476562457e-01 1.972768115110198117e+00
-1.173086396744791982e+00 1.972818524673815688e+00
-2.177101042317708846e+00 1.972789340189616158e+00
-3.188509089550781717e+00 1.972676316641715166e+00
-4.194569707910156708e+00 1.972708154260842228e+00
-5.462840338606770985e+00 1.972665704102005924e+00
-6.462530541699220699e+00 1.972781380784834004e+00
-7.463336729947918968e+00 1.973046163650574059e+00
-7.483889456575522736e+00 1.972493250331734949e+00
-6.588078871777345746e+00 1.972479984657098173e+00
-5.665019649414063885e+00 1.972476270268200160e+00
-4.481005898014323918e+00 1.972667295982962532e+00
-3.528698564680990302e+00 1.972493780958719967e+00
-2.566812358756510815e+00 1.972978243396436016e+00
-1.601717695507812955e+00 1.972980365904378308e+00
-6.552227848632813378e-01 1.973285476421012152e+00
3.536742957682292299e-01 1.973074817507788126e+00
1.511787891666667161e+00 1.973289190809910387e+00
2.475162077799479832e+00 1.973628792080598604e+00
3.447138649511719777e+00 1.973597485088457448e+00
4.426276125976563058e+00 1.973386295548247960e+00
5.407366576464845309e+00 1.973154411555605892e+00
6.384132584472656191e+00 1.973145921523838497e+00
7.608833294694012039e+00 1.973476502135774524e+00
8.593829693229167788e+00 1.973370907365669780e+00
9.582499542903647693e+00 1.973206943627165533e+00
1.056279950390625366e+01 1.973300864603590332e+00
1.154226247604167099e+01 1.973405398119723930e+00
1.250242820485026130e+01 1.973448378905545697e+00
1.373475481363932538e+01 1.973386295548247960e+00
1.472416865341797454e+01 1.973513646024755985e+00
1.572581183053386056e+01 1.973541769254985034e+00
1.672368855774740126e+01 1.973239842500263741e+00
1.772254177197265790e+01 1.972946936404294860e+00
1.871721004186198556e+01 1.973247801905045451e+00
1.971541226474609587e+01 1.973184126666791105e+00
2.095908472262370026e+01 1.973159717825460291e+00
2.197388722470703470e+01 1.972885914300968047e+00
2.292963551227214225e+01 1.973031836721966803e+00
2.391937484772136102e+01 1.972988855936145258e+00
2.492018103597006018e+01 1.972935262610614915e+00
2.592517216855469186e+01 1.972903955618473537e+00
2.693783569908854503e+01 1.973228168706583574e+00
2.819755044358723950e+01 1.973170860992155218e+00
2.920681951927083020e+01 1.973210658016063324e+00
3.021664658753255139e+01 1.973004244118723438e+00
3.123256507477213617e+01 1.972977712769451220e+00
3.226145688945312884e+01 1.972928895086789369e+00
3.323478194322917290e+01 1.973001060356810443e+00
3.425251390634765869e+01 1.973437235738851214e+00
3.528149871979166363e+01 1.972891751197807908e+00
3.631587746149087792e+01 1.972984610920262005e+00
3.755787594163412280e+01 1.972836565991320956e+00
3.857170195670573065e+01 1.972999999102839741e+00
3.958278450826823303e+01 1.972808442761092129e+00
4.058335819960937840e+01 1.972840280380219413e+00
4.159072080065104160e+01 1.972933670729658751e+00
4.259496794313150758e+01 1.972790932070572101e+00
4.360223754541015495e+01 1.972799422102339495e+00
4.456858769195963532e+01 1.972550027419177843e+00
4.558139072063802644e+01 1.972810565269033978e+00
4.657829096083984410e+01 1.972613702657431745e+00
4.758211960888672820e+01 1.972698072348118448e+00
4.859617812086588629e+01 1.972516597919094394e+00
4.960609818789062331e+01 1.972541537387410671e+00
5.059895298190104285e+01 1.972578150649406670e+00
5.161133751614583076e+01 1.972894934959720459e+00
5.262223407018228727e+01 1.972789870816601399e+00
5.363471160319010522e+01 1.972622723316184823e+00
5.459045989075521277e+01 1.972624315197140987e+00
5.559177757220052740e+01 1.972538884252483804e+00
5.659551322148436725e+01 1.972602559490737484e+00
5.759896987447918093e+01 1.972509169141298146e+00
5.859345214684245207e+01 1.972763870094314420e+00
5.960844064645183948e+01 1.972537822998512214e+00
6.061003732418620871e+01 1.972584518173232215e+00
6.162260785595704249e+01 1.972700725483045758e+00
6.261643913697916020e+01 1.972602028863752244e+00
6.362998615576173478e+01 1.972559578704915939e+00
6.464613713990884492e+01 1.972389247442586369e+00
6.560355940520834395e+01 1.972522434815934478e+00
6.659966915592448800e+01 1.972826484078597620e+00
6.760210282252606362e+01 1.972472555879301925e+00
6.860923292666016948e+01 1.972588763189115912e+00
6.960989961676433779e+01 1.972129240219715918e+00
7.061656472708332899e+01 1.972279407656598371e+00
7.161969588440756240e+01 1.972775543887994365e+00
7.262082756832681696e+01 1.972768645737183579e+00
7.362614419658203246e+01 1.973214903031947465e+00
7.461281457285154772e+01 1.972779788903878062e+00
7.562952354957683099e+01 1.972980896531363770e+00
7.659545520169270105e+01 1.972801013983295881e+00
7.759523840354819413e+01 1.972660928459136986e+00
7.858851169199218134e+01 1.972811626523004680e+00
7.959954774417317935e+01 1.972563823720799636e+00
8.060784033284505767e+01 1.972651907800384352e+00
