# User			Meike Reginka
# Sample		2020_0446_1
# State			after FC
# Profile		mere_beads_forc.txt
# Comment
# ML
# 
# Meas. type 		FORC
# angle (deg)		 0.000
# Hmin (kA/m)		-80.000
# Hmax (kA/m)		80.000
# pts./branch		161
# time/pt. (s)		 0.020
# dt (s)		 0.020
# nCycles		5
# Hstop (kA/m)		 0.000
# wait (s)		60.000
# nSched		5
# nMinorLoops		10
# nX			2
# nY			2
# dx (mm)		 0.250
# dy (mm)		 0.250
# avg. raster		no average raster
# Number			47
# ID			310361
# -----------------------------------------------
# H (kA/m) 	 I (arb.u.)
8.158065389342448270e+01 1.971919642560462593e+00
8.070711651236979378e+01 1.971802373996678348e+00
7.977717538154298893e+01 1.971806619012561601e+00
7.882524004326171507e+01 1.971779557036303920e+00
7.784870653216145797e+01 1.971942990147822705e+00
7.685478225237631023e+01 1.971878253655597879e+00
7.587308730992837980e+01 1.971954663941502206e+00
7.489427532913411767e+01 1.972008787894018456e+00
7.387849634003906374e+01 1.971790700202998181e+00
7.287434219632162069e+01 1.972025237330567116e+00
7.187186203033854781e+01 1.972105362005370344e+00
7.087096284332682217e+01 1.971920703814433296e+00
6.985099890989583571e+01 1.971933438862084165e+00
6.884279931998698032e+01 1.971723310575846488e+00
6.783390223935548136e+01 1.972108015140297432e+00
6.681942523294270586e+01 1.972079891910068827e+00
6.581327161582031238e+01 1.972244386275558314e+00
6.485380337773436565e+01 1.972200344235766512e+00
6.382760852718099898e+01 1.972816402165874283e+00
6.282168740696614861e+01 1.972110668275224743e+00
6.181148834365234279e+01 1.971955725195473352e+00
6.080524172776693348e+01 1.971987032187615174e+00
5.978546379186198578e+01 1.971941398266866319e+00
5.877349775205077975e+01 1.971693064837675369e+00
5.776646064667968972e+01 1.971519549813433247e+00
5.676546846090494824e+01 1.971946704536720718e+00
5.575443240872396444e+01 1.972166384108697379e+00
5.474232687076823822e+01 1.972049646171898152e+00
5.377537223225912300e+01 1.972020461687698178e+00
5.276991610585938020e+01 1.971708453020253549e+00
5.174962667675782058e+01 1.972160547211857295e+00
5.074384505468750461e+01 1.972355287315517458e+00
4.974350386025390947e+01 1.972053891187781405e+00
4.872228444352214183e+01 1.972164261600755530e+00
4.770483147669271062e+01 1.972357409823459307e+00
4.670523427236328473e+01 1.972316551545579832e+00
4.569210574801432756e+01 1.972242794394602372e+00
4.467851222985026283e+01 1.972136138370526481e+00
4.369416682265624985e+01 1.972245978156514701e+00
4.269503461214192441e+01 1.972344674775808659e+00
4.168557953893229495e+01 1.972213609910402399e+00
4.068361086614583400e+01 1.972117035799050289e+00
3.966601840117187550e+01 1.972291612077263556e+00
3.865842330322266207e+01 1.972327164085288631e+00
3.739870855872396049e+01 1.972045401156014455e+00
3.637502467477213486e+01 1.972238018751732769e+00
3.536668558671875218e+01 1.972050176798883614e+00
3.435378955927733813e+01 1.971747188790191174e+00
3.334889142545574003e+01 1.971839517885659809e+00
3.237319490322265381e+01 1.972270917624830977e+00
3.135523044319661778e+01 1.972490597196807860e+00
3.034451988668620004e+01 1.972638111498762559e+00
2.933362333264973643e+01 1.972508107887327444e+00
2.806521320380860018e+01 1.972542598641381595e+00
2.705236367574870116e+01 1.972756971943503634e+00
2.603095826149088410e+01 1.972486882807909403e+00
2.501936421673177335e+01 1.972201405489736992e+00
2.399986527711588735e+01 1.972254468188281651e+00
2.296306856757813009e+01 1.972244916902543999e+00
2.198290810472005319e+01 1.972316020918594148e+00
2.071319599319662075e+01 1.972215201791358785e+00
1.969723100657552806e+01 1.972106953886326508e+00
1.868028953294271233e+01 1.972239610632689377e+00
1.767250843746745304e+01 1.972172221005537018e+00
1.666305336425781647e+01 1.972235365616805680e+00
1.563406855081380620e+01 1.972241202513645320e+00
1.462372998935547486e+01 1.972423738196640519e+00
1.336382924733073452e+01 1.972135077116555779e+00
1.235367668339844016e+01 1.972280468910569073e+00
1.137895664817708763e+01 1.972177527275391640e+00
1.037159404713541733e+01 1.972567538109697871e+00
9.360557994954429972e+00 1.972474678387243774e+00
8.360216800520834823e+00 1.972271448251816439e+00
7.113428884082032333e+00 1.972171159751566094e+00
6.098905378287761359e+00 1.972285775180423473e+00
5.082335899707032922e+00 1.972427983212524216e+00
4.075903286295573302e+00 1.972290550823292854e+00
3.070214662988282051e+00 1.972131893354642784e+00
2.073221424023438342e+00 1.972193446084955060e+00
8.424292948242190215e-01 1.971859681711107148e+00
-1.746516769531250013e-01 1.971932377608113685e+00
-1.184525244596354332e+00 1.972032666108363586e+00
-2.197049276985677757e+00 1.972056544322709160e+00
-3.194972503580729484e+00 1.971948296417677104e+00
-4.206566548339845113e+00 1.972022053568654343e+00
-5.470884731608073537e+00 1.971842171020587120e+00
-6.469877443977866349e+00 1.972115974545079586e+00
-7.478123533268231427e+00 1.971982787171731033e+00
-8.484974641113282701e+00 1.971856497949194154e+00
-9.494941207519534743e+00 1.971719065559962347e+00
-1.070006567812500187e+01 1.971849069171397462e+00
-1.171431018763021115e+01 1.971796006472853025e+00
-1.273241414580078334e+01 1.971323217828816254e+00
-1.372373446022135823e+01 1.971092395090145333e+00
-1.473318953343099480e+01 1.971073292518669140e+00
-1.573887815673828428e+01 1.970552747445942110e+00
-1.675726111119791994e+01 1.970182900437083440e+00
-1.800502551464844458e+01 1.969152953458323640e+00
-1.901238811569011133e+01 1.968522568599608391e+00
-2.002277317652995237e+01 1.967889530605965609e+00
-2.097345303151042373e+01 1.967152489723174913e+00
-2.199695091793620350e+01 1.965826983513519144e+00
-2.299915208763021113e+01 1.965096840781539234e+00
-2.424910196201172496e+01 1.964217061239662332e+00
-2.526539244430339082e+01 1.963268830816662147e+00
-2.627298754225260780e+01 1.962585383259401794e+00
-2.728765054619140784e+01 1.961831362313076754e+00
-2.829092120166015434e+01 1.960828477310575302e+00
-2.931130362952473689e+01 1.960293605309240794e+00
-3.031183082148437791e+01 1.959484929783414264e+00
-3.130868456230469121e+01 1.958828544202412036e+00
-3.256886430061848614e+01 1.958139790375297284e+00
-3.359389666663411589e+01 1.957858558073008570e+00
-3.462213748997395868e+01 1.957230295722235169e+00
-3.464031874814453005e+01 1.957048290666225654e+00
-3.375487752542317565e+01 1.957212785031715363e+00
-3.282744736119791895e+01 1.957197396849137183e+00
-3.164227112526042163e+01 1.957411770151259223e+00
-3.073906713880208130e+01 1.957388422563899333e+00
-2.978978226526692907e+01 1.957547610659534421e+00
-2.883310399007162061e+01 1.957518426175334669e+00
-2.786554485960286343e+01 1.957639409128017594e+00
-2.691119155348307856e+01 1.957876599390513839e+00
-2.593228657392578640e+01 1.958183832415089531e+00
-2.495835702819010748e+01 1.958179587399206056e+00
-2.375286056253255751e+01 1.958396613836255185e+00
-2.278106998834635988e+01 1.958696948710020314e+00
-2.178979617330729823e+01 1.958561108201744894e+00
-2.079931284775391021e+01 1.959019039290188502e+00
-1.985663088639323348e+01 1.958837564861164671e+00
-1.887795840374349154e+01 1.959334762346532033e+00
-1.765269970094401586e+01 1.959744406379299253e+00
-1.665486947311198307e+01 1.959925880808323528e+00
-1.565782973476563100e+01 1.959996454197388660e+00
-1.466167348466797193e+01 1.960241073237681597e+00
-1.367900205520833801e+01 1.960593409556020461e+00
-1.268619376057942816e+01 1.960765863326291880e+00
-1.169022350800781673e+01 1.961540048098064482e+00
-1.044287759899088996e+01 1.962061654424762214e+00
-9.485222836783856692e+00 1.962089777654991041e+00
-8.491717051432294383e+00 1.962454318393995756e+00
-7.499559748144533522e+00 1.962629955926179948e+00
-6.504240486914063091e+00 1.962765796434455146e+00
-5.256615581608074628e+00 1.963466754682235305e+00
-4.253716921191407430e+00 1.963759130151218502e+00
-3.254677709440105371e+00 1.964381024978166579e+00
-2.255313002018229707e+00 1.964738667566360064e+00
-1.249996373763021085e+00 1.965174842948400169e+00
-2.502131719075521010e-01 1.965363215528235230e+00
9.845314047200522944e-01 1.965849269846907887e+00
1.982129135644531637e+00 1.966137930926993072e+00
2.982237833170573893e+00 1.966405366927660214e+00
3.982300031315105127e+00 1.966687129856934835e+00
4.980967248014325222e+00 1.966887706857434637e+00
5.985400388020835294e+00 1.967307963429911766e+00
7.243813149837240672e+00 1.967669320407003930e+00
8.240527392513023131e+00 1.968168640400312697e+00
9.245518525097656592e+00 1.968655225345971038e+00
1.025269512861328280e+01 1.969329121617493072e+00
1.125884874573567984e+01 1.969956322714295771e+00
1.221985146341146056e+01 1.970113388301989232e+00
1.347445127594401271e+01 1.970644015287439821e+00
1.447535046295573480e+01 1.970976718407317252e+00
1.548675851018880678e+01 1.971273338892184146e+00
1.649830605556640961e+01 1.971590653829483175e+00
1.750636614733073415e+01 1.971611878908901438e+00
1.850563785598959043e+01 1.971847477290441519e+00
1.951504642981771553e+01 1.971736576250482376e+00
2.076601929059245322e+01 1.971603388877134266e+00
2.178184477906901506e+01 1.971851722306324994e+00
2.273582609013672240e+01 1.971862865473019699e+00
2.373895724746094160e+01 1.971863926726990401e+00
2.475189977428385646e+01 1.971888335568321216e+00
2.576274982893879795e+01 1.971847477290441519e+00
2.676806645719400990e+01 1.971960500838342289e+00
2.804163801738281592e+01 1.972225814331067362e+00
2.905555703121745026e+01 1.972464065847534975e+00
3.006133865328776267e+01 1.972154710315017212e+00
3.107665264856770548e+01 1.972129770846700936e+00
3.211000840387369948e+01 1.972266672608947280e+00
3.309281933147786958e+01 1.972399329355310149e+00
3.410422737871093801e+01 1.972790932070572545e+00
3.513218920576171911e+01 1.972491127823792656e+00
3.616852092148437947e+01 1.972537292371526974e+00
3.742209774762369534e+01 1.972300632736016190e+00
3.843011134000651197e+01 1.972287897688365321e+00
3.945212124622396033e+01 1.972335654117056025e+00
4.045116045797526994e+01 1.972628560213024684e+00
4.145884855468750629e+01 1.972283122045496384e+00
4.246542066624348877e+01 1.972641825887660794e+00
4.349129002112630360e+01 1.972170098497595836e+00
4.445210674127604733e+01 1.972079891910068827e+00
4.546202680830078435e+01 1.972112790783166592e+00
4.646673894459635790e+01 1.972227936839009432e+00
4.747847248750000659e+01 1.972538353625498120e+00
4.848374261637369642e+01 1.972448677664957017e+00
4.949752213206380702e+01 1.972455575815767581e+00
5.049907231041667188e+01 1.972461412712607887e+00
5.150238946526693695e+01 1.972708154260842228e+00
5.251784295869140351e+01 1.972391900577513457e+00
5.352190410364583073e+01 1.972499617855560050e+00
5.448983522916667255e+01 1.972854607308826225e+00
5.549761632464192473e+01 1.972535700490570809e+00
5.649237759329427178e+01 1.972519781681007167e+00
5.751062104960938370e+01 1.972546313030279608e+00
5.850356884238282618e+01 1.972618478300301126e+00
5.951511638776042190e+01 1.972533047355643276e+00
6.052587344365235822e+01 1.972338837878968576e+00
6.152444766158854605e+01 1.972298510228074342e+00
6.253292624778646314e+01 1.972346797283750064e+00
6.353531341500651308e+01 1.972183364172231723e+00
6.455262688369138857e+01 1.972651907800384352e+00
6.551102563600261419e+01 1.972183894799216963e+00
6.651606326796876090e+01 1.972700725483045758e+00
6.752300737457682089e+01 1.972353695434561294e+00
6.852209308570961355e+01 1.972211487402460550e+00
6.952647972633464235e+01 1.972057074949694400e+00
7.054114273027344950e+01 1.972213079283416937e+00
7.154069343522135682e+01 1.972191323577013211e+00
7.254931151956380120e+01 1.972322919069404934e+00
7.354463078079427873e+01 1.972323980323376080e+00
7.454697144863281721e+01 1.971904254377884858e+00
7.556316893216147434e+01 1.972001359116222208e+00
7.652338116035156190e+01 1.972181772291275115e+00
7.752502433746745680e+01 1.972098463854559114e+00
7.852308706220703982e+01 1.972044870529028771e+00
7.952705520839845121e+01 1.972250223172398398e+00
8.053943974264323913e+01 1.972235896243790920e+00
