# User			Meike Reginka
# Sample		2020_0446_1
# State			after FC
# Profile		mere_beads_forc.txt
# Comment
# ML
# 
# Meas. type 		FORC
# angle (deg)		 0.000
# Hmin (kA/m)		-80.000
# Hmax (kA/m)		80.000
# pts./branch		161
# time/pt. (s)		 0.020
# dt (s)		 0.020
# nCycles		5
# Hstop (kA/m)		 0.000
# wait (s)		60.000
# nSched		5
# nMinorLoops		10
# nX			2
# nY			2
# dx (mm)		 0.250
# dy (mm)		 0.250
# avg. raster		no average raster
# Number			29
# ID			310343
# -----------------------------------------------
# H (kA/m) 	 I (arb.u.)
8.158767530003257207e+01 1.970631280239788952e+00
8.072171731816406748e+01 1.970881205549936288e+00
7.980437751972658589e+01 1.971081251923450850e+00
7.883905035957032226e+01 1.970869531756256343e+00
7.787144472972005360e+01 1.970955493327899211e+00
7.687840393818360951e+01 1.970820714073594715e+00
7.588936209345700945e+01 1.970829204105361887e+00
7.491854800628256328e+01 1.971044108034469389e+00
7.390527998378904329e+01 1.971027658597920507e+00
7.289461592666016543e+01 1.970866878621328810e+00
7.188739282376302242e+01 1.970780917049685943e+00
7.088756312252603209e+01 1.970641362152512288e+00
6.986871517425129241e+01 1.970843531033968921e+00
6.885237819257814351e+01 1.970886511819790243e+00
6.784775905504557159e+01 1.970881736176921528e+00
6.683509552451171487e+01 1.970896593732514468e+00
6.584428670328775013e+01 1.970880144295965586e+00
6.486403324166666096e+01 1.970631280239788952e+00
6.383774539235025713e+01 1.970808509652929308e+00
6.283726469977213469e+01 1.970837694137129281e+00
6.182776312718098666e+01 1.970901900002368867e+00
6.081375111458334004e+01 1.970786223319540786e+00
5.980806249127605412e+01 1.970975126526361088e+00
5.880218787044270812e+01 1.970798427740205971e+00
5.778719937083332070e+01 1.970676383533552345e+00
5.677793029514973711e+01 1.970714588676504953e+00
5.575926834440104329e+01 1.970888103700747074e+00
5.475450970872395828e+01 1.970806917771972921e+00
5.379299549785157808e+01 1.970988392200996975e+00
5.278135495371094521e+01 1.970778794541743650e+00
5.176445997945964450e+01 1.970728915605111542e+00
5.075774836975911342e+01 1.970875368653096205e+00
4.975810466604817606e+01 1.970984147185113278e+00
4.872651588723957872e+01 1.971306237765281910e+00
4.771938578310547285e+01 1.971507876019753303e+00
4.671276717216797181e+01 1.971714289917093188e+00
4.570586956494140196e+01 1.971322687201830792e+00
4.469055556966145559e+01 1.971213908669813719e+00
4.369946775214844337e+01 1.970941166399292177e+00
4.270977491608073251e+01 1.970944350161204728e+00
4.168557953893229495e+01 1.971170397257006712e+00
4.069574720472005680e+01 1.971298808987485662e+00
3.966987784983724197e+01 1.971054189947193169e+00
3.866358473457031408e+01 1.971495671599087673e+00
3.740247500862630403e+01 1.971442078273557330e+00
3.638139509003906369e+01 1.971572612511978129e+00
3.537565996735025919e+01 1.971309952154180145e+00
3.437038983847656937e+01 1.970922594454801446e+00
3.335581983330077804e+01 1.970887573073761390e+00
3.238123929622395281e+01 1.970741650652762633e+00
3.136318183743490096e+01 1.970761814478209750e+00
3.035330826979166829e+01 1.970921533200830300e+00
2.932971738460286204e+01 1.970599973247647574e+00
2.807074663020833327e+01 1.970951248312015736e+00
2.704873672399089202e+01 1.970549563684029337e+00
2.603481771015625057e+01 1.970755446954384427e+00
2.502322366539713983e+01 1.971001657875633306e+00
2.401325709899088778e+01 1.970901900002368867e+00
2.297260094078776405e+01 1.970958677089812205e+00
2.199016200823567857e+01 1.970899777494427019e+00
2.072472783981120514e+01 1.971010678534386162e+00
1.969751000286458620e+01 1.971028189224905747e+00
1.868800843027344172e+01 1.970892348716630771e+00
1.768171531500651739e+01 1.970896063105528784e+00
1.666161188343099298e+01 1.970944350161204728e+00
1.564625138876953514e+01 1.970917818811932065e+00
1.462800793245443032e+01 1.971159784717297470e+00
1.337350111868489932e+01 1.970999535367691680e+00
1.235744313330078370e+01 1.970916226930975901e+00
1.139197647500000343e+01 1.971005372264531319e+00
1.037675547848307644e+01 1.970944880788190190e+00
9.367858397851565044e+00 1.970974065272389941e+00
8.363378758463545282e+00 1.971185785439584670e+00
7.115009863053386674e+00 1.971240970646071622e+00
6.089930997656251677e+00 1.971153417193471924e+00
5.079452938053386823e+00 1.971324279082787401e+00
4.073950312272136109e+00 1.971359831090812254e+00
3.066820208138021364e+00 1.971342851027278131e+00
2.066386014941407279e+00 1.971323217828816254e+00
8.454517546223959679e-01 1.971245746288940559e+00
-1.878575013020833406e-01 1.971356116701914463e+00
-1.187129209960937848e+00 1.971142804653763569e+00
-2.193003830794271636e+00 1.971128477725156092e+00
-3.204783873079427803e+00 1.971043046780498464e+00
-4.215726926497397109e+00 1.971081782550436534e+00
-5.476325159244792573e+00 1.971201173622162628e+00
-6.479223819661459771e+00 1.971288196447776642e+00
-7.484633446679689328e+00 1.970864225486401722e+00
-8.491438055143230912e+00 1.970800550248147820e+00
-9.502474107324223596e+00 1.971073292518669140e+00
-1.071387599443359484e+01 1.971064802486902412e+00
-1.172114559671224221e+01 1.970572911271389449e+00
-1.273687808642578290e+01 1.970515072929975409e+00
-1.373075586682942983e+01 1.970622259581036095e+00
-1.474035043818359725e+01 1.970266739500784681e+00
-1.574975901201172235e+01 1.969983384690553896e+00
-1.676763047327474609e+01 1.969589128840364189e+00
-1.801711535384114882e+01 1.968648857822145715e+00
-1.902345496848958817e+01 1.968240275043348309e+00
-2.002951558684896227e+01 1.967478294692241336e+00
-2.099321526865234944e+01 1.966491328499303082e+00
-2.200318183505859793e+01 1.965616324600295117e+00
-2.301458988229167346e+01 1.964906876320747786e+00
-2.426537674554037238e+01 1.963934237056417231e+00
-2.527990025133463803e+01 1.963006701085849848e+00
-2.629144779671224441e+01 1.962322722901603811e+00
-2.730280934456381203e+01 1.961570293836235157e+00
-2.832616773284504674e+01 1.960420955785749264e+00
-2.932934538955077741e+01 1.959562931950275644e+00
-3.034163692503255660e+01 1.958910260758171207e+00
-3.132709831738281636e+01 1.958086197049766497e+00
-3.259834490849609523e+01 1.957426097079866256e+00
-3.361268241676432211e+01 1.956832856110132468e+00
-3.465226908919270699e+01 1.956102182751167540e+00
-3.566456062467447907e+01 1.956004016758858599e+00
-3.667415519602864293e+01 1.955592250218149530e+00
-3.768607473645833750e+01 1.955229301360101424e+00
-3.869529731276042384e+01 1.955047826931076926e+00
-3.970005594843750174e+01 1.954342623667413070e+00
-4.070941802288410827e+01 1.954041227539677017e+00
-4.171929159052734803e+01 1.953304186656886321e+00
-4.293185596217448108e+01 1.952548043202619432e+00
-4.395056441230469346e+01 1.952138929796836564e+00
-4.495406756468099729e+01 1.951642793565440348e+00
-4.596101167128907150e+01 1.951309029191591993e+00
-4.696697929088541201e+01 1.950834118039613818e+00
-4.797541137770182473e+01 1.950206916942811119e+00
-4.899281784514974447e+01 1.950157568633164473e+00
-4.999083407050781602e+01 1.949685310616113831e+00
-5.099568570494791686e+01 1.949441752829791596e+00
-5.200718675094401533e+01 1.949013536852533424e+00
-5.297107243027344481e+01 1.948745570224881041e+00
-5.298567323606771851e+01 1.948542340089453262e+00
-5.215528728105469014e+01 1.948341232461967110e+00
-5.123390203642578911e+01 1.948443112843173841e+00
-5.029749749156901828e+01 1.948327436160345760e+00
-4.936495239537760682e+01 1.948061061413649986e+00
-4.841896897792969412e+01 1.947831299928949322e+00
-4.747698450729167519e+01 1.948145961731321707e+00
-4.650761190094402053e+01 1.948226617033110619e+00
-4.555948951194662300e+01 1.948581606486376572e+00
-4.459374385735677748e+01 1.948358212525501676e+00
-4.363325263287759981e+01 1.948256332144295389e+00
-4.241059789544270586e+01 1.948190534398099416e+00
-4.148047076708984804e+01 1.947959181032443032e+00
-4.050970317929687781e+01 1.948205391953692356e+00
-3.953926108717448074e+01 1.948453194755897400e+00
-3.855937962060546909e+01 1.948410213970076077e+00
-3.757745218125000264e+01 1.948568871438725925e+00
-3.659129329817708509e+01 1.948864961296607134e+00
-3.560160046210938134e+01 1.948858063145796571e+00
-3.462520644915364443e+01 1.948691976899350253e+00
-3.363797808030598446e+01 1.949051741995485587e+00
-3.240365199811198238e+01 1.949093130900350745e+00
-3.140121833151042097e+01 1.949413629599562769e+00
-3.045207295611979248e+01 1.949202440059353725e+00
-2.946047364541015767e+01 1.949005046820765585e+00
-2.846352690582682499e+01 1.949191296892659242e+00
-2.746960262604167369e+01 1.949447059099646218e+00
-2.646702946129557432e+01 1.949571756441226711e+00
-2.546678126562500211e+01 1.949756414632163981e+00
-2.422780524527995283e+01 1.949939480942144421e+00
-2.322230261949870211e+01 1.949800987298941912e+00
-2.222354240403646486e+01 1.949940011569129439e+00
-2.120432246070964055e+01 1.950284919109672721e+00
-2.023880930302735237e+01 1.950482312348259972e+00
-1.922730825703125390e+01 1.950283857855701575e+00
-1.797233644944661890e+01 1.950318348609755503e+00
-1.695483698323567978e+01 1.950500353665765463e+00
-1.594352193476563073e+01 1.950765667158490757e+00
-1.493899579599609950e+01 1.950859057507929650e+00
-1.393042421103515949e+01 1.951201311913545400e+00
-1.292785104628906367e+01 1.951860881256460623e+00
-1.191356003740234648e+01 1.951951618470972649e+00
-1.064803287021484657e+01 1.952842010552558794e+00
-9.686704656868492691e+00 1.953173121791480060e+00
-8.678644565104168151e+00 1.953965347880757708e+00
-7.674397422623698617e+00 1.954485362326499276e+00
-6.679636153971356016e+00 1.955254240828417256e+00
-5.420758398339844852e+00 1.955852257441020203e+00
-4.406606887597656730e+00 1.956720893816202622e+00
-3.406079695638021931e+00 1.957262663968347471e+00
-2.400019077278646051e+00 1.958020399303570969e+00
-1.393167969433594111e+00 1.958837034234178986e+00
-3.744130199218750898e-01 1.959375089997426045e+00
8.771178334309898128e-01 1.959733793839590676e+00
1.855929814225260932e+00 1.960428384563545512e+00
2.863989905989583473e+00 1.961037013715857258e+00
3.878094917350261461e+00 1.961328858557855215e+00
4.877692121679689130e+00 1.961659969796776259e+00
5.881846265397136619e+00 1.962138595337652447e+00
7.138399051953126850e+00 1.962449012124140912e+00
8.137577761848961089e+00 1.962956822149217517e+00
9.151729272591147435e+00 1.963432263928180932e+00
1.015383744352213746e+01 1.964166121049059077e+00
1.116631497652995009e+01 1.964652175367731735e+00
1.212945666575521031e+01 1.965162107900749522e+00
1.338405647828776424e+01 1.965893311886700578e+00
1.439304655768229502e+01 1.966533778658138942e+00
1.540254813027344305e+01 1.967431068890536316e+00
1.642172157421875411e+01 1.968295990876820944e+00
1.741862181442057533e+01 1.968722614973123175e+00
1.842765839319661936e+01 1.969385898704936855e+00
1.942753459381510694e+01 1.969750970070926144e+00
2.068887681666667433e+01 1.970211023667312267e+00
2.170498130143229787e+01 1.970463071485401008e+00
2.267091295354818214e+01 1.970477398414008263e+00
2.367064965602214244e+01 1.971006964145487927e+00
2.467950023727214059e+01 1.971089741955218244e+00
2.568351488284505635e+01 1.970890756835674384e+00
2.669548092265624817e+01 1.971004311010560173e+00
2.796286806510417122e+01 1.970981494050186189e+00
2.898473847317708518e+01 1.971308360273223759e+00
2.999517003339843413e+01 1.971241501273056862e+00
3.101127451816406122e+01 1.971091333836174631e+00
3.203565589283854109e+01 1.971077537534552837e+00
3.303553209345702868e+01 1.970896593732514468e+00
3.403461780458984975e+01 1.971021291074094961e+00
3.506620658339843288e+01 1.970724670589228289e+00
3.610788572799479823e+01 1.970806917771972921e+00
3.736555449970703080e+01 1.970512419795047876e+00
3.837538156796874489e+01 1.970444499540910277e+00
3.939762397109375058e+01 1.970708221152679629e+00
4.040094112594401565e+01 1.970625973969934552e+00
4.140551376409505480e+01 1.970855204827649310e+00
4.240269300058594126e+01 1.970676383533552345e+00
4.343423528001302003e+01 1.970642423406483434e+00
4.440123641790364672e+01 1.970760222597253808e+00
4.540329808945312351e+01 1.970787815200496951e+00
4.641084668802084678e+01 1.971008556026444314e+00
4.742216173649089228e+01 1.970945942042161114e+00
4.843919620888672739e+01 1.970901369375383183e+00
4.945055775673829146e+01 1.970866878621328810e+00
5.045471190045573451e+01 1.970860511097503265e+00
5.146277199222004128e+01 1.970682220430391984e+00
5.246306668727213918e+01 1.970809570906900454e+00
5.348386760957031782e+01 1.970658872843032317e+00
5.445682066829428436e+01 1.970528338604611296e+00
5.545255842395834378e+01 1.970401518755088732e+00
5.646382697304687781e+01 1.970831326613303958e+00
5.746272668665365302e+01 1.970457765215546830e+00
5.846367237304687592e+01 1.970568666255505752e+00
5.947633590358073263e+01 1.970525154842698745e+00
6.049597434134113882e+01 1.970520909826815270e+00
6.149780351598307249e+01 1.970637117136629035e+00
6.250349213929037262e+01 1.970646668422366687e+00
6.351118023600261608e+01 1.970949125804073887e+00
6.452788921272785672e+01 1.970871123637212508e+00
6.549344886979166347e+01 1.970753855073427818e+00
6.648565267246094379e+01 1.970934268248481391e+00
6.749520074443358908e+01 1.971059496217047347e+00
6.849875039619139727e+01 1.970810101533885916e+00
6.950378802815755819e+01 1.970907206272223267e+00
7.051059263662109799e+01 1.970743242533719242e+00
7.151879222652995338e+01 1.970858919216547100e+00
7.251978441230467354e+01 1.970712466168563104e+00
7.352565903313802664e+01 1.970951248312015514e+00
7.453041766881510455e+01 1.970789937708438799e+00
7.554377869007161905e+01 1.970633933374716040e+00
7.650910585022786847e+01 1.970706098644737114e+00
7.751153951682942989e+01 1.970780917049685943e+00
7.851202020940756654e+01 1.970831326613303736e+00
7.951463987353515961e+01 1.970922594454801002e+00
8.052869838551431769e+01 1.970905614391266880e+00
