# User			Meike Reginka
# Sample		2020_0446_1
# State			after FC
# Profile		mere_beads_forc.txt
# Comment
# ML
# 
# Meas. type 		FORC
# angle (deg)		 0.000
# Hmin (kA/m)		-80.000
# Hmax (kA/m)		80.000
# pts./branch		161
# time/pt. (s)		 0.020
# dt (s)		 0.020
# nCycles		5
# Hstop (kA/m)		 0.000
# wait (s)		60.000
# nSched		5
# nMinorLoops		10
# nX			2
# nY			2
# dx (mm)		 0.250
# dy (mm)		 0.250
# avg. raster		no average raster
# Number			16
# ID			310330
# -----------------------------------------------
# H (kA/m) 	 I (arb.u.)
8.163673214752606100e+01 1.971452690813266351e+00
8.077742357721353983e+01 1.971393791217881164e+00
7.984287900761719925e+01 1.971457997083120750e+00
7.889452412171225149e+01 1.971477099654596943e+00
7.792487251907550672e+01 1.971559877464327259e+00
7.692667029619140351e+01 1.971446323289441027e+00
7.593581497558592730e+01 1.971421914448109991e+00
7.496044394902344266e+01 1.971580571916759839e+00
7.395456932819008955e+01 1.971344973535219758e+00
7.294130130569662640e+01 1.971560408091312500e+00
7.193533368610025036e+01 1.971214969923784199e+00
7.092067068216145742e+01 1.971315789051020007e+00
6.991721402916667216e+01 1.971190030455468367e+00
6.889641310686850773e+01 1.971166152241123015e+00
6.788161060478515196e+01 1.971190561082453385e+00
6.687703796663411993e+01 1.971177295407817498e+00
6.587572028518880529e+01 1.971425098210022986e+00
6.490076775305990964e+01 1.971315789051020007e+00
6.388066432148438167e+01 1.971351341059045303e+00
6.287418520869140792e+01 1.971516896678505937e+00
6.186226566826172757e+01 1.971374688646405193e+00
6.085192710680338735e+01 1.971405995638546571e+00
5.984265803111980375e+01 1.971659104710606902e+00
5.882720453769532298e+01 1.971508937273724005e+00
5.781588948922527038e+01 1.971765760734681905e+00
5.681322332571613742e+01 1.971677146028111949e+00
5.580204777539062633e+01 1.971927601965244525e+00
5.479854462301432250e+01 1.972031604854392661e+00
5.383809989791666339e+01 1.971894703092146317e+00
5.280762710426431994e+01 1.971818823433227230e+00
5.179766053785806434e+01 1.971620899567653851e+00
5.079457587991537082e+01 1.971763638226740056e+00
4.979060773372396653e+01 1.971621960821624997e+00
4.877534023782553163e+01 1.971854375441252305e+00
4.775593429697265435e+01 1.971880376163539283e+00
4.675136165882162231e+01 1.971897356227073850e+00
4.572702678352865036e+01 1.971916989425535505e+00
4.472059417011718807e+01 1.971943520774808167e+00
4.372866936373697655e+01 1.971696779226573604e+00
4.273367559817708639e+01 1.971500447241957055e+00
4.172436002311198422e+01 1.971585347559628776e+00
4.071653242825521346e+01 1.971443670154513939e+00
3.970210192122396364e+01 1.971687758567820969e+00
3.869413482822265848e+01 1.971482405924451342e+00
3.742205124824218387e+01 1.971641063393100968e+00
3.641082919853516131e+01 1.971631512107363093e+00
3.538579683251953156e+01 1.971566244988152805e+00
3.438750161087239121e+01 1.971540244265865827e+00
3.337488457972005307e+01 1.971532815488069135e+00
3.239932755563150835e+01 1.971545019908734320e+00
3.138034010921224137e+01 1.971584286305658074e+00
3.037307050693359756e+01 1.971410771281415508e+00
2.935566403948567427e+01 1.971898948108030014e+00
2.809069486487630485e+01 1.971598082607279423e+00
2.707398588815104290e+01 1.971525386710272887e+00
2.605806740091146168e+01 1.971542897400792915e+00
2.504047493593749962e+01 1.971603388877134266e+00
2.402822989983724256e+01 1.971590123202497713e+00
2.301333439899088873e+01 1.971512121035636556e+00
2.201964261611328766e+01 1.971372035511477883e+00
2.072686681136067932e+01 1.971816170298299697e+00
1.971852772330729664e+01 1.971703677377384167e+00
1.870865415566406753e+01 1.971939806385909710e+00
1.769022470182292395e+01 1.971767352615638735e+00
1.667216724303385789e+01 1.971753556314016498e+00
1.565322629599609883e+01 1.971712698036137246e+00
1.463293686689453388e+01 1.971724902456802653e+00
1.338029002838541714e+01 1.972036380497261820e+00
1.237185794156901331e+01 1.971795475845867118e+00
1.139662641315104175e+01 1.971636818377217715e+00
1.038163791354167031e+01 1.971806088385576361e+00
9.376414284049483072e+00 1.971618246432726984e+00
8.367377705273439048e+00 1.971956255822458814e+00
7.110359924902344808e+00 1.972068748743374345e+00
6.100207360970054005e+00 1.972343613521837513e+00
5.078894945475262546e+00 1.972541537387410671e+00
4.081622710221355810e+00 1.972520842934978091e+00
3.070540158658854324e+00 1.972302755243957595e+00
2.059550605859375327e+00 1.972415778791859031e+00
8.375003603841147948e-01 1.972340429759924962e+00
-1.807430959309896112e-01 1.972097402600588856e+00
-1.194941106054687729e+00 1.971993930338425960e+00
-2.204628676171875856e+00 1.971848007917427203e+00
-3.204737373697917668e+00 1.971884090552437518e+00
-4.221446350423177840e+00 1.971556163075429247e+00
-5.486090029361981202e+00 1.971420322567153605e+00
-6.483687760286461099e+00 1.971269093876300005e+00
-7.494491315559897338e+00 1.971104068883825278e+00
-8.507061847330730231e+00 1.971178356661788200e+00
-9.507542539908858004e+00 1.971092395090145333e+00
-1.072582633548177355e+01 1.971092925717131017e+00
-1.174658075839844074e+01 1.971074884399625304e+00
-1.275106039778646050e+01 1.971129008352141554e+00
-1.375656302356771121e+01 1.970881205549936288e+00
-1.476183315244140992e+01 1.970606340771472675e+00
-1.576663828750000462e+01 1.970399396247146884e+00
-1.678530023824870199e+01 1.969812522801238863e+00
-1.804278301243489935e+01 1.969227241236287007e+00
-1.904935512399088893e+01 1.968658409107883589e+00
-2.005788020957031392e+01 1.967779160192991927e+00
-2.101869692972005410e+01 1.966844195444627630e+00
-2.203126746149089144e+01 1.966009519196514121e+00
-2.303937405263672034e+01 1.964968959678045524e+00
-2.430508721735026612e+01 1.964081751358372818e+00
-2.531472828808594500e+01 1.963511327349013236e+00
-2.632264888170573158e+01 1.962764204553499203e+00
-2.733712588811849287e+01 1.961901935702141886e+00
-2.835323037288411285e+01 1.961238121343343188e+00
-2.936519641269531178e+01 1.960142907245373101e+00
-3.037953392096354932e+01 1.959338476735429824e+00
-3.137080773600260386e+01 1.958868871853306048e+00
-3.264005485371093584e+01 1.958115381533966470e+00
-3.367457309355469164e+01 1.957222336317453015e+00
-3.469658299977213289e+01 1.956719301935246680e+00
-3.570008615214843672e+01 1.956227410719733717e+00
-3.670809974453125335e+01 1.955824134210791376e+00
-3.772899366559244783e+01 1.954856270589329315e+00
-3.872728888723958107e+01 1.954725736350908294e+00
-3.973544197776692499e+01 1.954252417079886506e+00
-4.074973298665364752e+01 1.954069881396891306e+00
-4.176076903883463842e+01 1.953547213816222872e+00
-4.298244728925781288e+01 1.952839888044616945e+00
-4.398874040452474787e+01 1.952346404948148040e+00
-4.499935796227214269e+01 1.952147419828603736e+00
-4.600588357444661369e+01 1.951748918962530555e+00
-4.701519914951171586e+01 1.950972611682816327e+00
-4.801884180003255409e+01 1.950679705586847890e+00
-4.904201419078776780e+01 1.950324185506596031e+00
-5.004040241119793109e+01 1.949707596949502575e+00
-5.105325193925781946e+01 1.949547347599896341e+00
-5.206191652298176820e+01 1.949424242139272012e+00
-5.302798767324218687e+01 1.949141948583012152e+00
-5.403000284541015219e+01 1.949010353090620429e+00
-5.503490097923178581e+01 1.948711079470826668e+00
-5.604361206233724602e+01 1.948558789526002144e+00
-5.705037017141927436e+01 1.948022856270697378e+00
-5.805024637203776194e+01 1.948003223072235945e+00
-5.906709484690755119e+01 1.948060000159678840e+00
-6.031620773242189415e+01 1.947914077738679639e+00
-6.132519781181640894e+01 1.947739501460466371e+00
-6.232446952047527589e+01 1.947792033532026013e+00
-6.332904215862629371e+01 1.947467820443915976e+00
-6.429511330888672660e+01 1.946908539601251098e+00
-6.531186878499347870e+01 1.947250263379881607e+00
-6.631430245159505432e+01 1.947288468522833327e+00
-6.633146072337240184e+01 1.946957887910897966e+00
-6.546201528789062252e+01 1.947196670054350820e+00
-6.455499835214843074e+01 1.947433329689861825e+00
-6.362566171328125364e+01 1.947420064015225494e+00
-6.272482919527995193e+01 1.947446595364498156e+00
-6.179549255641276773e+01 1.947502311197970348e+00
-6.084923014267579333e+01 1.947126096665285688e+00
-5.966628587705079667e+01 1.947557496404456856e+00
-5.870621314700520088e+01 1.947685908134936472e+00
-5.774614041695963351e+01 1.947468351070901438e+00
-5.678523069804687395e+01 1.947303326078426267e+00
-5.582088002490235112e+01 1.947210996982957854e+00
-5.485239090680338592e+01 1.947185526887656337e+00
-5.389585212975259765e+01 1.947336224951524031e+00
-5.291155322194011035e+01 1.947422186523167120e+00
-5.197393969316406270e+01 1.947391410158011205e+00
-5.099094276803386094e+01 1.947443942229570624e+00
-5.001538574394531622e+01 1.947438105332730762e+00
-4.904187469264323340e+01 1.947318714261004446e+00
-4.803730205449218715e+01 1.947784604754229765e+00
-4.705439812812500122e+01 1.947839259333731254e+00
-4.607521415227864736e+01 1.947983589873774068e+00
-4.508063888115234619e+01 1.948269597818931720e+00
-4.409536348632813230e+01 1.947816973000342289e+00
-4.285266751546224384e+01 1.948033468810406177e+00
-4.188385290169270547e+01 1.947838728706746014e+00
-4.090411093326822822e+01 1.947931057802214205e+00
-3.990311874749349386e+01 1.947890730151319971e+00
-3.891114744173177087e+01 1.947948037865748550e+00
-3.792112910999349396e+01 1.947735787071568359e+00
-3.690600111223957924e+01 1.947750644627161298e+00
-3.590584591533202996e+01 1.947971916080094124e+00
-3.491252612750650997e+01 1.947745868984291917e+00
-3.391455640152994988e+01 1.948180983112361320e+00
-3.266679199807941814e+01 1.948133226683671060e+00
-3.165194299661458288e+01 1.947980406111861074e+00
-3.068754582408854148e+01 1.948090776524835199e+00
-2.968864611048177338e+01 1.947985712381715473e+00
-2.868258549212239572e+01 1.948343885596894642e+00
-2.767359541272786672e+01 1.948409152716105375e+00
-2.666144337539062903e+01 1.948516339367166061e+00
-2.565063982011719190e+01 1.948488216136937012e+00
-2.439608650696615300e+01 1.948102980945499940e+00
-2.339156036819661821e+01 1.948609199089619937e+00
-2.237903633580729945e+01 1.948392703279556049e+00
-2.136418733434245354e+01 1.948535972565627716e+00
-2.038956029788411684e+01 1.948704711947001122e+00
-1.936471392939453295e+01 1.948790673518644212e+00
-1.809569930859375475e+01 1.949056517638354968e+00
-1.707903683125000427e+01 1.948877696344258004e+00
-1.606632680133463609e+01 1.948920146503094308e+00
-1.504203842542318093e+01 1.949382322607421392e+00
-1.404602167347005448e+01 1.949423711512286550e+00
-1.303191666210937605e+01 1.949712372592371512e+00
-1.202594904251302310e+01 1.949556368258648975e+00
-1.075730641676432597e+01 1.950065770164681744e+00
-9.771287031835941050e+00 1.950767789666432606e+00
-8.771922324414063610e+00 1.951264987151799524e+00
-7.761862759244793963e+00 1.951467686660241840e+00
-6.764823020898439232e+00 1.952293872876587955e+00
-5.515524137858073495e+00 1.953081853949982349e+00
-4.477146449348960111e+00 1.954008859293564715e+00
-3.477223749348959281e+00 1.955375754408085642e+00
-2.472976606868490190e+00 1.956437008378986597e+00
-1.467845976139323216e+00 1.957308297889096327e+00
-4.465335606445313132e-01 1.957966805978040403e+00
8.172731294270836333e-01 1.958816870408732091e+00
1.796782600944011099e+00 1.959886614411400663e+00
2.795961310839844671e+00 1.960433690833399911e+00
3.814530262825521767e+00 1.960936725215606913e+00
4.819893390462240745e+00 1.961485924145548454e+00
5.822466555208335670e+00 1.962007530472246630e+00
7.074973895572917115e+00 1.962428848298694239e+00
8.092008367968752225e+00 1.962931352053916001e+00
9.098394481998701266e+00 1.963221605014957127e+00
1.009882867519531402e+01 1.964098200794921256e+00
1.111623514264323376e+01 1.964719564994883871e+00
1.208174830032552372e+01 1.965348888599628197e+00
1.334067255533854635e+01 1.966178789204872990e+00
1.434515219472656611e+01 1.966789540865126362e+00
1.535981519866536615e+01 1.967387026850743625e+00
1.637359471435547320e+01 1.968117700209709442e+00
1.738411927333984863e+01 1.968858455481398595e+00
1.838092651477865047e+01 1.969453288332088992e+00
1.939916997109375529e+01 1.969864524245812820e+00
2.065902421373698417e+01 1.970508174779164179e+00
2.167354771953125336e+01 1.970446622048852126e+00
2.262948200462240322e+01 1.970976187780331790e+00
2.364158754257812589e+01 1.970680097922450358e+00
2.464722966650391101e+01 1.971056312455135018e+00
2.565491776321614736e+01 1.971044108034469389e+00
2.666809278694661600e+01 1.971258481336591650e+00
2.793022549928386056e+01 1.971744535655263864e+00
2.895907081458333465e+01 1.971530692980127286e+00
2.996885138346354083e+01 1.971656982202664388e+00
3.098955930699869654e+01 1.971826782838008940e+00
3.201970660498047039e+01 1.971890988703248304e+00
3.301521186373697958e+01 1.971793883964910954e+00
3.402043549322916505e+01 1.972016747298800388e+00
3.506020816318359579e+01 1.971672370385242790e+00
3.606696627226562413e+01 1.971413424416342597e+00
3.732217057675781291e+01 1.971323748455802161e+00
3.834752843844400871e+01 1.971430404479877385e+00
3.936470240898437822e+01 1.971986501560629268e+00
4.037931891354166680e+01 1.971693064837675369e+00
4.138245007086588600e+01 1.971685105432893881e+00
4.239227713912760009e+01 1.971604450131105413e+00
4.341651901565754912e+01 1.971463303352975149e+00
4.437705673951823115e+01 1.971680329790024722e+00
4.538144338014323154e+01 1.971621960821624997e+00
4.639359541748046922e+01 1.971747188790191174e+00
4.740430597399089407e+01 1.971517427305490955e+00
4.843110531650390982e+01 1.971857028576179616e+00
4.943279499300130198e+01 1.971484528432393191e+00
5.044308705507813073e+01 1.971574204392934293e+00
5.145156564127603360e+01 1.971477099654597387e+00
5.245911423984374977e+01 1.971611878908901661e+00
5.347805518688151238e+01 1.971571551258007204e+00
5.445165923694661814e+01 1.971445792662455565e+00
5.545134944003906696e+01 1.971301462122412973e+00
5.645299261715494055e+01 1.971513182289607702e+00
5.746133170520834454e+01 1.971364606733681413e+00
5.847008928769531622e+01 1.971396444352808475e+00
5.947824237822266014e+01 1.971555101821458322e+00
6.049034791617839346e+01 1.971564122480210957e+00
6.150189546155598919e+01 1.971398036233764861e+00
6.250223665598957723e+01 1.971545550535720004e+00
6.350894826569010831e+01 1.971483997805407729e+00
6.453077217438151081e+01 1.971263256979460810e+00
6.549214688710938503e+01 1.971265379487402214e+00
6.649983498382161429e+01 1.971508937273724005e+00
6.750212915227864130e+01 1.971341789773306985e+00
6.851172372363281227e+01 1.971188969201497443e+00
6.951871432962239794e+01 1.971266971368358600e+00
7.052654192447917580e+01 1.971462772725989909e+00
7.153130056015626792e+01 1.971650084051853824e+00
7.254317360120442970e+01 1.971368321122579648e+00
7.353905085501303063e+01 1.971367790495594186e+00
7.454199601481120396e+01 1.971158723463326767e+00
7.556261093958333674e+01 1.971012801042328011e+00
7.652231167457681238e+01 1.971404934384575869e+00
7.752939527932943520e+01 1.971450568305324502e+00
7.853317742799480072e+01 1.971207541145987951e+00
7.954286499811199462e+01 1.971183662931642822e+00
8.055678401194661831e+01 1.971013331669313473e+00
