# User			Meike Reginka
# Sample		2020_0446_1
# State			after FC
# Profile		mere_beads_forc.txt
# Comment
# ML
# 
# Meas. type 		FORC
# angle (deg)		 0.000
# Hmin (kA/m)		-80.000
# Hmax (kA/m)		80.000
# pts./branch		161
# time/pt. (s)		 0.020
# dt (s)		 0.020
# nCycles		5
# Hstop (kA/m)		 0.000
# wait (s)		60.000
# nSched		5
# nMinorLoops		10
# nX			2
# nY			2
# dx (mm)		 0.250
# dy (mm)		 0.250
# avg. raster		no average raster
# Number			19
# ID			310333
# -----------------------------------------------
# H (kA/m) 	 I (arb.u.)
8.163217520813802253e+01 1.971739229385409464e+00
8.075756834130859829e+01 1.971868702369859339e+00
7.984278600885417632e+01 1.971694656718631755e+00
7.889019967923178456e+01 1.971879845536554043e+00
7.790492428440755646e+01 1.971607103266032501e+00
7.691244148544922155e+01 1.971866049234932250e+00
7.592377163577472743e+01 1.971982256544746015e+00
7.495212055973307486e+01 1.971959970211356605e+00
7.394247948899737821e+01 1.972179649783333266e+00
7.293172243310549163e+01 1.971887804941335531e+00
7.192598731041667293e+01 1.971985440306658566e+00
7.091843871184896386e+01 1.971958378330400663e+00
6.990103224440103702e+01 1.971768944496594900e+00
6.888464876334636244e+01 1.971929724473186374e+00
6.787672816972656165e+01 1.971939806385909932e+00
6.687364351178385391e+01 1.972010379774974398e+00
6.586442093548177468e+01 1.971826782838008940e+00
6.490406920914713851e+01 1.971860742965077407e+00
6.387624688024089181e+01 1.971894703092146317e+00
6.287037225940756002e+01 1.971624083329566846e+00
6.185496526536459783e+01 1.971948296417677104e+00
6.084662617731120804e+01 1.971961562092312992e+00
5.983317215729167060e+01 1.971810864028445298e+00
5.881692817438152332e+01 1.971702085496428003e+00
5.780407864632161363e+01 1.971945643282750016e+00
5.680782939746094939e+01 1.971734984369525989e+00
5.579330589166667664e+01 1.971776373274391148e+00
5.478682677887369579e+01 1.971648492170897660e+00
5.381805866448568310e+01 1.971986501560629712e+00
5.279307279785157903e+01 1.971879314909568137e+00
5.179245260712890797e+01 1.971859681711106704e+00
5.078206754628907049e+01 1.971670247877300941e+00
4.977596042854818847e+01 1.971585347559628776e+00
4.875980944440104281e+01 1.971521141694389190e+00
4.774668092005208564e+01 1.971724902456802431e+00
4.673057643528645855e+01 1.971740290639380611e+00
4.572037737197265983e+01 1.971890458076263286e+00
4.472161715651042613e+01 1.972362185466328244e+00
4.371653302516276085e+01 1.972029482346451035e+00
4.273302460683593296e+01 1.972072463132272580e+00
4.172170955836588746e+01 1.971812455909401685e+00
4.070681405751953719e+01 1.971697309853559066e+00
3.969108156780599472e+01 1.971931846981127778e+00
3.868832240553385304e+01 1.971662819099504693e+00
3.741707581442057773e+01 1.971912744409651808e+00
3.639678638531901100e+01 1.971765230107696443e+00
3.539579419954426953e+01 1.971610287027945052e+00
3.437499327724609799e+01 1.971683513551937272e+00
3.337153662425130562e+01 1.971611348281916198e+00
3.239225964964192883e+01 1.971896294973102925e+00
3.136969175084635708e+01 1.971761515718798652e+00
3.036962955270182718e+01 1.971775842647405685e+00
2.934627116442057115e+01 1.971628328345450543e+00
2.808669591806640398e+01 1.971883029298466372e+00
2.706529050380859758e+01 1.971973235885993381e+00
2.604639605615234998e+01 1.972023645449611173e+00
2.503461601386719337e+01 1.972111198902210205e+00
2.402636992457683007e+01 1.971828374718965327e+00
2.300091906412761134e+01 1.971942990147822705e+00
2.200959874970703467e+01 1.971918581306491891e+00
2.073681767900391293e+01 1.971860742965077407e+00
1.971118082102864832e+01 1.971533346115054819e+00
1.870126075400391130e+01 1.971563061226239810e+00
1.768869022223307752e+01 1.971826782838008940e+00
1.667137675354818072e+01 1.971744005028278623e+00
1.564820436279297411e+01 1.971634695869275866e+00
1.463781930195312952e+01 1.971721188067904640e+00
1.338122001601562694e+01 1.971572081884992445e+00
1.235925660917969182e+01 1.971817762179256306e+00
1.139537092985026412e+01 1.971631512107363093e+00
1.037959194075521197e+01 1.971401219995677412e+00
9.377762766113283632e+00 1.971501508495927757e+00
8.373190127962244489e+00 1.971368851749565110e+00
7.118869311718751369e+00 1.971569428750065356e+00
6.099788866536460574e+00 1.972190262323042509e+00
5.086055850227865882e+00 1.972007196013062291e+00
4.087714129199219393e+00 1.972095810719632469e+00
3.070772655566407217e+00 1.971599143861250569e+00
2.067130005045573427e+00 1.971977480901876634e+00
8.403833220377605606e-01 1.971716943052020499e+00
-1.830680650065104331e-01 1.971507345392768062e+00
-1.191174656152343969e+00 1.971497263480044060e+00
-2.206023657617188327e+00 1.971457997083120750e+00
-3.199436444205729924e+00 1.971584816932643536e+00
-4.216098921549479961e+00 1.971673431639213936e+00
-5.474093188932292797e+00 1.971506284138796694e+00
-6.486617221321616000e+00 1.971496202226073358e+00
-7.490864363802085535e+00 1.971820945941169079e+00
-8.498877956184898608e+00 1.971509467900709467e+00
-9.508472527539064245e+00 1.971710044901209491e+00
-1.072475684970703469e+01 1.971606042012061355e+00
-1.174104733199869877e+01 1.971457466456135510e+00
-1.273985404684245104e+01 1.971129538979126794e+00
-1.374861162932943159e+01 1.971078598788523539e+00
-1.475732271243489890e+01 1.970805856518002219e+00
-1.576082586481120273e+01 1.970435478882158087e+00
-1.677753484153646468e+01 1.970013099801739109e+00
-1.803311114108073454e+01 1.968840944790878567e+00
-1.904661166048177634e+01 1.968246111940188614e+00
-2.004295390810547417e+01 1.967394986255525557e+00
-2.101334950084635977e+01 1.966635659039345674e+00
-2.201889862600911840e+01 1.965825391632562757e+00
-2.303221314788412144e+01 1.964962061527234738e+00
-2.429020741526693072e+01 1.964036648064609203e+00
-2.529617503486328545e+01 1.963368588689927252e+00
-2.631613896829427546e+01 1.962497829806802763e+00
-2.733103446914062928e+01 1.961389350034196788e+00
-2.834885943102213446e+01 1.960725535675397868e+00
-2.935352506793619298e+01 1.959816571649320993e+00
-3.037316350569661338e+01 1.959204758735096252e+00
-3.135541644072266365e+01 1.958638049114635571e+00
-3.261759565244140191e+01 1.957925417073175245e+00
-3.365057941269530772e+01 1.956881673792794096e+00
-3.468123820387369705e+01 1.956533051863353023e+00
-3.568753131914062493e+01 1.955754091448711707e+00
-3.669377793502604135e+01 1.955467022249583131e+00
-3.772160026393229515e+01 1.955038275645338830e+00
-3.871496655113932661e+01 1.954557527596520572e+00
-3.973130353281250393e+01 1.953982327944292052e+00
-4.074313007447916846e+01 1.953758403356431916e+00
-4.174495924912110212e+01 1.953271818410773797e+00
-4.297058994697265177e+01 1.952548043202618988e+00
-4.398436946266276237e+01 1.952377711940289418e+00
-4.499122057050781365e+01 1.951843901192926056e+00
-4.598765581689453086e+01 1.951367928786977179e+00
-4.700213282330729925e+01 1.951105799056164436e+00
-4.800600797073568060e+01 1.950439862189424112e+00
-4.901374256682943553e+01 1.950494516768925379e+00
-5.003035854479166034e+01 1.949830171783141441e+00
-5.103567517304688295e+01 1.949720331997153000e+00
-5.204154979388021474e+01 1.949392404520144728e+00
-5.301366586373698198e+01 1.948810306717105867e+00
-5.401782000745441792e+01 1.948596994668954752e+00
-5.501639422539062707e+01 1.948443112843174063e+00
-5.601971138024088503e+01 1.948017019373857295e+00
-5.702195904931641479e+01 1.948003753699221186e+00
-5.803308810026042153e+01 1.947807952341589655e+00
-5.905170355162761098e+01 1.948011713104002673e+00
-6.030211841982423238e+01 1.947921506516476331e+00
-6.130883002952473504e+01 1.947495943674145025e+00
-6.230484678147786326e+01 1.947335163697553329e+00
-6.330407199075520452e+01 1.947411573983458100e+00
-6.332262524397786052e+01 1.947415288372356335e+00
-6.246378166748046823e+01 1.947486392388406928e+00
-6.154918533255209212e+01 1.947516638126577382e+00
-6.062947406565755415e+01 1.947382920126244032e+00
-5.946433906315104423e+01 1.947390348904040280e+00
-5.851491469147136115e+01 1.947509209348781134e+00
-5.756841978082682232e+01 1.947695459420674347e+00
-5.661388047718097738e+01 1.947924690278388882e+00
-5.565943417229817669e+01 1.947573415214020720e+00
-5.470642934824218173e+01 1.947477902356639534e+00
-5.374593812376303248e+01 1.947504964332897659e+00
-5.278177344814453420e+01 1.947523005650402927e+00
-5.184564789957681796e+01 1.947502841824955810e+00
-5.088134372581379949e+01 1.947664152428532525e+00
-4.990959965100912399e+01 1.947937955953025213e+00
-4.892344076793619934e+01 1.947804237952691642e+00
-4.794593076982422275e+01 1.947725705158845022e+00
-4.696028337994791713e+01 1.947724113277888636e+00
-4.597914643007813140e+01 1.947778237230404663e+00
-4.498857010576171689e+01 1.947987304262672303e+00
-4.400422469856771812e+01 1.948055755143795142e+00
-4.276194722213541866e+01 1.947775053468491668e+00
-4.180861690240885764e+01 1.948131634802714673e+00
-4.082557347789713731e+01 1.947955997270530482e+00
-3.983220719069010585e+01 1.947968732318181573e+00
-3.884032888369141290e+01 1.947857831278221985e+00
-3.785124053958333690e+01 1.947899750810072605e+00
-3.684685389895833652e+01 1.947616926626827727e+00
-3.585348761175130505e+01 1.947756481524000938e+00
-3.485226292906901335e+01 1.947531495682170322e+00
-3.385373521051432277e+01 1.947642396722129465e+00
-3.260797028046874857e+01 1.947967140437224742e+00
-3.158958732600910935e+01 1.948200085683837735e+00
-3.064081394567057259e+01 1.948473358581344517e+00
-2.964893563867187964e+01 1.948428785914567030e+00
-2.863873657535807737e+01 1.948577361470492875e+00
-2.763774438958333235e+01 1.948767856558269784e+00
-2.662717333121744545e+01 1.948651649248456241e+00
-2.561962473264974349e+01 1.948383682620803414e+00
-2.437279031682943398e+01 1.948543401343424186e+00
-2.335236138958333640e+01 1.948713732605753535e+00
-2.234825374524740127e+01 1.948959943527002636e+00
-2.132894080315755403e+01 1.948818266121887355e+00
-2.034380490647787099e+01 1.948332742430200604e+00
-1.932630544026693542e+01 1.948812959852033178e+00
-1.806984565247396546e+01 1.948855410010869038e+00
-1.705011421595052568e+01 1.949092069646379599e+00
-1.603312624293620203e+01 1.949577062711081554e+00
-1.501995121920573162e+01 1.949556898885634659e+00
-1.400989165403646020e+01 1.949729352655905856e+00
-1.299894860061849045e+01 1.949591920266674494e+00
-1.199149300081380431e+01 1.949875805703890297e+00
-1.073070877054036742e+01 1.950336920554246234e+00
-9.753989261914066233e+00 1.950708359444061957e+00
-8.754299058821615631e+00 1.950899385158824551e+00
-7.744890484993492308e+00 1.951529239390553672e+00
-6.738736867871094383e+00 1.952307669178209970e+00
-5.486880518847657484e+00 1.953143406680294625e+00
-4.463475631184897985e+00 1.954105964031902065e+00
-3.454113556738282576e+00 1.955151299193239822e+00
-2.452237882714844552e+00 1.956312841664391122e+00
-1.446735256933594060e+00 1.957127354087057514e+00
-4.304447746419272081e-01 1.958068155732261451e+00
8.328039228515626835e-01 1.959029651829897745e+00
1.819148803450520990e+00 1.959463704703996001e+00
2.811399105501302564e+00 1.960125927181838534e+00
3.828061582845053046e+00 1.960930357691781811e+00
4.835517182649741841e+00 1.961592580169623901e+00
5.838834337500000693e+00 1.962052633766009579e+00
7.095061628385419539e+00 1.962376316227134598e+00
8.108887643457032723e+00 1.962875636220443587e+00
9.107368862630210060e+00 1.963253973261069651e+00
1.011408047233073404e+01 1.963978279096209478e+00
1.112669750348307574e+01 1.964967898424074821e+00
1.209620960797526301e+01 1.965539914314390346e+00
1.334360201637370125e+01 1.966119358982502341e+00
1.435961350237630541e+01 1.967231022517021533e+00
1.536227966588542238e+01 1.967684177962595982e+00
1.638642854365234669e+01 1.968327297868962766e+00
1.739030369108073515e+01 1.969083971950215117e+00
1.839892177542318308e+01 1.969332836006391751e+00
1.941093431461588992e+01 1.969852319825147635e+00
2.065976820384115342e+01 1.970140450278247135e+00
2.168173161067708676e+01 1.970516134183946111e+00
2.264124634814453429e+01 1.970910920661121501e+00
2.364730696650390840e+01 1.971002188502618768e+00
2.465434407187500199e+01 1.971062149351974657e+00
2.566803058880208255e+01 1.971118926439417995e+00
2.668120561253255119e+01 1.971234603122246076e+00
2.794459380817057337e+01 1.971512121035637000e+00
2.896572022613932518e+01 1.971246276915926021e+00
2.997340832285156154e+01 1.971597021353309165e+00
3.100044016227213461e+01 1.971469140249815233e+00
3.201775363095703142e+01 1.971381056170230739e+00
3.302497673385416732e+01 1.971603388877134710e+00
3.402792189365234066e+01 1.971557224329399949e+00
3.506197513968098889e+01 1.972092096330734012e+00
3.607956760465494739e+01 1.972000828489236968e+00
3.733077296233724240e+01 1.972382879918760823e+00
3.835878128876953497e+01 1.972244916902543999e+00
3.937530426796875105e+01 1.971927601965244525e+00
4.038229487395833672e+01 1.972049115544912468e+00
4.139170344778646182e+01 1.971880376163539283e+00
4.239232363850911156e+01 1.971833150361834264e+00
4.341865798720704106e+01 1.971671309131272087e+00
4.438621711767578404e+01 1.971815639671314457e+00
4.538939477438151471e+01 1.971824129703081852e+00
4.639550189212240383e+01 1.971925479457302677e+00
4.741021139544272245e+01 1.971937153250982622e+00
4.842882684680989769e+01 1.971669717250315701e+00
4.943995589775391153e+01 1.971833150361834486e+00
5.043611214785156704e+01 1.971845354782499449e+00
5.144928717158202858e+01 1.971816170298299697e+00
5.245730076396483810e+01 1.971558285583371095e+00
5.346945280130208999e+01 1.971435710749731784e+00
5.445035725426433260e+01 1.971714820544078650e+00
5.545251192457682521e+01 1.971989685322541819e+00
5.645666606829427536e+01 1.971866579861917934e+00
5.745830924541016316e+01 1.971814578417343533e+00
5.846650883531901144e+01 1.971759923837842265e+00
5.947917236585286815e+01 1.971700493615471617e+00
6.048588397555338503e+01 1.971942459520837021e+00
6.149640853453776401e+01 1.971887274314350513e+00
6.250191116031901828e+01 1.971823599076095945e+00
6.351727165498047611e+01 1.971594368218381632e+00
6.453704959088541671e+01 1.972441248887160548e+00
6.548870593287760755e+01 1.972344674775808659e+00
6.649165109267578089e+01 1.971970052124080386e+00
6.749999018072917067e+01 1.971783802052187617e+00
6.850223784980470043e+01 1.971568367496094654e+00
6.950564800341797422e+01 1.971659635337592142e+00
7.052821590221354597e+01 1.971834742242790872e+00
7.152981257994791520e+01 1.971850661052354070e+00
7.253936065192057470e+01 1.971664941607446542e+00
7.353593539645181920e+01 1.971318972812932557e+00
7.453720657851562237e+01 1.971517427305491399e+00
7.555903048720703907e+01 1.971642124647072114e+00
7.652263717024739265e+01 1.971645839035970127e+00
7.752632632014974945e+01 1.971628858972435783e+00
7.852206407581381598e+01 1.971758331956885657e+00
7.952393974983725400e+01 1.971681391043995424e+00
8.054367118636066891e+01 1.971937153250982622e+00
