# User			Meike Reginka
# Sample		2020_0446_1
# State			after FC
# Profile		mere_beads_forc.txt
# Comment
# ML
# 
# Meas. type 		FORC
# angle (deg)		 0.000
# Hmin (kA/m)		-80.000
# Hmax (kA/m)		80.000
# pts./branch		161
# time/pt. (s)		 0.020
# dt (s)		 0.020
# nCycles		5
# Hstop (kA/m)		 0.000
# wait (s)		60.000
# nSched		5
# nMinorLoops		10
# nX			2
# nY			2
# dx (mm)		 0.250
# dy (mm)		 0.250
# avg. raster		no average raster
# Number			39
# ID			310353
# -----------------------------------------------
# H (kA/m) 	 I (arb.u.)
8.157832892434896621e+01 1.971207541145988174e+00
8.070479154329427729e+01 1.971521141694389634e+00
7.978442928505860721e+01 1.971178356661788200e+00
7.883593490100912504e+01 1.971521141694389190e+00
7.785986638372395419e+01 1.971354524820957854e+00
7.686143166393230786e+01 1.971478160908567645e+00
7.587545877838540775e+01 1.971396444352808475e+00
7.489869277037760753e+01 1.971677676655097189e+00
7.388965619160154574e+01 1.972035849870276358e+00
7.288387456953125820e+01 1.971888335568321216e+00
7.187228052477212259e+01 1.971848538544412222e+00
7.086291845032552317e+01 1.972062381219548799e+00
6.986411173548177089e+01 1.971739760012394926e+00
6.883787038554687854e+01 1.971788577695056333e+00
6.782692733212891767e+01 1.971832089107863339e+00
6.682463316367186223e+01 1.971480283416509494e+00
6.582364097789711366e+01 1.971618246432726984e+00
6.485552385485026150e+01 1.971517957932476639e+00
6.382570205253907147e+01 1.971433588241790380e+00
6.282661634140625040e+01 1.971442608900542570e+00
6.181925374036458720e+01 1.971379464289274130e+00
6.080519522838541491e+01 1.971380525543244833e+00
5.979918110940755582e+01 1.971527509218214735e+00
5.877745019947916916e+01 1.971344973535219758e+00
5.777311005823567314e+01 1.971400158741706710e+00
5.676918841142577321e+01 1.971383709305157828e+00
5.575815235924478941e+01 1.971305176511311208e+00
5.474883678417968724e+01 1.971459588964077358e+00
5.378750857083333869e+01 1.971209133026944560e+00
5.277424054833984712e+01 1.970937982637379626e+00
5.175850805862631177e+01 1.971196397979293913e+00
5.074863449098307910e+01 1.971279706416009248e+00
4.975006027304688416e+01 1.971385831813099676e+00
4.873330479694010364e+01 1.971777434528362072e+00
4.770883042350260439e+01 1.971264318233431290e+00
4.670253730823567651e+01 1.971245746288940559e+00
4.569917365400390707e+01 1.971274400146154848e+00
4.468367366119792194e+01 1.971191622336424532e+00
4.369821226884766219e+01 1.971690411702748280e+00
4.269684808802082898e+01 1.971203826757090161e+00
4.168878799625650799e+01 1.971386362440084916e+00
4.068519184511719544e+01 1.971468609622829993e+00
3.966983135045572340e+01 1.971243093154013026e+00
3.865800480878906598e+01 1.971365667987652559e+00
3.738968767871093490e+01 1.971181540423701195e+00
3.638041860302734420e+01 1.971257950709605966e+00
3.536398862259114395e+01 1.971232480614304450e+00
3.435509154195963788e+01 1.971416077551269908e+00
3.335377386051432325e+01 1.971735514996511673e+00
3.237589186735026203e+01 1.971471262757757303e+00
3.135346346669922468e+01 1.971580571916759839e+00
3.034303190647786508e+01 1.971410771281415952e+00
2.933115886542968909e+01 1.971453221440251369e+00
2.807902352011718961e+01 1.971458527710106212e+00
2.704822523079427654e+01 1.971597551980294405e+00
2.603016777200521403e+01 1.971349749178088917e+00
2.502089869632162333e+01 1.971361953598754102e+00
2.401409408785807642e+01 1.971250521931809718e+00
2.296432405087891482e+01 1.971108313899708975e+00
2.198779053977865061e+01 1.971106722018752366e+00
2.072049639609375404e+01 1.971013331669313251e+00
1.969318556038412282e+01 1.971120518320374160e+00
1.868140551809896266e+01 1.971066394367858354e+00
1.766967197519531751e+01 1.971041454899542078e+00
1.665668294899088764e+01 1.971165090987152091e+00
1.563541703287760676e+01 1.971337544757423288e+00
1.462898441946614980e+01 1.971378933662288890e+00
1.337317562301432794e+01 1.971368851749565110e+00
1.235442067350260942e+01 1.971590653829483175e+00
1.138588505602213807e+01 1.971221337447610189e+00
1.037559299394531642e+01 1.971460119591062821e+00
9.364045448567711816e+00 1.971322156574845330e+00
8.358449824023441721e+00 1.971359831090812254e+00
7.120915284505210607e+00 1.971518488559462101e+00
6.098765880143230511e+00 1.971344973535219758e+00
5.075686488151042397e+00 1.971310482781165607e+00
4.078972245475261715e+00 1.971351341059045303e+00
3.079328541764324356e+00 1.971541305519836529e+00
2.074430407942708943e+00 1.971582694424701687e+00
8.452657570963542089e-01 1.971457466456135066e+00
-1.764651528320312635e-01 1.971304115257340506e+00
-1.181781781087239969e+00 1.971389546201997689e+00
-2.190353366048177985e+00 1.971541305519836307e+00
-3.200691927506511103e+00 1.971404403757590407e+00
-4.203776585449220171e+00 1.971623552702581383e+00
-5.465630301497397703e+00 1.971413424416343041e+00
-6.472946403157553874e+00 1.971235664376217223e+00
-7.478123533268231427e+00 1.971300400868442271e+00
-8.489438581738284029e+00 1.971348157297132309e+00
-9.488059299055993989e+00 1.971263256979460365e+00
-1.070462261751302258e+01 1.971027658597920285e+00
-1.171603066474609633e+01 1.970837163510143597e+00
-1.272948468476562667e+01 1.970764998240122301e+00
-1.373959074931640956e+01 1.970464663366357172e+00
-1.473146905631510961e+01 1.970338904770805755e+00
-1.575282797119141165e+01 1.969737704396290257e+00
-1.675874909140625491e+01 1.969428348863772715e+00
-1.800470001897787142e+01 1.968569263774327727e+00
-1.901308560641276912e+01 1.967836998534405968e+00
-2.002128519632162096e+01 1.967116407088163932e+00
-2.097824246780599466e+01 1.966067357537928606e+00
-2.199053400328776320e+01 1.965025206138503400e+00
-2.299943108391927638e+01 1.964424005763987680e+00
-2.425779734635417384e+01 1.963499653555333513e+00
-2.525906852841796990e+01 1.962712203108924802e+00
-2.627786997731120167e+01 1.962367295568381964e+00
-2.728881303072917319e+01 1.961336287335651241e+00
-2.830249954765624310e+01 1.960374791238015169e+00
-2.931465158499348789e+01 1.960037312475268356e+00
-3.032378116253255484e+01 1.959214310020834793e+00
-3.130770807529297173e+01 1.958417838915673448e+00
-3.257556021155598813e+01 1.957723778818704297e+00
-3.360338254046224904e+01 1.957241969515914892e+00
-3.462450895843098664e+01 1.956650851054122953e+00
-3.564251991783854123e+01 1.956276759029380585e+00
-3.665546244466145254e+01 1.955955729703183099e+00
-3.766756798261718586e+01 1.955574739527629724e+00
-3.867214062076823211e+01 1.954703980644505013e+00
-3.968499014882812759e+01 1.954031145626953681e+00
-4.069021377832031305e+01 1.953284553458424888e+00
-4.169446092080078614e+01 1.952900379520958296e+00
-4.291330270895182508e+01 1.952614902202785663e+00
-4.294399230074870388e+01 1.952352241844987901e+00
-4.185892923320312775e+01 1.952399467646692699e+00
-4.092819761289062086e+01 1.952540083797837056e+00
-3.999174656865234567e+01 1.952347466202118742e+00
-3.905459803369140559e+01 1.952502409281870133e+00
-3.810740563232422318e+01 1.952611187813887872e+00
-3.714849538681640695e+01 1.952517266837463072e+00
-3.618805066171875495e+01 1.952378242567274658e+00
-3.522648995146484907e+01 1.952565023266153332e+00
-3.426409225234375100e+01 1.952844133060500642e+00
-3.329034870413411085e+01 1.953322758601376608e+00
-3.208043479723306746e+01 1.953144998561251233e+00
-3.113924081608073635e+01 1.953314268569609657e+00
-3.017935408356119709e+01 1.953649624824414621e+00
-2.919235821162109445e+01 1.953488844847822925e+00
-2.821182575371093648e+01 1.953746198935766731e+00
-2.723412975807292113e+01 1.953960041610903309e+00
-2.624485541643880637e+01 1.954610059668080213e+00
-2.524511871396484963e+01 1.954861046232198252e+00
-2.400921165279948610e+01 1.954755982089078969e+00
-2.301984431240234841e+01 1.954795248486002279e+00
-2.202554803756510537e+01 1.955125829097938528e+00
-2.101781344147136110e+01 1.954952314073696407e+00
-2.006801707473958984e+01 1.955078603296232842e+00
-1.906679239205729814e+01 1.955280772177689919e+00
-1.782330593170573252e+01 1.955786459694824009e+00
-1.681901228984375507e+01 1.955816174806009444e+00
-1.581532313994141070e+01 1.956162674227508447e+00
-1.481456345107422123e+01 1.956447090291710156e+00
-1.381403625911458732e+01 1.956846652411754484e+00
-1.280834763580729430e+01 1.957260010833420383e+00
-1.181242388261718901e+01 1.957461118460906313e+00
-1.055233714306640991e+01 1.957827781707852211e+00
-9.603238267057292887e+00 1.958373266248895295e+00
-8.592667208691409542e+00 1.958735153852972921e+00
-7.600602904166668061e+00 1.959126756568235095e+00
-6.595797769108074249e+00 1.959343783005284667e+00
-5.346917380501302830e+00 1.960001760467243059e+00
-4.337183311002605457e+00 1.960198092451859608e+00
-3.334145152441406967e+00 1.961033299326958801e+00
-2.329386516764323733e+00 1.961404207589789284e+00
-1.324860377994792060e+00 1.961581967629915102e+00
-3.116388548828126215e-01 1.961937487710166739e+00
9.234312174153647135e-01 1.962491992909962679e+00
1.917355497200521341e+00 1.962565219433954899e+00
2.923230118033854907e+00 1.962980169736577185e+00
3.928918741341147047e+00 1.962991843530257130e+00
4.926934966699220375e+00 1.963415283864646810e+00
5.941039978059897031e+00 1.963580839484107221e+00
7.193128823990886822e+00 1.964014361731220681e+00
8.201049417610679626e+00 1.964362983660661088e+00
9.199065642968752954e+00 1.964930223908107898e+00
1.020526575947265790e+01 1.965216231853265327e+00
1.121653430856120082e+01 1.965895434394642427e+00
1.217842051448568164e+01 1.966604882674189758e+00
1.342190697483724193e+01 1.967343515437936619e+00
1.443736046826172270e+01 1.968346931067424199e+00
1.544649004580078433e+01 1.968930620751419669e+00
1.645738659983724617e+01 1.969792889602776986e+00
1.746349371757812818e+01 1.969918117571343608e+00
1.847332078583984583e+01 1.969963220865106779e+00
1.948189237080078584e+01 1.970330414739038360e+00
2.073026126621094178e+01 1.970624382088977944e+00
2.174794672994791966e+01 1.971020760447109943e+00
2.270806595937500205e+01 1.971367790495594408e+00
2.370868615009766245e+01 1.971303584630354822e+00
2.471990819980469212e+01 1.971129008352141332e+00
2.571955190351562948e+01 1.971020229820124037e+00
2.673263392848307518e+01 1.971127416471185390e+00
2.800680998063151250e+01 1.971050475558294712e+00
2.901942701178385420e+01 1.970918880065903211e+00
3.003436901201171949e+01 1.971002188502619212e+00
3.104340559078775641e+01 1.971071170010727291e+00
3.207220440670572970e+01 1.971235133749231538e+00
3.306398971494140682e+01 1.971024474836007956e+00
3.407423527763671700e+01 1.970960799597753610e+00
3.510001163375650890e+01 1.971230888733347841e+00
3.614034229628906303e+01 1.971072231264698438e+00
3.739019917190755393e+01 1.971171458510977192e+00
3.840816363193360417e+01 1.971557754956385411e+00
3.941910668535156503e+01 1.971165621614137553e+00
4.042195884638672254e+01 1.971114150796549058e+00
4.143852832496745009e+01 1.971104599510810518e+00
4.244314746250000780e+01 1.970813285295798467e+00
4.345804296334635808e+01 1.970585646319040096e+00
4.442639258330078178e+01 1.970965044613637307e+00
4.543831212373046924e+01 1.971375749900375896e+00
4.643284089547526605e+01 1.971337014130437826e+00
4.745266533076172522e+01 1.971247868796882630e+00
4.846328288850911292e+01 1.971098231986985416e+00
4.947273796171874949e+01 1.971045169288440535e+00
5.047396264440104119e+01 1.971136437129938024e+00
5.148820715390625224e+01 1.970993167843866134e+00
5.249891771041666289e+01 1.970941166399292177e+00
5.350483883063152746e+01 1.971135375875967100e+00
5.447662940481771443e+01 1.971691472956718982e+00
5.547143717285156583e+01 1.971352932940001912e+00
5.647442883203124353e+01 1.971143335280748587e+00
5.748416290152994179e+01 1.971027658597920285e+00
5.848543408359375206e+01 1.971152886566486906e+00
5.949405216793619644e+01 1.971132192114054327e+00
6.050611120651042540e+01 1.971164560360166851e+00
6.150552241331379832e+01 1.971281298296965634e+00
6.251507048528645782e+01 1.971123171455301248e+00
6.352392106653644532e+01 1.970928961978626548e+00
6.454272251542968775e+01 1.970596789485734579e+00
6.549781981165364186e+01 1.970598381366690965e+00
6.650522891207681653e+01 1.970484296564819049e+00
6.750226865042318991e+01 1.970875368653095983e+00
6.850642279414061875e+01 1.970731038113053391e+00
6.951178592177734572e+01 1.970384008064568704e+00
7.052928538798828129e+01 1.970415845683695766e+00
7.152865009541015695e+01 1.970530461112553144e+00
7.253963964820964350e+01 1.970489602834673448e+00
7.353077396510417429e+01 1.970502868509309780e+00
7.453190564902342885e+01 1.970445030167895739e+00
7.554405768636068785e+01 1.970849898557794466e+00
7.650733887373046116e+01 1.970552747445942332e+00
7.751339949208984592e+01 1.971115742677505445e+00
7.850932324527995831e+01 1.971127947098170630e+00
7.952300976220703888e+01 1.971075415026611211e+00
8.053227883789062957e+01 1.971160315344283154e+00
