# User			Meike Reginka
# Sample		2020_0446_1
# State			after FC
# Profile		mere_beads_forc.txt
# Comment
# ML
# 
# Meas. type 		FORC
# angle (deg)		 0.000
# Hmin (kA/m)		-80.000
# Hmax (kA/m)		80.000
# pts./branch		161
# time/pt. (s)		 0.020
# dt (s)		 0.020
# nCycles		5
# Hstop (kA/m)		 0.000
# wait (s)		60.000
# nSched		5
# nMinorLoops		10
# nX			2
# nY			2
# dx (mm)		 0.250
# dy (mm)		 0.250
# avg. raster		no average raster
# Number			58
# ID			310372
# -----------------------------------------------
# H (kA/m) 	 I (arb.u.)
8.158074689218750564e+01 1.972727256832318421e+00
8.071571889794921617e+01 1.972612641403461486e+00
7.978359229619141502e+01 1.972419493180757044e+00
7.883123846347655217e+01 1.972475209014229236e+00
7.785749491526692623e+01 1.972421615688698671e+00
7.685761871464845285e+01 1.972366430482211941e+00
7.587555177714841648e+01 1.972670479744875083e+00
7.490176172955730749e+01 1.972513944784167084e+00
7.389505011985677640e+01 1.972561170585872548e+00
7.288954749407552924e+01 1.972245978156514701e+00
7.187809294746094224e+01 1.972376512394935721e+00
7.087635677158202441e+01 1.972365369228241239e+00
6.985988029176432690e+01 1.972527741085788877e+00
6.883986985895182897e+01 1.972334062236099417e+00
6.783669220224609830e+01 1.972441779514146010e+00
6.682556315130209157e+01 1.972542598641381595e+00
6.581987452799478433e+01 1.972860974832651992e+00
6.484887444329427808e+01 1.972846117277059053e+00
6.383272345914713242e+01 1.972971345245625230e+00
6.283001079625651641e+01 1.972574436260508435e+00
6.181534779231770926e+01 1.972667826609947772e+00
6.080431174013672546e+01 1.972441779514146010e+00
5.978974173496094835e+01 1.972560109331901401e+00
5.877935667412109666e+01 1.972452392053854808e+00
5.777162207802734173e+01 1.972768645737183579e+00
5.676430597636719000e+01 1.972876893642215412e+00
5.574592302190755078e+01 1.972682684165540268e+00
5.474595382252604736e+01 1.973127880206333451e+00
5.377923168092448236e+01 1.972712399276725481e+00
5.276405718378907039e+01 1.972831259721466779e+00
5.175567159635417624e+01 1.972824892197641233e+00
5.075444691367188454e+01 1.972655622189282587e+00
4.975066476500651902e+01 1.972642887141631718e+00
4.873242130869141420e+01 1.972410472522004632e+00
4.770683095009765395e+01 1.972559048077930699e+00
4.670411828720703085e+01 1.972372798006037486e+00
4.569815066761067612e+01 1.972700194856060296e+00
4.468097669707032082e+01 1.972446024530029707e+00
4.369351583131509642e+01 1.972659336578180600e+00
4.269801057255858723e+01 1.972441779514146010e+00
4.168413805810547501e+01 1.972507046633356298e+00
4.067900742737629827e+01 1.972278346402627225e+00
3.966611139993489132e+01 1.972579742530363278e+00
3.866395672962239871e+01 1.972949589539221948e+00
3.738517723870442921e+01 1.973005835999679825e+00
3.638390605664062605e+01 1.972613172030446727e+00
3.536315163372395176e+01 1.972570721871610422e+00
3.435518454072265371e+01 1.972967630856727217e+00
3.334786843906250198e+01 1.972691704824293346e+00
3.238300627272135301e+01 1.972450800172898644e+00
3.135197548649088617e+01 1.972588232562130450e+00
3.034210191884766061e+01 1.972581865038304905e+00
2.933111236604817407e+01 1.972880077404127963e+00
2.805879628916015989e+01 1.972477862149156325e+00
2.704892272151693078e+01 1.972567007482712187e+00
2.603542220211588898e+01 1.972546313030279608e+00
2.502466514622395977e+01 1.972123403322875834e+00
2.400688668372396251e+01 1.972188139815100660e+00
2.295827913128255560e+01 1.972061319965578097e+00
2.198765104163412332e+01 1.972345205402793900e+00
2.071882241835938032e+01 1.972196629846867610e+00
1.968904711542969110e+01 1.972091565703748772e+00
1.869103089007161600e+01 1.972236957497762067e+00
1.768245930511067954e+01 1.972337245998012412e+00
1.665556696383464086e+01 1.972175404767449791e+00
1.563899748525390976e+01 1.972466188355476824e+00
1.462698494606119937e+01 1.972658805951195138e+00
1.337252463167317984e+01 1.972178588529362564e+00
1.236195357330729472e+01 1.972267733862917982e+00
1.138481557024739921e+01 1.972806320253150281e+00
1.037359352054036776e+01 1.972555333689032242e+00
9.370043868782554242e+00 1.972494311585705651e+00
8.367377705273439048e+00 1.972452922680840492e+00
7.117334832128907607e+00 1.972495372839676353e+00
6.101369845507814027e+00 1.972561170585872548e+00
5.084474871256512429e+00 1.972661459086122449e+00
4.087249135384115384e+00 1.972589824443086615e+00
3.071702643196615234e+00 1.972590355070072299e+00
2.074755903613281660e+00 1.972585048800217455e+00
8.483812156575523122e-01 1.972776605141965511e+00
-1.684207598307291553e-01 1.972720889308492875e+00
-1.171737914680989867e+00 1.972593538831984850e+00
-2.187656401920573312e+00 1.972596191966911938e+00
-3.186323618619792963e+00 1.972585048800217455e+00
-4.198243159049479978e+00 1.972473617133273072e+00
-5.460050375716146931e+00 1.972462473966578589e+00
-6.465506502115886178e+00 1.972677377895685868e+00
-7.465010707682293578e+00 1.972964447094814666e+00
-8.480743197395835153e+00 1.972838688499262805e+00
-9.479549912239587428e+00 1.972686398554438503e+00
-1.069099829873047192e+01 1.972502270990487361e+00
-1.170696328535156283e+01 1.972346266656765046e+00
-1.271423288763021020e+01 1.972015155417843779e+00
-1.372113049485677294e+01 1.972065564981461794e+00
-1.472100669547526586e+01 1.971850130425368608e+00
-1.572790430270182860e+01 1.971350279805074379e+00
-1.674400878746745036e+01 1.970703445509810026e+00
-1.799140119586589037e+01 1.970047059928807798e+00
-1.900545970784505911e+01 1.969397572498616356e+00
-2.001370579713542242e+01 1.969030378624684552e+00
-2.096894259150390738e+01 1.967703280534072396e+00
-2.197811866842448580e+01 1.967084569469036870e+00
-2.298469077998047183e+01 1.966760887007912295e+00
-2.300468551402995487e+01 1.966129440895225899e+00
-2.210715445211589270e+01 1.966564024396310062e+00
-2.117498135097656586e+01 1.966333732284624380e+00
-2.028391370309245190e+01 1.966751866349159661e+00
-1.933574481471354645e+01 1.967032568024462691e+00
-1.838576245045573643e+01 1.967652870970454604e+00
-1.719458779430339135e+01 1.968074188796902879e+00
-1.623595654508464037e+01 1.968295460249835260e+00
-1.526142250738932660e+01 1.968442974551790847e+00
-1.430344224951172194e+01 1.968567141266386322e+00
-1.332458376933593946e+01 1.969087155712127668e+00
-1.235786162773437802e+01 1.969336550395289764e+00
-1.138542006220703406e+01 1.969919178825314532e+00
-1.016071935198567822e+01 1.970285842072261095e+00
-9.218688381966149592e+00 1.970726793097169693e+00
-8.251222250260418889e+00 1.970749079430558881e+00
-7.266504848014324836e+00 1.971177295407817498e+00
-6.284437910514323988e+00 1.971555632448443562e+00
-5.055087262141928051e+00 1.971779026409318236e+00
-4.062511464420573759e+00 1.971900539988986623e+00
-3.076120084440104652e+00 1.972187609188114976e+00
-2.080800823209636441e+00 1.972283652672481624e+00
-1.096594914160156531e+00 1.972248631291442011e+00
-7.821195970052084723e-02 1.972139852759424716e+00
1.123657554199218866e+00 1.972348389164706894e+00
2.110839423665365366e+00 1.972211487402460328e+00
3.104577705924479680e+00 1.972169567870609930e+00
4.103291422005209022e+00 1.972155771568988136e+00
5.098378186328126560e+00 1.972183894799216963e+00
6.099602869010418260e+00 1.972496964720632739e+00
7.334440444401043813e+00 1.972362716093314150e+00
8.336269619042971257e+00 1.972756441316518394e+00
9.345027201529950034e+00 1.972626968332068076e+00
1.033318555800781446e+01 1.972642356514646256e+00
1.134026916276041952e+01 1.972669949117889843e+00
1.230192287177734656e+01 1.972464596474520437e+00
1.354926878079427333e+01 1.972317612799550535e+00
1.455849135709635789e+01 1.972320265934477845e+00
1.556394748349609714e+01 1.972690643570322200e+00
1.656666014638672380e+01 1.972571252498595884e+00
1.758090465589193485e+01 1.973102940738017175e+00
1.856790052783203393e+01 1.972499617855560050e+00
1.958623698291016169e+01 1.972570721871610422e+00
2.082837496119792320e+01 1.972794646459470558e+00
2.184838539401042112e+01 1.972967630856727439e+00
2.280636565188802223e+01 1.972911915023255025e+00
2.380759033457031748e+01 1.973221801182758028e+00
2.480941950921224048e+01 1.972772360126081814e+00
2.581115568509115121e+01 1.972891220570822668e+00
2.683125911666666852e+01 1.973083838166541204e+00
2.809850676097005362e+01 1.972934731983629453e+00
2.911368125810547269e+01 1.973136900865086307e+00
3.012229934244791352e+01 1.973032367348952265e+00
3.113077792864583060e+01 1.973420255675316870e+00
3.216092522662761155e+01 1.972938976999513150e+00
3.314089969195963903e+01 1.972919874428036735e+00
3.415337722496744988e+01 1.972750073792692405e+00
3.518798846357422150e+01 1.972685337300467801e+00
3.621925174671224568e+01 1.972972937126582060e+00
3.747543253821614684e+01 1.973326334698892071e+00
3.848581759905599142e+01 1.973619240794860508e+00
3.949731864505208989e+01 1.973434051976938441e+00
4.050784320403646888e+01 1.973407520627665779e+00
4.150474344423828654e+01 1.973090736317351546e+00
4.251336152858073092e+01 1.973152289047664043e+00
4.353485994160156736e+01 1.973041918634690362e+00
4.450269806835937203e+01 1.973297680841677337e+00
4.549508786855469111e+01 1.973099756976104402e+00
4.650607742135417766e+01 1.973237719992321892e+00
4.751325402486980209e+01 1.973081715658598911e+00
4.852712653932291431e+01 1.973274333254317670e+00
4.954616048512370696e+01 1.973479155270701613e+00
5.053529532861328022e+01 1.973026530452112404e+00
5.154126294820963494e+01 1.973192616698558499e+00
5.255527496080728866e+01 1.973202167984296374e+00
5.355915010823568423e+01 1.973082776912570502e+00
5.452508176035156851e+01 1.973527972953363019e+00
5.554309271975913020e+01 1.973517891040639460e+00
5.653427353603515826e+01 1.973545483643883047e+00
5.754019465624999441e+01 1.973639935247293087e+00
5.852974799417318508e+01 1.973577851889995349e+00
5.955194389791667220e+01 1.973327395952862773e+00
6.056186396494141633e+01 1.973282823286084842e+00
6.156936606412761392e+01 1.973270088238433972e+00
6.256473182473958161e+01 1.972927303205833205e+00
6.357325691031901727e+01 1.973035551110865260e+00
6.459359283880206704e+01 1.973480747151657999e+00
6.554329620677083312e+01 1.973427153826127656e+00
6.655609923544921003e+01 1.973061021206166776e+00
6.754909352760417107e+01 1.973383111786334965e+00
6.855152719420571827e+01 1.972785095173732461e+00
6.956298174082030528e+01 1.972838688499262805e+00
7.057215781774088725e+01 1.972802605864252490e+00
7.157752094537761423e+01 1.972650846546413206e+00
7.257897812496743484e+01 1.972885383673982806e+00
7.357369289423827752e+01 1.972893343078764294e+00
7.457580106516927287e+01 1.973197392341427658e+00
7.558516313961590072e+01 1.973079062523671823e+00
7.654142292037759887e+01 1.972897588094647991e+00
7.755297046575522302e+01 1.972946936404294860e+00
7.854801073069663175e+01 1.972754318808576102e+00
7.955369935400392478e+01 1.972763870094314642e+00
8.056938534433594157e+01 1.972933670729658751e+00
