# User			Meike Reginka
# Sample		2020_0446_1
# State			after FC
# Profile		mere_beads_forc.txt
# Comment
# ML
# 
# Meas. type 		FORC
# angle (deg)		 0.000
# Hmin (kA/m)		-80.000
# Hmax (kA/m)		80.000
# pts./branch		161
# time/pt. (s)		 0.020
# dt (s)		 0.020
# nCycles		5
# Hstop (kA/m)		 0.000
# wait (s)		60.000
# nSched		5
# nMinorLoops		10
# nX			2
# nY			2
# dx (mm)		 0.250
# dy (mm)		 0.250
# avg. raster		no average raster
# Number			52
# ID			310366
# -----------------------------------------------
# H (kA/m) 	 I (arb.u.)
8.157632945094400156e+01 1.971983848425702179e+00
8.070125759029947687e+01 1.971916989425535283e+00
7.978452228382163014e+01 1.972105892632355806e+00
7.882984348203125080e+01 1.972217854926285874e+00
7.785423995856120882e+01 1.972143036521337267e+00
7.686064117444661292e+01 1.972059197457636248e+00
7.587271531487628806e+01 1.971985440306658566e+00
7.490259871842449968e+01 1.972097933227574096e+00
7.389611960563149751e+01 1.972235365616805680e+00
7.287936412952474541e+01 1.972036380497261820e+00
7.187976692519531241e+01 1.972079361283083365e+00
7.086835887796223687e+01 1.971896825600088166e+00
6.985378887278646687e+01 1.971909030020753795e+00
6.884796075133463944e+01 1.971868702369859339e+00
6.783306525048828917e+01 1.971773720139463837e+00
6.682356367789712692e+01 1.971899478735015698e+00
6.582447796676432006e+01 1.971835272869776112e+00
6.485036242350261659e+01 1.971751964433060111e+00
6.382858501419271136e+01 1.972014624790858095e+00
6.282629084573568434e+01 1.971975358393935229e+00
6.181409230901692808e+01 1.971952010806575117e+00
6.080310275621744864e+01 1.971811394655430760e+00
5.979313618981120015e+01 1.971872947385743480e+00
5.877745019947916916e+01 1.972071401878301877e+00
5.776497266647135120e+01 1.971866579861917934e+00
5.676770043121744180e+01 1.971646900289941273e+00
5.575475790439453760e+01 1.971692534210690129e+00
5.474776729840495193e+01 1.971699962988486377e+00
5.378188214567057912e+01 1.971653267813766819e+00
5.276749813802084077e+01 1.971720126813933494e+00
5.175692707965495742e+01 1.971727024964744279e+00
5.074491454046224703e+01 1.971444731408484419e+00
4.974257387262370145e+01 1.971582163797716225e+00
4.872484190950520144e+01 1.971438894511644335e+00
4.770534296988932965e+01 1.971022882955051347e+00
4.671053520185547114e+01 1.971172519764948339e+00
4.569935965152995294e+01 1.971076476280581691e+00
4.468255767604166806e+01 1.971233541868275374e+00
4.369263234306640697e+01 1.971283420804907482e+00
4.269666209049478311e+01 1.971326932217714489e+00
4.168274307666015943e+01 1.971182071050686435e+00
4.067993741500651339e+01 1.971196928606278931e+00
3.966885486344401102e+01 1.971152886566486462e+00
3.865953928837890885e+01 1.971059496217047347e+00
3.738945518180337757e+01 1.971162968479210464e+00
3.637595466240234288e+01 1.971003249756589915e+00
3.536956854837239916e+01 1.971169866630021250e+00
3.435416155432942986e+01 1.971228235598420753e+00
3.334545047122395545e+01 1.971416608178255814e+00
3.237547337291666594e+01 1.971628858972435783e+00
3.135062700442708206e+01 1.971658043456635312e+00
3.034010244544271018e+01 1.971728616845700444e+00
2.933283284316406281e+01 1.971815109044328551e+00
2.806865415804037056e+01 1.971588531321541327e+00
2.704645825429687633e+01 1.971711636782166099e+00
2.602644782148438196e+01 1.971443670154513716e+00
2.501066883238932803e+01 1.971424567583037080e+00
2.400112076041667208e+01 1.971556163075429247e+00
2.295451268138021206e+01 1.971635226496261328e+00
2.198430308616536877e+01 1.971831027853892415e+00
2.071254500185547442e+01 1.971811925282416000e+00
1.969016310058594144e+01 1.971843232274557822e+00
1.868461397542318281e+01 1.971673431639213492e+00
1.767297343128255704e+01 1.971699962988486377e+00
1.665101002444661660e+01 1.971626205837508472e+00
1.563829999453125197e+01 1.971593306964410708e+00
1.462651995224609713e+01 1.971571020631022186e+00
1.337368711621093986e+01 1.971893641838175615e+00
1.235265369700521099e+01 1.971783802052187173e+00
1.138495506839192828e+01 1.971831558480877877e+00
1.037926644508463880e+01 1.971754086941002404e+00
9.368044395377607358e+00 1.972060258711606950e+00
8.361053789388021684e+00 1.972323449696390618e+00
7.106965470052085010e+00 1.972284183299467308e+00
6.099788866536459686e+00 1.972141975267366565e+00
5.075732987532553864e+00 1.972175935394435475e+00
4.084784668164063604e+00 1.972271448251816439e+00
3.074818101757812894e+00 1.971967929616138981e+00
2.068431987727864740e+00 1.971688819821791672e+00
8.421502985351564385e-01 1.971732331234598234e+00
-1.793016151041666451e-01 1.971663349726490155e+00
-1.182804767480468922e+00 1.971429873852891923e+00
-2.190306866666667851e+00 1.971568898123079894e+00
-3.199389944824219345e+00 1.971429873852891923e+00
-4.203683586686199014e+00 1.971519019186447341e+00
-5.468420264388022645e+00 1.971509998527694707e+00
-6.472481409342449865e+00 1.971534407369025743e+00
-7.466777684179689345e+00 1.972052829933811147e+00
-8.482696171419272346e+00 1.971867110488903396e+00
-9.490756263183596886e+00 1.971883029298466816e+00
-1.069564823688151378e+01 1.971843762901543506e+00
-1.171124122845052540e+01 1.971937153250982178e+00
-1.271999881093750062e+01 1.971627797718464636e+00
-1.372126999300130734e+01 1.971791230829983865e+00
-1.472240167692057611e+01 1.971611878908901661e+00
-1.573883165735677636e+01 1.970902961256339569e+00
-1.675423865139974211e+01 1.970376048659787216e+00
-1.799786460989583858e+01 1.969540841784688245e+00
-1.901252761383464218e+01 1.968726859989006872e+00
-2.001789074147136205e+01 1.968028554876153580e+00
-2.096271167438151650e+01 1.967296820263217061e+00
-2.198695355091146553e+01 1.966283853347992050e+00
-2.299599012968750245e+01 1.965310683456675811e+00
-2.424347553684896184e+01 1.964458496518042274e+00
-2.525441859026693336e+01 1.963616922119117980e+00
-2.626554764121094365e+01 1.962914371990381657e+00
-2.728039664267578246e+01 1.962163004178983261e+00
-2.830026757734374598e+01 1.961392003169123655e+00
-2.930395672724609568e+01 1.960545653127330201e+00
-2.932097550087890525e+01 1.960328626690280629e+00
-2.843479028805338871e+01 1.960383811896767803e+00
-2.750117570608724193e+01 1.960336586095062561e+00
-2.655477379420572959e+01 1.960424139547661815e+00
-2.561339381552734551e+01 1.960713331254732683e+00
-2.466568992096354407e+01 1.961068320707998858e+00
-2.347079531429037047e+01 1.961108648358893092e+00
-2.250588664856771359e+01 1.961405799470745670e+00
-2.155543929049479601e+01 1.961736380082681253e+00
-2.059006563095703513e+01 1.961877526860811294e+00
-1.965022013186849392e+01 1.962139125964638131e+00
-1.867973154036458538e+01 1.962386398139857935e+00
-1.747297959140625423e+01 1.962739795712168167e+00
-1.649337712112630783e+01 1.963026334284311503e+00
-1.551247266816406878e+01 1.963217359999073652e+00
-1.451957137477213955e+01 1.963343649221610754e+00
-1.354466534202474293e+01 1.963752232000407716e+00
-1.256357489153646156e+01 1.963727292532091884e+00
-1.158434441630859624e+01 1.964024974270929036e+00
-1.033867248502604497e+01 1.964372534946399185e+00
-9.386923144270836517e+00 1.964464333414882136e+00
-8.397044310677086898e+00 1.965107453321248476e+00
-7.418511326171877585e+00 1.965346235464701330e+00
-6.426354022884116723e+00 1.965981926593270535e+00
-5.182774563769533493e+00 1.966260505760632604e+00
-4.180619893457032887e+00 1.966898850024129564e+00
-3.187811598828125259e+00 1.967422578858768922e+00
-2.199234747916667398e+00 1.967616257708458605e+00
-1.195127103580729599e+00 1.967846019193158824e+00
-1.874390068684896049e-01 1.968029616130124726e+00
1.026520346223958491e+00 1.968352767964264061e+00
2.029465506022135823e+00 1.968817597203519121e+00
3.030364693033854806e+00 1.969086625085142650e+00
4.033635348502605744e+00 1.969564189372047913e+00
5.025188159830730861e+00 1.969935097634877952e+00
6.026552340657552520e+00 1.970178655421199743e+00
7.284221112369793971e+00 1.970150001563985231e+00
8.283260324121096474e+00 1.970440254525026802e+00
9.285089498763023030e+00 1.970567074374549366e+00
1.027808379091796986e+01 1.970882797430892452e+00
1.129409527692057580e+01 1.970931084486568396e+00
1.225305202180989816e+01 1.971328524098671098e+00
1.350448987639974341e+01 1.971424036956051840e+00
1.450938801022135749e+01 1.971604450131104969e+00
1.552219103889974328e+01 1.971765760734681905e+00
1.653364558551432495e+01 1.971971113378051532e+00
1.752691887395834058e+01 1.971857559203164856e+00
1.853907091129557827e+01 1.972007726640047309e+00
1.954155107727865115e+01 1.971989685322542263e+00
2.078313106298828927e+01 1.972067156862417736e+00
2.180448997786459131e+01 1.972187078561129958e+00
2.276814316028646346e+01 1.972437003871276850e+00
2.377499426813151473e+01 1.972495372839676797e+00
2.477738143535156468e+01 1.972362185466328244e+00
2.577479316875000137e+01 1.972640234006704851e+00
2.679768656321614984e+01 1.972614233284417429e+00
2.806470171061198471e+01 1.972191854203999117e+00
2.907796973310546562e+01 1.972046462409985157e+00
3.008482084095052400e+01 1.972218385553271336e+00
3.110134382014974364e+01 1.972241733140631004e+00
3.212832916018879814e+01 1.972140383386410178e+00
3.311039609768879899e+01 1.972258182577180108e+00
3.411957217460937386e+01 1.972184956053188110e+00
3.515399741569009961e+01 1.972348389164706450e+00
3.618949214254556779e+01 1.972432228228407913e+00
3.744209248167317838e+01 1.972415248164873347e+00
3.845522100602213555e+01 1.972409941895018948e+00
3.946807053408203103e+01 1.972393492458469844e+00
4.047706061347656714e+01 1.972631213347951773e+00
4.148739917493490026e+01 1.972420554434727968e+00
4.248588039410807937e+01 1.972362716093313928e+00
4.350928528177082910e+01 1.972433820109364078e+00
4.447126448645833818e+01 1.972386594307659280e+00
4.548285853121744537e+01 1.972218916180256798e+00
4.649305759453125120e+01 1.972050707425868854e+00
4.748958583968099845e+01 1.972004542878134759e+00
4.850131938258463293e+01 1.972125525830817683e+00
4.951672637662760934e+01 1.972075116267199668e+00
5.052022952900392028e+01 1.971678207282082873e+00
5.151522329456381044e+01 1.971851191679339310e+00
5.253225776695964555e+01 1.972177527275391640e+00
5.353841138408204614e+01 1.972079891910068383e+00
5.450490102877604670e+01 1.972218916180256798e+00
5.550793918733724297e+01 1.972430636347451305e+00
5.650841987991535831e+01 1.972259243831151032e+00
5.751810745003255221e+01 1.972309122767783585e+00
5.851431019951172630e+01 1.972411533775975334e+00
5.953176316634115040e+01 1.972592477578013703e+00
6.054233422470704795e+01 1.972565415601755578e+00
6.154276841790365893e+01 1.972273570759758066e+00
6.254771305110678270e+01 1.972269856370859831e+00
6.355679612926433464e+01 1.972236957497762067e+00
6.457187762763672367e+01 1.972082545044995916e+00
6.553376383356120982e+01 1.972187609188115420e+00
6.653205905520833596e+01 1.972005073505120443e+00
6.753067977252604237e+01 1.971965276481211449e+00
6.853362493232421571e+01 1.971927601965244525e+00
6.953898805996094268e+01 1.971911683155681105e+00
7.054900112574870263e+01 1.971819884687197932e+00
7.155845619895835341e+01 1.971917520052521189e+00
7.255707691627604561e+01 1.971982787171731477e+00
7.356509050865886934e+01 1.972058136203665102e+00
7.455296986884766852e+01 1.972024706703581876e+00
7.556930685052084584e+01 1.972252345680339802e+00
7.653333202799478840e+01 1.972062911846534039e+00
7.752627982076823798e+01 1.972083075671981378e+00
7.853350292366538099e+01 1.972221569315183887e+00
7.954026103274739512e+01 1.972102708870443255e+00
8.055176207874347938e+01 1.972063973100505185e+00
