# User			Meike Reginka
# Sample		2020_0446_1
# State			after FC
# Profile		mere_beads_forc.txt
# Comment
# ML
# 
# Meas. type 		FORC
# angle (deg)		 0.000
# Hmin (kA/m)		-80.000
# Hmax (kA/m)		80.000
# pts./branch		161
# time/pt. (s)		 0.020
# dt (s)		 0.020
# nCycles		5
# Hstop (kA/m)		 0.000
# wait (s)		60.000
# nSched		5
# nMinorLoops		10
# nX			2
# nY			2
# dx (mm)		 0.250
# dy (mm)		 0.250
# avg. raster		no average raster
# Number			35
# ID			310349
# -----------------------------------------------
# H (kA/m) 	 I (arb.u.)
8.157860792063803501e+01 1.971170397257006490e+00
8.071162695237630658e+01 1.970805325891016757e+00
7.977591989824220775e+01 1.971083374431392699e+00
7.883016897770183107e+01 1.971524856083287647e+00
7.785293797587890197e+01 1.971376280527361580e+00
7.686561660826824038e+01 1.971123171455301692e+00
7.587745825179034398e+01 1.971139090264864890e+00
7.490227322275391941e+01 1.971019699193138797e+00
7.389542211490885393e+01 1.970559645596752674e+00
7.288345607509766921e+01 1.970614300176254607e+00
7.188190589674479725e+01 1.970596789485734579e+00
7.087700776292318494e+01 1.970830265359332589e+00
6.986118227444660533e+01 1.970581931930142083e+00
6.884219482802734547e+01 1.970983616558128038e+00
6.783306525048828917e+01 1.970882266803906990e+00
6.683421203626302542e+01 1.970790468335424039e+00
6.582182750201822330e+01 1.970914104423034052e+00
6.485524485856119270e+01 1.970809570906900454e+00
6.383323495234375855e+01 1.970943819534219266e+00
6.282708133522135086e+01 1.970719894946358908e+00
6.181706826943359800e+01 1.970671077263697946e+00
6.081695957190754598e+01 1.970620667700079709e+00
5.979169470898437311e+01 1.970696547358999240e+00
5.878614558382162159e+01 1.970709282406650109e+00
5.777850398649088959e+01 1.970731038113053835e+00
5.676611945224608746e+01 1.970977779661287954e+00
5.575712937285155846e+01 1.970939043891349884e+00
5.474948777552083357e+01 1.971273869519169608e+00
5.379550646445312623e+01 1.971240970646071622e+00
5.276893961884766782e+01 1.971147049669646822e+00
5.175399761861979187e+01 1.971399097487736007e+00
5.075756237223308176e+01 1.971495140972102433e+00
4.974745630768229177e+01 1.971523264202331038e+00
4.873646675488281943e+01 1.971560408091312944e+00
4.771152738763021262e+01 1.971575796273890679e+00
4.670146782246094119e+01 1.971134314621996175e+00
4.569536070472005918e+01 1.971417669432226738e+00
4.468553363645833088e+01 1.971051536812265859e+00
4.369611979667968171e+01 1.971240970646071622e+00
4.270582246865234310e+01 1.971348687924118215e+00
4.168660252532552590e+01 1.971259011963576668e+00
4.068268087851562598e+01 1.971278645162038545e+00
3.966908736035156835e+01 1.971317380931976393e+00
3.865619133291016141e+01 1.971221868074595207e+00
3.739075716448567732e+01 1.971183132304657581e+00
3.638358056097005289e+01 1.971069578129770905e+00
3.536919655332032164e+01 1.971117334558461609e+00
3.436541440465494901e+01 1.970971412137463297e+00
3.335196038463541157e+01 1.970965044613637307e+00
3.237658935807291272e+01 1.970871654264198192e+00
3.135736941474609907e+01 1.971049414304324010e+00
3.035089030195312887e+01 1.970849367930809226e+00
2.933343733512369411e+01 1.970844592287940067e+00
2.807000264010416757e+01 1.970878021788023737e+00
2.704431928274739860e+01 1.970956023954884673e+00
2.603793316871745134e+01 1.970869531756256343e+00
2.501899222167969583e+01 1.970500746001367931e+00
2.400660768743490081e+01 1.970367028001034804e+00
2.296869499274089321e+01 1.970492255969600981e+00
2.199443995133464114e+01 1.970570258136461916e+00
2.071835742454427631e+01 1.970716711184446357e+00
1.969876548616537093e+01 1.970719894946359352e+00
1.867968504098307747e+01 1.970389314334423547e+00
1.767683287994791996e+01 1.970500215374382691e+00
1.666114688961588897e+01 1.970318740945358416e+00
1.563922998216146532e+01 1.970825489716463652e+00
1.462191651347656673e+01 1.971096640106029030e+00
1.336327125475260758e+01 1.970933737621495485e+00
1.235772212958984895e+01 1.971156600955384697e+00
1.138411807952474142e+01 1.970792060216380648e+00
1.037364001992187923e+01 1.971103007629854353e+00
9.369020882389326843e+00 1.970895532478543322e+00
8.369051683007814546e+00 1.970931615113553637e+00
7.110545922428388010e+00 1.970884389311848395e+00
6.099044876432293982e+00 1.971101946375883429e+00
5.079592436197917671e+00 1.970916757557961141e+00
4.077298267740887106e+00 1.970520379199829364e+00
3.070912153710938064e+00 1.970614300176254607e+00
2.068292489583333893e+00 1.970740589398791931e+00
8.401973245117191347e-01 1.970655689081119322e+00
-1.800921045898437600e-01 1.970331475993009285e+00
-1.189082183984375263e+00 1.970527277350640594e+00
-2.195235801106771856e+00 1.970621728954050855e+00
-3.196227986881511107e+00 1.970681159176421282e+00
-4.202800098437501575e+00 1.970985739066069442e+00
-5.472837705631511618e+00 1.970790468335424039e+00
-6.479642314095052313e+00 1.970838755391099983e+00
-7.486632920084637099e+00 1.970729446232097004e+00
-8.491810050195315540e+00 1.970642423406483434e+00
-9.490105271842450563e+00 1.970675852906567105e+00
-1.071801443938802301e+01 1.970339966024776679e+00
-1.172784150764974243e+01 1.970313965302489478e+00
-1.273153065755208502e+01 1.970358007342282169e+00
-1.372680341940104398e+01 1.970374456778831052e+00
-1.473895545673828522e+01 1.969922362587227305e+00
-1.575041000335286867e+01 1.969723377467683001e+00
-1.675414565263672628e+01 1.969224588101359252e+00
-1.800725748496094170e+01 1.968568733147342487e+00
-1.902410595983073449e+01 1.968078964439771816e+00
-2.003230554973958633e+01 1.966948728960761672e+00
-2.098889082617188251e+01 1.966188340490610642e+00
-2.200001987711588924e+01 1.965392400012434981e+00
-2.300347653011068516e+01 1.964610255835880892e+00
-2.426877120039062774e+01 1.963294831538949570e+00
-2.527180935895182756e+01 1.962590158902271176e+00
-2.627693998968099010e+01 1.962139656591623593e+00
-2.730071687239583511e+01 1.960946807128330693e+00
-2.832095980211587971e+01 1.960255400166288631e+00
-2.932288197552082920e+01 1.959538523108944830e+00
-3.033345303388672676e+01 1.958878953766029829e+00
-3.132221588232421894e+01 1.958267140851805310e+00
-3.258169812991536674e+01 1.957397443222652189e+00
-3.361496088645833424e+01 1.956886449435663256e+00
-3.463441332669270878e+01 1.956410477029713935e+00
-3.566088717353515136e+01 1.955905850766550547e+00
-3.666346033828124718e+01 1.955674497400894385e+00
-3.768323827418619487e+01 1.955070643891451132e+00
-3.867586057128906418e+01 1.954976192288041092e+00
-3.969173255914714105e+01 1.954246049556061182e+00
-4.069928115771485011e+01 1.953741953919883478e+00
-4.170403979339192801e+01 1.953290390355264527e+00
-4.292646203391927884e+01 1.953034097521292090e+00
-4.393475462259115005e+01 1.952524695615259320e+00
-4.494146623229167403e+01 1.951956394113841586e+00
-4.595147929807944109e+01 1.951779164700701008e+00
-4.694926302652994821e+01 1.951253313358119357e+00
-4.696311984222005265e+01 1.951127024135582477e+00
-4.609074494570312197e+01 1.951078206452921071e+00
-4.516652323880208542e+01 1.951078737079906311e+00
-4.423876757890624845e+01 1.951041062563939166e+00
-4.329817808971354509e+01 1.951128616016538864e+00
-4.211207186614583975e+01 1.951112166579989982e+00
-4.119133761285807083e+01 1.951038940055997761e+00
-4.023898378014323640e+01 1.951121717865728078e+00
-3.928188701051432474e+01 1.951116411595873235e+00
-3.831939631263021084e+01 1.951350948723442391e+00
-3.733960784482422213e+01 1.951426828382361922e+00
-3.637576866487629701e+01 1.951434787787143854e+00
-3.540709354925130015e+01 1.951771735922904982e+00
-3.443716295032552210e+01 1.951869901915213035e+00
-3.344472665074870577e+01 1.951928801510598221e+00
-3.222676835084634916e+01 1.951993007375837808e+00
-3.126353366285807311e+01 1.951962231010681670e+00
-3.030253094518229418e+01 1.951890065740660152e+00
-2.931246611406250224e+01 1.951920842105816511e+00
-2.833198015553385574e+01 1.952175012431847323e+00
-2.734665826132813038e+01 1.952332608646526246e+00
-2.634250411761068023e+01 1.952311914194093667e+00
-2.534639436689453618e+01 1.952444040313470630e+00
-2.411257977789713891e+01 1.952531063139084866e+00
-2.310851863294270814e+01 1.952813356695344282e+00
-2.212184825667317867e+01 1.952900910147943980e+00
-2.109597890179037094e+01 1.952827152996965854e+00
-2.014571754124349567e+01 1.952939115290896144e+00
-1.914286538020833817e+01 1.953286145339380830e+00
-1.789231101386719303e+01 1.953223000728112169e+00
-1.688350693199870278e+01 1.953790240975558978e+00
-1.587400535940755653e+01 1.953685707459425380e+00
-1.486678225651041885e+01 1.954310786048286008e+00
-1.387127699775390788e+01 1.954718838200097508e+00
-1.286484438434245092e+01 1.954987335454736019e+00
-1.185864426783854420e+01 1.955309426034904208e+00
-1.060362596087239950e+01 1.955732866369293665e+00
-9.643088237011721020e+00 1.956210961283184391e+00
-8.631215195963546805e+00 1.956559583212625686e+00
-7.634779949576824265e+00 1.957011677404229433e+00
-6.628533333691407847e+00 1.957498792976873236e+00
-5.382256910449220833e+00 1.957883497541324402e+00
-4.365315436816406880e+00 1.958477799765029337e+00
-3.363114267122397028e+00 1.959102347726904503e+00
-2.361657087532552879e+00 1.959773060236513986e+00
-1.353225000716146154e+00 1.960051639403875612e+00
-3.412589609049480055e-01 1.960573776357558806e+00
8.978565575846355618e-01 1.960871988723381865e+00
1.891594839843750542e+00 1.961361226803967517e+00
2.901793903157553256e+00 1.961717808138190300e+00
3.903111584602865669e+00 1.961917854511705306e+00
4.909869693684896674e+00 1.962123737782059951e+00
5.912721854720054182e+00 1.962507381092540859e+00
7.165926685807292529e+00 1.963159521657659390e+00
8.174312273242192006e+00 1.963314995364396687e+00
9.180837885416670119e+00 1.963708189960615247e+00
1.017797062252604334e+01 1.964119425874339520e+00
1.119849254853515852e+01 1.964583724486608673e+00
1.215856527858073122e+01 1.965531424282622952e+00
1.340656217893880608e+01 1.965952211482085321e+00
1.441490126699219232e+01 1.966859053000220570e+00
1.543049425856120394e+01 1.967209797437603047e+00
1.643994933177084050e+01 1.967905980042514491e+00
1.744638194518229568e+01 1.968579345687051507e+00
1.845030359199219205e+01 1.969198056752087034e+00
1.945924717200521314e+01 1.969555699340280519e+00
2.070477960514323357e+01 1.970149470936999769e+00
2.172009360042318349e+01 1.970228003730846611e+00
2.269123318326823835e+01 1.970662587231930551e+00
2.368943540615234866e+01 1.970741120025777393e+00
2.469805349049479659e+01 1.970923125081786687e+00
2.571434397278645889e+01 1.970944880788189968e+00
2.672026509300129860e+01 1.970764998240122523e+00
2.799072119462890740e+01 1.970661525977959627e+00
2.900636068557942693e+01 1.970852551692721777e+00
3.001316529404296674e+01 1.970814877176754853e+00
3.103387321757812245e+01 1.970848837303823986e+00
3.206267203349609218e+01 1.970827081597420039e+00
3.304706394007160952e+01 1.970973004018419239e+00
3.405391504791666790e+01 1.970822305954551101e+00
3.508564332486979964e+01 1.970866347994343348e+00
3.611500013336588921e+01 1.970523032334756897e+00
3.737290140198567912e+01 1.970764998240122523e+00
3.839291183479817704e+01 1.970995290351807983e+00
3.940315739749348722e+01 1.970934268248480947e+00
4.041554193173828224e+01 1.970824959089478412e+00
4.142211404329427182e+01 1.971245746288940559e+00
4.242203674329427088e+01 1.971197459233264615e+00
4.344604612291666967e+01 1.971307829646238297e+00
4.441276826451823467e+01 1.971606572639046817e+00
4.542292082845051482e+01 1.971552448686531012e+00
4.642581948886719800e+01 1.971688819821791672e+00
4.743141511341146810e+01 1.971159784717297470e+00
4.845012356354166627e+01 1.971177295407817498e+00
4.945809065654297143e+01 1.970949125804073665e+00
5.046191930458984842e+01 1.971021821701080645e+00
5.147063038769531573e+01 1.971253705693722269e+00
5.247469153264972874e+01 1.971397505606779621e+00
5.348633207679037582e+01 1.971051536812265859e+00
5.446686453470051958e+01 1.970944880788189968e+00
5.546320678232423518e+01 1.970844592287940067e+00
5.646494295820312459e+01 1.970998474113720533e+00
5.747374704007161483e+01 1.971205418638046103e+00
5.847329774501953636e+01 1.971071170010727513e+00
5.948698426194661693e+01 1.971063210605945359e+00
6.050057778011068166e+01 1.970988392200997197e+00
6.150040748134765778e+01 1.971012801042327567e+00
6.250697959290364736e+01 1.971021821701080645e+00
6.351522568219401421e+01 1.971079660042494686e+00
6.453505011748046627e+01 1.971046761169396477e+00
6.549777331227214461e+01 1.970983616558128038e+00
6.648565267246092958e+01 1.971143865907733828e+00
6.750161765908202938e+01 1.971390607455968613e+00
6.850539980774738069e+01 1.971339136638379674e+00
6.950174205537109628e+01 1.971265379487402214e+00
7.051477758095704473e+01 1.971465956487902460e+00
7.152999857747396106e+01 1.971295625225573112e+00
7.252350436282551982e+01 1.971289788328733028e+00
7.351998610859374139e+01 1.971285543312849331e+00
7.452683721643880688e+01 1.971287665820791180e+00
7.554015173831380991e+01 1.971284482058878629e+00
7.650896635208333407e+01 1.971391668709939538e+00
7.750530859970704967e+01 1.971185785439584670e+00
7.850537079785156891e+01 1.971047291796382162e+00
7.951422137910157062e+01 1.971139090264865334e+00
8.052228147086587740e+01 1.970918349438917305e+00
