# User			Meike Reginka
# Sample		2020_0446_1
# State			after FC
# Profile		mere_beads_forc.txt
# Comment
# ML
# 
# Meas. type 		FORC
# angle (deg)		 0.000
# Hmin (kA/m)		-80.000
# Hmax (kA/m)		80.000
# pts./branch		161
# time/pt. (s)		 0.020
# dt (s)		 0.020
# nCycles		5
# Hstop (kA/m)		 0.000
# wait (s)		60.000
# nSched		5
# nMinorLoops		10
# nX			2
# nY			2
# dx (mm)		 0.250
# dy (mm)		 0.250
# avg. raster		no average raster
# Number			71
# ID			310385
# -----------------------------------------------
# H (kA/m) 	 I (arb.u.)
8.159176724560548166e+01 1.972237488124747529e+00
8.071855536022135880e+01 1.971820415314183395e+00
7.979038120589194705e+01 1.972131362727657322e+00
7.884723425071615566e+01 1.972027890465494426e+00
7.786623679899088302e+01 1.972032135481378123e+00
7.687022004703777611e+01 1.972478923403127471e+00
7.588699062499998149e+01 1.972159485957886149e+00
7.491640903473307844e+01 1.972233773735849516e+00
7.390997642132161616e+01 1.972449208291942258e+00
7.289694089573568192e+01 1.972163730973769846e+00
7.188474235901692566e+01 1.972228467465995116e+00
7.088612164169921925e+01 1.972099525108530260e+00
6.987090064518228871e+01 1.972456106442753043e+00
6.885688863258462789e+01 1.972380757410819418e+00
6.784338811318359319e+01 1.972273570759758066e+00
6.683932696822917308e+01 1.972260305085121734e+00
6.582801191975912047e+01 1.972320265934477623e+00
6.486217326640625913e+01 1.972721950562463578e+00
6.383016599316406570e+01 1.972774482634023663e+00
6.284121714720052410e+01 1.972671540998845785e+00
6.182381067975260436e+01 1.972651907800384130e+00
6.081668057561849139e+01 1.972941630134440461e+00
5.980713250364583899e+01 1.972739991879969068e+00
5.878963303743489632e+01 1.972739991879969068e+00
5.778324692340493129e+01 1.972641825887661016e+00
5.677862778587239490e+01 1.973024938571156017e+00
5.576029133079427424e+01 1.972833912856393868e+00
5.475771816604817843e+01 1.972918813174066033e+00
5.379648295146485282e+01 1.972911384396269341e+00
5.277847199205729112e+01 1.972815871538888377e+00
5.176850542565105684e+01 1.972766523229241731e+00
5.075542340068361113e+01 1.972626437705082836e+00
4.975466371181640568e+01 1.972782972665790613e+00
4.874990507613932778e+01 1.972737869372027220e+00
4.771785130351562998e+01 1.972616886419344739e+00
4.671351116227213396e+01 1.972827545332568322e+00
4.569568620039062523e+01 1.973021754809243467e+00
4.469050907027995834e+01 1.972836035364335716e+00
4.370304820452474104e+01 1.972854607308826447e+00
4.270554347236328852e+01 1.972976651515479851e+00
4.169836686884765697e+01 1.973040326753734197e+00
4.069602620100911849e+01 1.972909261888327936e+00
3.967331880406901945e+01 1.973046694277559299e+00
3.866679319189452713e+01 1.972771298872110668e+00
3.739373312490234724e+01 1.972813749030946973e+00
3.638920698613281246e+01 1.972774482634023663e+00
3.538277437272135728e+01 1.972871056745375329e+00
3.437131982610677028e+01 1.972758033197474337e+00
3.335028640690104140e+01 1.972797299594398091e+00
3.238723771643880411e+01 1.972792523951528709e+00
3.136085686835937736e+01 1.972824892197641233e+00
3.035033230937500193e+01 1.972831259721466779e+00
2.933729678378906058e+01 1.972840280380219413e+00
2.807953501331380863e+01 1.972849831665957288e+00
2.705273567080078578e+01 1.972822239062714367e+00
2.603867715882161704e+01 1.972458228950694892e+00
2.503452301510417044e+01 1.972667826609947772e+00
2.400851416207682476e+01 1.972383941172731969e+00
2.297190345006511336e+01 1.972648193411485895e+00
2.199504444329427599e+01 1.972510230395268849e+00
2.072547182991537085e+01 1.972768115110198117e+00
1.970471740699870367e+01 1.972522965442919940e+00
1.868735743893229895e+01 1.972439126379218699e+00
1.768185481315104468e+01 1.972738930625998144e+00
1.666816829622396412e+01 1.972625376451111912e+00
1.564587939371745051e+01 1.972530394220716410e+00
1.463772630319010659e+01 1.972346266656765046e+00
1.337215263662109521e+01 1.972448677664956795e+00
1.236967247063802233e+01 1.972510230395268849e+00
1.139369695211588862e+01 1.972989386563130942e+00
1.038424187890625205e+01 1.972922527562964268e+00
9.380692227148442086e+00 1.972647662784500655e+00
8.384442978287763637e+00 1.972834443483379108e+00
7.121566275846355154e+00 1.972783503292776075e+00
6.106531276855470480e+00 1.972966569602756515e+00
5.093449251888022111e+00 1.972973467753567078e+00
4.095851520963542214e+00 1.973086491301468293e+00
3.079049545475260885e+00 1.972841341634190115e+00
2.083311789811198356e+00 1.972948528285251246e+00
8.542401377278647789e-01 1.972782442038805151e+00
-1.654912987955729498e-01 1.973045633023588596e+00
-1.178898819433593870e+00 1.972554272435061540e+00
-2.176078055924479226e+00 1.972827014705582860e+00
-3.182836165006510676e+00 1.972616355792359277e+00
-4.203311591634115274e+00 1.972737869372027220e+00
-5.457306912207031679e+00 1.972766523229241731e+00
-6.454718645605471039e+00 1.972475209014229236e+00
-7.462685738606772645e+00 1.972407819387076877e+00
-8.464142918196618126e+00 1.972573905633522973e+00
-9.479317415332033647e+00 1.972465657728491140e+00
-9.497777669791668487e+00 1.972733093729158060e+00
-8.594201688281250640e+00 1.972599906355809951e+00
-7.659424621777346509e+00 1.972703909244958087e+00
-6.724508057128907978e+00 1.972820116554772518e+00
-5.785081052473959318e+00 1.972860444205666530e+00
-4.591953422298177934e+00 1.972762808840343274e+00
-3.614861918619793002e+00 1.973036081737850722e+00
-2.663252076009115399e+00 1.972658275324209898e+00
-1.701784364518229786e+00 1.972917221293109868e+00
-7.265528361002605573e-01 1.972854607308826225e+00
2.834602296875000649e-01 1.972764931348285122e+00
1.441527326204427251e+00 1.972757502570488874e+00
2.419269821223959394e+00 1.973084899420511906e+00
3.390223406542969720e+00 1.972842402888161040e+00
4.366198925065105207e+00 1.972864158594564543e+00
5.359472213509114624e+00 1.973151227793692897e+00
6.333680755533855233e+00 1.972945875150323936e+00
7.567355846386721652e+00 1.972901302483546004e+00
8.552305745540367710e+00 1.972886975554938749e+00
9.536046660774742278e+00 1.972865219848535467e+00
1.052480950921224334e+01 1.972859913578680846e+00
1.150799243186849274e+01 1.973030244841010861e+00
1.246476370582682591e+01 1.972776605141965067e+00
1.369681131832682652e+01 1.973129472087289615e+00
1.469826849791667200e+01 1.973026530452112626e+00
1.569693571461588810e+01 1.972814810284917675e+00
1.670253133916015997e+01 1.972721419935478337e+00
1.770175654843750479e+01 1.973123104563464514e+00
1.869623882080078303e+01 1.972956487690032734e+00
1.969848648987630568e+01 1.973053061801384844e+00
2.093351006279297266e+01 1.972721419935478337e+00
2.195245100983073527e+01 1.973074286880803108e+00
2.290554883264974251e+01 1.972871587372361013e+00
2.390807549801432685e+01 1.972730440594230750e+00
2.491353162441406610e+01 1.972637050244791412e+00
2.591001337018229478e+01 1.972666765355977070e+00
2.692449037659505962e+01 1.972848770411986585e+00
2.818657658955078205e+01 1.972626968332068076e+00
2.919770564049478878e+01 1.972585579427202918e+00
3.020288277060546989e+01 1.972729909967245510e+00
3.121805726774088896e+01 1.972598845101839693e+00
3.225099452861328331e+01 1.972460351458636740e+00
3.322501707311197805e+01 1.972450269545912960e+00
3.424177254921875146e+01 1.972465657728491140e+00
3.526373595605468836e+01 1.972322919069404934e+00
3.629104679176432313e+01 1.972613172030446282e+00
3.755285400843099097e+01 1.972572313752567030e+00
3.855649665895182920e+01 1.972481576538054782e+00
3.956823020185547080e+01 1.972483168419010724e+00
4.058047523795573852e+01 1.972511291649239995e+00
4.157756147568359495e+01 1.972293203958219721e+00
4.258087863053385291e+01 1.972439126379218699e+00
4.359879659117838457e+01 1.972482107165040022e+00
4.456421675009766403e+01 1.972471494625331445e+00
4.556990537340494285e+01 1.972615825165373593e+00
4.657522200166015836e+01 1.972496434093647499e+00
4.758439807858074033e+01 1.972641295260675554e+00
4.859376015302734686e+01 1.972803136491237730e+00
4.960168074664714055e+01 1.972834974110365014e+00
5.059579102395833416e+01 1.972618478300301126e+00
5.160315362500000447e+01 1.972923588816934970e+00
5.261363168460286488e+01 1.972606804506621181e+00
5.362545822626954362e+01 1.972751135046663551e+00
5.458934390559897309e+01 1.973015387285417921e+00
5.558977809879556986e+01 1.973010081015563078e+00
5.658960780003256019e+01 1.972876363015230172e+00
5.758743802786458588e+01 1.972856729816768295e+00
5.859196416663411355e+01 1.972960202078930969e+00
5.961271858955078784e+01 1.972876363015229728e+00
6.061612874316406874e+01 1.973048816785501591e+00
6.161507495615234120e+01 1.972994692832985342e+00
6.262285605162760760e+01 1.972767584483212877e+00
6.362673119905599606e+01 1.972888036808909895e+00
6.463981322402344176e+01 1.972985672174232707e+00
6.560458239160156779e+01 1.972742645014896157e+00
6.659264774931639863e+01 1.972928364459803907e+00
6.760028934664715905e+01 1.973181473531864016e+00
6.861346437037759927e+01 1.972430105720466287e+00
6.960887663037111395e+01 1.972451861426869790e+00
7.061614623264974000e+01 1.972561170585872548e+00
7.161551094007161566e+01 1.972524026696890864e+00
7.262040907389321376e+01 1.972531455474687112e+00
7.362363322998048432e+01 1.972699133602089594e+00
7.461830149986978711e+01 1.972465657728491140e+00
7.562919805390625072e+01 1.972378634902877570e+00
7.658750380745441078e+01 1.972299040855059804e+00
7.759012347158204648e+01 1.972498025974603664e+00
7.859158065117188130e+01 1.972186547934144274e+00
7.959420031529948858e+01 1.972419493180757044e+00
8.059686647880859311e+01 1.972252876307325709e+00
