# User			Meike Reginka
# Sample		2020_0446_1
# State			after FC
# Profile		mere_beads_forc.txt
# Comment
# ML
# 
# Meas. type 		FORC
# angle (deg)		 0.000
# Hmin (kA/m)		-80.000
# Hmax (kA/m)		80.000
# pts./branch		161
# time/pt. (s)		 0.020
# dt (s)		 0.020
# nCycles		5
# Hstop (kA/m)		 0.000
# wait (s)		60.000
# nSched		5
# nMinorLoops		10
# nX			2
# nY			2
# dx (mm)		 0.250
# dy (mm)		 0.250
# avg. raster		no average raster
# Number			11
# ID			310325
# -----------------------------------------------
# H (kA/m) 	 I (arb.u.)
8.168081356119792247e+01 1.972747420657765538e+00
8.079862729518228548e+01 1.972646601530529953e+00
7.988082250292968922e+01 1.972784033919761759e+00
7.893363010156249970e+01 1.972785095173732461e+00
7.795444612571614584e+01 1.972517659173065319e+00
7.696266081748046872e+01 1.972667295982962532e+00
7.595864617190754586e+01 1.972774482634023663e+00
7.499666696722006520e+01 1.972538884252483360e+00
7.398614240823567911e+01 1.972423738196640519e+00
7.297329288017579074e+01 1.972411533775975334e+00
7.196081534716795147e+01 1.972663581594064075e+00
7.095508022447918961e+01 1.972307000259841736e+00
6.994567165065102188e+01 1.972684806673482560e+00
6.892631220917968449e+01 1.972678439149657015e+00
6.791695013473307085e+01 1.972921996935978584e+00
6.690228713079427791e+01 1.973219148047831162e+00
6.590399190914712335e+01 1.973044041142632654e+00
6.493159684300131573e+01 1.973030775467996101e+00
6.391828232112629848e+01 1.972945875150323936e+00
6.290822275595704127e+01 1.972417901299800880e+00
6.189300175944011073e+01 1.972951181420178335e+00
6.088071022395834575e+01 1.972964977721800128e+00
5.986348975403645056e+01 1.972767584483212433e+00
5.885533666350912085e+01 1.972655622189282587e+00
5.784704407483724253e+01 1.972604151371694092e+00
5.684089045771484194e+01 1.972573905633522973e+00
5.581943854407551697e+01 1.972857791070738998e+00
5.481653988365886221e+01 1.972443371395102396e+00
5.385451417958984166e+01 1.972611580149489896e+00
5.283148128697916945e+01 1.972595130712941014e+00
5.181323783066407174e+01 1.972705501125914695e+00
5.081564009973959628e+01 1.972511822276225679e+00
4.979758264095052311e+01 1.972533577982628961e+00
4.878994104361979112e+01 1.972753788181591084e+00
4.777392955761719406e+01 1.972969753364669065e+00
4.676540447203777262e+01 1.972881138658098665e+00
4.575050897119141524e+01 1.972556394943003388e+00
4.474598283242187335e+01 1.972629090840009924e+00
4.374336316829427318e+01 1.972715052411652792e+00
4.275845976852212971e+01 1.972848239785000901e+00
4.174068130602213955e+01 1.972637580871777097e+00
4.073652716230468940e+01 1.972492719704749264e+00
3.970903032906900876e+01 1.972627498959053760e+00
3.870608516927083542e+01 1.972375981767950037e+00
3.744223197981771278e+01 1.972725134324376572e+00
3.642277953958333825e+01 1.972343082894852051e+00
3.540700055048828432e+01 1.972452922680840048e+00
3.440173042161458739e+01 1.972357940450444991e+00
3.338664892324218414e+01 1.972493250331734949e+00
3.242299574082031199e+01 1.972459290204665594e+00
3.138959348613281719e+01 1.972373859260008189e+00
3.038371886529948540e+01 1.972284713926452326e+00
2.936873036569010864e+01 1.972427983212524216e+00
2.809976224427083480e+01 1.972308592140797900e+00
2.708463424651693074e+01 1.972269856370860275e+00
2.606541430319010999e+01 1.972145159029279116e+00
2.505121629306641040e+01 1.972428513839509678e+00
2.403855276253255724e+01 1.972455575815767581e+00
2.302291327158203771e+01 1.972632805228908381e+00
2.204768174316406970e+01 1.972388186188615666e+00
2.075351095696614934e+01 1.972454514561796657e+00
1.973033856621094273e+01 1.972328225339259333e+00
1.872823039527995093e+01 1.972200344235766067e+00
1.770370952246094021e+01 1.972554803062047002e+00
1.669006950491536756e+01 1.972281530164539776e+00
1.566792010055338835e+01 1.972459290204666038e+00
1.465646555393880490e+01 1.972376512394935721e+00
1.338749743251953284e+01 1.972457167696724190e+00
1.237511289827474315e+01 1.972309653394769047e+00
1.140397331542969006e+01 1.972417370672815196e+00
1.038758983437500305e+01 1.972334062236099417e+00
9.384086681998699220e+00 1.972201405489736992e+00
8.375003603841149058e+00 1.972193976711940522e+00
7.113940377278648697e+00 1.972412064402960796e+00
6.105973284277346202e+00 1.972495903466661815e+00
5.090147795800782582e+00 1.972500148482545512e+00
4.079623236816407150e+00 1.972671010371860767e+00
3.080491026302084379e+00 1.972390839323542755e+00
2.072105438867188010e+00 1.972568068736682889e+00
8.404763208007814956e-01 1.972570191244624738e+00
-1.840445520182291961e-01 1.972442840768116712e+00
-1.190430666048177377e+00 1.972559048077930477e+00
-2.198211761523438224e+00 1.972507046633356298e+00
-3.204272379882812771e+00 1.972483168419011168e+00
-4.223492323209636190e+00 1.972812157149990142e+00
-5.484648548535157708e+00 1.972725664951362035e+00
-6.492197147102865884e+00 1.973085430047497368e+00
-7.501233725878908132e+00 1.972713991157682090e+00
-8.506875849804689693e+00 1.972696480467162061e+00
-9.516702918066409111e+00 1.972632274601922919e+00
-1.072940678785807478e+01 1.972515536665123692e+00
-1.174411629117838984e+01 1.972432758855393375e+00
-1.275822130253906472e+01 1.972317082172565295e+00
-1.376325893450521143e+01 1.972137199624497406e+00
-1.477108652936198396e+01 1.971881968044495670e+00
-1.577830963225911809e+01 1.971446853916426267e+00
-1.678943868320312660e+01 1.970944350161204728e+00
-1.804906042893880525e+01 1.970426988850390249e+00
-1.905977098544922299e+01 1.969433655133627115e+00
-2.006773807845052815e+01 1.968551222456822458e+00
-2.103208875159505453e+01 1.967821079724842548e+00
-2.204145082604167172e+01 1.966897788770157973e+00
-2.305318436894531686e+01 1.966339569181464242e+00
-2.430945815921224096e+01 1.965457667131645714e+00
-2.533388603326823230e+01 1.964402780684570082e+00
-2.633934215966796799e+01 1.963587207007932323e+00
-2.735065720813802415e+01 1.962985476006431584e+00
-2.837066764095051496e+01 1.962202801202892033e+00
-2.938737661767578047e+01 1.961228570057604870e+00
-3.040078413831380644e+01 1.960566347579762780e+00
-3.138350206715495005e+01 1.959749182022168856e+00
-3.265935209703776110e+01 1.958805196615052369e+00
-3.370386770390626197e+01 1.958182240534133145e+00
-3.471127680432942242e+01 1.957503568619741730e+00
-3.572347534104817868e+01 1.957044045650341957e+00
-3.672507201878254790e+01 1.956538358133207645e+00
-3.774861640458984624e+01 1.956269330251584337e+00
-3.875146856562501085e+01 1.955780092170998685e+00
-3.976506208378906138e+01 1.955815113552038742e+00
-4.076610076894532142e+01 1.955185259320308733e+00
-4.178620420052084228e+01 1.954359073103962174e+00
-4.300183753134766107e+01 1.954048125690488025e+00
-4.401287358352865198e+01 1.953789710348573294e+00
-4.501646973466797164e+01 1.953186918093101632e+00
-4.602392533447265777e+01 1.952510899313637083e+00
-4.702961395777995079e+01 1.952146889201618496e+00
-4.804176599511718848e+01 1.952001497407604980e+00
-4.906052094462891233e+01 1.951425767128391220e+00
-5.005979265328776506e+01 1.951269232167683221e+00
-5.107798961022135842e+01 1.951067593913212050e+00
-5.208088827063801318e+01 1.950775749071214094e+00
-5.304788940852864698e+01 1.950441984697365960e+00
-5.405632149534505260e+01 1.950124669760066487e+00
-5.506331210133463827e+01 1.949787721624305581e+00
-5.606379279391276782e+01 1.949663024282724422e+00
-5.707101589680990372e+01 1.949319177996152952e+00
-5.807823899970703962e+01 1.949329259908876288e+00
-5.908853106178385417e+01 1.949237461440393337e+00
-6.034699032298178167e+01 1.949320239250123876e+00
-6.136118833310546705e+01 1.949068722059019709e+00
-6.235427562402343682e+01 1.948702058812073590e+00
-6.334796740690103434e+01 1.948707895708913673e+00
-6.432268744212240108e+01 1.948801816685338473e+00
-6.533428148688150827e+01 1.948755652137604377e+00
-6.633592466399741738e+01 1.948625117899183579e+00
-6.735179665185546583e+01 1.948680833732655771e+00
-6.835599729495443455e+01 1.948583198367332514e+00
-6.935945394794921981e+01 1.948746631478851743e+00
-7.036323609661458534e+01 1.948723283891491853e+00
-7.137766660364583515e+01 1.948592749653071055e+00
-7.139566186429036065e+01 1.948597525295940436e+00
-7.053542330634766699e+01 1.948785897875775053e+00
-6.962622089967449313e+01 1.948508910589370036e+00
-6.869753525214844103e+01 1.948600709057852987e+00
-6.776089821038411287e+01 1.948693038153321400e+00
-6.682123870882162464e+01 1.948266414057019169e+00
-6.589083258417967670e+01 1.948685078748539468e+00
-6.493768826197917576e+01 1.948435684065377593e+00
-6.397770853069661712e+01 1.948424010271697870e+00
-6.306129871988932223e+01 1.948483971121053759e+00
-6.210615492428385664e+01 1.948506257454442725e+00
-6.114412922021485031e+01 1.948432500303464820e+00
-5.994072522672526304e+01 1.948170370572652521e+00
-5.896628418779297931e+01 1.948447357859057538e+00
-5.799119215751952794e+01 1.948386335755730947e+00
-5.701103169466146170e+01 1.948554544510118447e+00
-5.603301020335286609e+01 1.948698875050161483e+00
-5.505945265266927890e+01 1.948516869994151079e+00
-5.408649959394530526e+01 1.948611321597562229e+00
-5.309317980611979237e+01 1.948401193311323443e+00
-5.214654539733072625e+01 1.948547115732322643e+00
-5.116485045488281713e+01 1.948769448439226171e+00
-5.016874070416667308e+01 1.948658547399267027e+00
-4.917867587304687760e+01 1.948923860891992099e+00
-4.818024115325521706e+01 1.948593280280056739e+00
-4.719357077698568048e+01 1.948507849335399333e+00
-4.620090198050130681e+01 1.948246250231571608e+00
-4.520023529039713850e+01 1.948409683343090393e+00
-4.421119344567056686e+01 1.948656955518310419e+00
-4.296673049830729951e+01 1.948500420557602641e+00
-4.197647966966145816e+01 1.948525890652904158e+00
-4.100110864309895220e+01 1.948643689843674309e+00
-4.000248792578125290e+01 1.949036353812907851e+00
-3.900795915403646319e+01 1.948806592328207188e+00
-3.800338651588541694e+01 1.948580014605420407e+00
-3.700053435485026654e+01 1.948703120066044736e+00
-3.598098891585286196e+01 1.948611321597561785e+00
-3.498339118492838651e+01 1.948840552455276098e+00
-3.397542409192708135e+01 1.948742917089953508e+00
-3.271961529547526482e+01 1.948590627145129206e+00
-3.169839587874348652e+01 1.948663323042135964e+00
-3.074636754169922170e+01 1.948742917089953508e+00
-2.974174840416667109e+01 1.948998148669955244e+00
-2.873406030745442763e+01 1.948801816685338695e+00
-2.772586071754557224e+01 1.948994434281056787e+00
-2.672128807939453310e+01 1.948759897153488074e+00
-2.569788319173177626e+01 1.948675527462801149e+00
-2.444593384394531554e+01 1.948636261065878061e+00
-2.343819924785156772e+01 1.948854879383883798e+00
-2.242725619443359619e+01 1.948939249074570057e+00
-2.141129120781250705e+01 1.948829409288582060e+00
-2.043378120970052692e+01 1.949054395130412676e+00
-1.940126244326172156e+01 1.949248073980102580e+00
-1.814126870247396184e+01 1.949136642313157752e+00
-1.711567834388021225e+01 1.949361097528003572e+00
-1.610041084798177380e+01 1.949440691575820894e+00
-1.507337900856119894e+01 1.949515509980769501e+00
-1.407415379928385768e+01 1.949564858290416147e+00
-1.305484085719401222e+01 1.949732536417818629e+00
-1.205096570976562731e+01 1.950001564299442158e+00
-1.079157646093750422e+01 1.950568273919902840e+00
-9.799837652083335016e+00 1.950693501888469461e+00
-8.800147448990887966e+00 1.951368990040947882e+00
-7.793575337434898387e+00 1.951660834882945394e+00
-6.788444706705729637e+00 1.952396814511765832e+00
-5.534867880566407550e+00 1.953631052879923891e+00
-4.513973959505209521e+00 1.954787819708206031e+00
-3.500333941959635986e+00 1.955766826496362798e+00
-2.491343862565105205e+00 1.957103475872712384e+00
-1.486352729980469078e+00 1.957968397858996568e+00
-4.625293478841146499e-01 1.958763277083201748e+00
8.041138044596355394e-01 1.959787917792106704e+00
1.778833839680990181e+00 1.960601899587787633e+00
2.784894458040364729e+00 1.961242366359226441e+00
3.795326018261720336e+00 1.961690215534946935e+00
4.798271178059897224e+00 1.962296191552331370e+00
5.811585699934896709e+00 1.962555668148216803e+00
7.062744558235678483e+00 1.963400956936039554e+00
8.076803070214845448e+00 1.963764436421072901e+00
9.074912294335939933e+00 1.964151794120452044e+00
1.008478586197916904e+01 1.964727524399665803e+00
1.110279682138672186e+01 1.965302193424908639e+00
1.207356440917969032e+01 1.966045071204539418e+00
1.332723423408203445e+01 1.966914238206707299e+00
1.434078125286458771e+01 1.967737771288126325e+00
1.534884134462890870e+01 1.968338441035657027e+00
1.636634081083984782e+01 1.969045766807262510e+00
1.737644687539062716e+01 1.969361489863605819e+00
1.838060101910807731e+01 1.970026896103360903e+00
1.939177656943359906e+01 1.970625973969934552e+00
2.063954097288412015e+01 1.970941697026277639e+00
2.166485233518880449e+01 1.971173581018919485e+00
2.262613404915364868e+01 1.971641063393101412e+00
2.364358701598307633e+01 1.971603919504119951e+00
2.463932477164713930e+01 1.971859151084121464e+00
2.565766122672526706e+01 1.971705799885326016e+00
2.666795328880208515e+01 1.971815639671314235e+00
2.793454994176432393e+01 1.972056544322708938e+00
2.895521136591797529e+01 1.972228467465995116e+00
2.997745376904296677e+01 1.972195568592896908e+00
3.099281426370443171e+01 1.972241733140631226e+00
3.201612615260416561e+01 1.972222099942169571e+00
3.301939680807290500e+01 1.972614233284417429e+00
3.403508279840493600e+01 1.972623784570155525e+00
3.506402111246745079e+01 1.972375981767949815e+00
3.607147671227213692e+01 1.972400921236266313e+00
3.732147308603515512e+01 1.972562762466828490e+00
3.835366635680338021e+01 1.972433289482378616e+00
3.936456291083984382e+01 1.972728848713274807e+00
4.037643595188802692e+01 1.972167975989653543e+00
4.138626302014974101e+01 1.972327164085288631e+00
4.238930117871093728e+01 1.972107484513312414e+00
4.341196207626953196e+01 1.972325572204332467e+00
4.438379914983724461e+01 1.972229528719965819e+00
4.539181274222005413e+01 1.972406227506120935e+00
4.639261893046875684e+01 1.972394553712441212e+00
4.741500083173828273e+01 1.972250753799383638e+00
4.842594388515625781e+01 1.972331409101172106e+00
4.944162987548828170e+01 1.972549496792192603e+00
5.044225006621094565e+01 1.972773952007037979e+00
5.145933103798827801e+01 1.972487944061880105e+00
5.246757712727864487e+01 1.972568068736683333e+00
5.347187076914062942e+01 1.972430636347451305e+00
5.445826214912109720e+01 1.972335123490070563e+00
5.546088181324870447e+01 1.972619539554272272e+00
5.646020002128906867e+01 1.972420023807742284e+00
5.746640013779297362e+01 1.972674724760758558e+00
5.847204226171875519e+01 1.972816932792859523e+00
5.949256418772786503e+01 1.972687459808409649e+00
6.049834580979818810e+01 1.972813749030946973e+00
6.150900986692709438e+01 1.972521904188949016e+00
6.252051091292318574e+01 1.972603620744708408e+00
6.352526954860026365e+01 1.972620600808242530e+00
6.455151089853514179e+01 1.972483699045996408e+00
6.550484121826171702e+01 1.972309653394768603e+00
6.651299430878906094e+01 1.972358471077430453e+00
6.751789244261067324e+01 1.972437534498262313e+00
6.852553403994140524e+01 1.972438595752233459e+00
6.953396612675781796e+01 1.972431697601422673e+00
7.054862913069661090e+01 1.972311245275724989e+00
7.155352726451822321e+01 1.972235365616805680e+00
7.255623992740883921e+01 1.972369614244124936e+00
7.357043793753256011e+01 1.972687459808409649e+00
7.456896565608725780e+01 1.972472025252316685e+00
7.558367515940756221e+01 1.972291081450278316e+00
7.654677034925128964e+01 1.972505985379385152e+00
7.755008750410156892e+01 1.972833382229408627e+00
7.854759223626304276e+01 1.972504924125414894e+00
7.956155774947917791e+01 1.972703378617972847e+00
8.057180331217448099e+01 1.972692766078264048e+00
