# User			Meike Reginka
# Sample		2020_0446_1
# State			after FC
# Profile		mere_beads_forc.txt
# Comment
# ML
# 
# Meas. type 		FORC
# angle (deg)		 0.000
# Hmin (kA/m)		-80.000
# Hmax (kA/m)		80.000
# pts./branch		161
# time/pt. (s)		 0.020
# dt (s)		 0.020
# nCycles		5
# Hstop (kA/m)		 0.000
# wait (s)		60.000
# nSched		5
# nMinorLoops		10
# nX			2
# nY			2
# dx (mm)		 0.250
# dy (mm)		 0.250
# avg. raster		no average raster
# Number			17
# ID			310331
# -----------------------------------------------
# H (kA/m) 	 I (arb.u.)
8.163905711660157749e+01 1.971444200781499179e+00
8.075533637099609052e+01 1.971642124647072114e+00
7.983878706204427544e+01 1.971520080440418488e+00
7.889029267799479328e+01 1.971264318233431290e+00
7.791231768606770913e+01 1.971399628114721025e+00
7.691681242731119994e+01 1.971391138082953631e+00
7.593525698300780391e+01 1.971581102543745079e+00
7.495542201582031794e+01 1.971545019908734764e+00
7.395010538756510243e+01 1.971564122480210957e+00
7.294632323889975112e+01 1.971529631726156584e+00
7.192245335742187251e+01 1.971509998527695151e+00
7.092253065742188767e+01 1.971415546924284889e+00
6.991870200937499646e+01 1.971414485670313743e+00
6.889552961861978986e+01 1.971390607455968835e+00
6.788435406829427166e+01 1.971092395090145777e+00
6.687327151673177639e+01 1.971081251923450850e+00
6.587125634456378975e+01 1.971050475558294712e+00
6.490197673697917935e+01 1.971411832535386655e+00
6.386889997796223639e+01 1.971148110923617969e+00
6.287060475631511025e+01 1.970978310288273638e+00
6.186696210579427913e+01 1.971490895956218736e+00
6.085202010556641028e+01 1.971264848860416752e+00
5.983424164306641302e+01 1.971185785439584670e+00
5.882236860201822992e+01 1.971390076828982929e+00
5.781649398118489103e+01 1.971290849582703730e+00
5.681229333808594362e+01 1.971628858972435783e+00
5.579953680878906397e+01 1.971435710749731784e+00
5.479352268981119778e+01 1.971704738631355092e+00
5.382763753707683207e+01 1.971303054003369359e+00
5.280762710426432704e+01 1.971377872408317744e+00
5.179115062444662243e+01 1.971499916614971371e+00
5.078899595413412271e+01 1.971344973535219980e+00
4.978423731845703060e+01 1.971259011963576668e+00
4.876827233183593790e+01 1.971327462844699951e+00
4.774463494726563084e+01 1.971633634615304942e+00
4.673462188147786378e+01 1.971332238487568889e+00
4.572828226682943153e+01 1.971252644439751567e+00
4.471836219980468741e+01 1.971432526987818790e+00
4.372118296331380094e+01 1.971424567583037746e+00
4.273018814456379744e+01 1.971243093154013470e+00
4.171831510351562855e+01 1.971275992027111235e+00
4.070895302906901492e+01 1.971529631726156584e+00
3.969647549606119696e+01 1.971788047068070870e+00
3.868436995810547074e+01 1.971740821266365629e+00
3.741270487255859933e+01 1.971465956487902460e+00
3.640878322574869941e+01 1.971344442908234518e+00
3.539630569274088856e+01 1.971252644439751123e+00
3.438592063190103687e+01 1.971389015575012227e+00
3.336656119042968527e+01 1.971625675210523232e+00
3.239714208470052625e+01 1.971643185901042816e+00
3.137173772363281898e+01 1.971710575528194953e+00
3.035726071722005059e+01 1.971753025687031258e+00
2.934841013597005244e+01 1.971872947385743036e+00
2.808934638281250784e+01 1.971514774170564088e+00
2.706510450628255882e+01 1.971283420804907927e+00
2.605625392503255355e+01 1.971698371107529768e+00
2.503484851077474360e+01 1.971406526265532255e+00
2.402711391468099222e+01 1.971614532043828749e+00
2.301007944228516067e+01 1.971498324734014762e+00
2.201601566435547497e+01 1.971495140972102433e+00
2.073240023776041951e+01 1.971595960099337574e+00
1.971499377031250333e+01 1.971486650940335039e+00
1.870126075400390775e+01 1.971508937273724005e+00
1.768989920615234723e+01 1.971673431639213936e+00
1.667653818489583273e+01 1.971911683155681105e+00
1.565020383619792099e+01 1.972092096330734012e+00
1.464186474814453476e+01 1.971598082607279423e+00
1.338461447086588763e+01 1.971482405924451786e+00
1.236511553125000340e+01 1.971221868074595651e+00
1.139630091748047214e+01 1.971314197170063842e+00
1.038033593085937767e+01 1.971426690090979150e+00
9.368695386718753682e+00 1.971311013408151069e+00
8.372027643424480914e+00 1.971399097487736007e+00
7.111987403255210616e+00 1.971459058337091452e+00
6.098998377050782516e+00 1.971365137360667097e+00
5.085218861360679021e+00 1.971553509940502158e+00
4.076693775781250473e+00 1.971467017741873384e+00
3.067564198242188400e+00 1.971253705693722269e+00
2.078987347330729651e+00 1.971712167409151562e+00
8.376398585286459753e-01 1.971683513551936828e+00
-1.824635730468749939e-01 1.971772658885492691e+00
-1.198521558430990064e+00 1.971740290639380611e+00
-2.201373719466146461e+00 1.971435710749731784e+00
-3.207015843391927579e+00 1.971423506329066377e+00
-4.224515309602866253e+00 1.971384239932143290e+00
-5.483439564615885331e+00 1.971431465733848531e+00
-6.486198726888021682e+00 1.971298808987485662e+00
-7.493328831022137315e+00 1.971579510662788692e+00
-8.507852336816409178e+00 1.971443670154513716e+00
-9.513029466927086730e+00 1.971549795551603923e+00
-1.072545434042968893e+01 1.971551387432559865e+00
-1.174141932705078339e+01 1.971471262757757303e+00
-1.275464085016276528e+01 1.971210724907900946e+00
-1.375047160458984763e+01 1.971039863018585692e+00
-1.475764820810547384e+01 1.970621728954050855e+00
-1.576710328131510863e+01 1.970386130572510552e+00
-1.678692771660156424e+01 1.969789175213879195e+00
-1.803297164293620014e+01 1.969151361577367254e+00
-1.905172659244792399e+01 1.968444035805761549e+00
-2.005262577945964253e+01 1.967503764787542853e+00
-2.101925492229817749e+01 1.966714191833192515e+00
-2.203405742438151549e+01 1.965916659474060468e+00
-2.303807206995443480e+01 1.965417339480751480e+00
-2.429811231012369888e+01 1.964215999985691630e+00
-2.531114783570964022e+01 1.963136704697285184e+00
-2.631692945777994908e+01 1.962515871124308253e+00
-2.733926485966797060e+01 1.961688093027005086e+00
-2.835778731227213356e+01 1.960951582771199631e+00
-2.936598690218098895e+01 1.960245848880550312e+00
-3.037167552548828198e+01 1.959266311465408528e+00
-3.135481194876302524e+01 1.958662988582951403e+00
-3.263377743720703705e+01 1.957951417795462223e+00
-3.366680769684244723e+01 1.957298215976372546e+00
-3.468528365006510938e+01 1.956896531348386592e+00
-3.569664519791666635e+01 1.956334066743809164e+00
-3.671354017216796706e+01 1.955791765964678852e+00
-3.772369273610026141e+01 1.955429347733615986e+00
-3.872766088229166570e+01 1.954887577581471136e+00
-3.973999891715494925e+01 1.954450871572444903e+00
-4.075340643779296812e+01 1.953883631324998538e+00
-4.175681659140624902e+01 1.953388025720587340e+00
-4.298333077750651654e+01 1.953221408847156004e+00
-4.398395096822917338e+01 1.952701925028399677e+00
-4.500344990784505228e+01 1.952052437598208234e+00
-4.600946402682291847e+01 1.951635364787644100e+00
-4.700845673919270951e+01 1.951074492064022836e+00
-4.801293637858073282e+01 1.950948733468471197e+00
-4.903271431448567341e+01 1.950369288800359202e+00
-5.003696145696614650e+01 1.950008462450252722e+00
-5.104474255244140579e+01 1.949226848900684317e+00
-5.204573473821615437e+01 1.949103743440059988e+00
-5.301524684270835053e+01 1.948905819574486831e+00
-5.402851486520182078e+01 1.948645812351615936e+00
-5.503211101634114044e+01 1.948512624978267826e+00
-5.603566066809895574e+01 1.948421887763756022e+00
-5.705111416152343651e+01 1.948122614143961817e+00
-5.804750290852864936e+01 1.948018080627828441e+00
-5.907100079495442202e+01 1.947737378952524967e+00
-6.030830283756511534e+01 1.947825993659094923e+00
-6.131431695654297442e+01 1.947632314809405685e+00
-6.232386502851562682e+01 1.947561741420340553e+00
-6.331523184231770074e+01 1.947670519952358070e+00
-6.429334633238931929e+01 1.947521944396432225e+00
-6.530363839446613383e+01 1.947114953498591650e+00
-6.532460961552733636e+01 1.947341000594393412e+00
-6.445065374003904424e+01 1.947483208626493933e+00
-6.353731288841146352e+01 1.947535210071068335e+00
-6.264582674609376056e+01 1.947625416658595121e+00
-6.172132604290365521e+01 1.947586680888656829e+00
-6.078110854876302227e+01 1.947287407268862625e+00
-5.960588318046875855e+01 1.947561741420340553e+00
-5.864525245784505358e+01 1.947265120935473881e+00
-5.768703970305988804e+01 1.947368062570651537e+00
-5.673919631035155930e+01 1.947317653007033300e+00
-5.576517376585286456e+01 1.947257692157677411e+00
-5.481300593066406890e+01 1.947455085396265106e+00
-5.385204971236979787e+01 1.947397247054851066e+00
-5.286393785527343425e+01 1.947398838935807452e+00
-5.193209024980470190e+01 1.947686969388906952e+00
-5.095988118118489751e+01 1.947551128880631754e+00
-4.997851173440756156e+01 1.947429084673977684e+00
-4.899876976598307721e+01 1.947502841824955810e+00
-4.800810044290364687e+01 1.947655131769779890e+00
-4.702645199983724922e+01 1.947297489181586405e+00
-4.604582654316406121e+01 1.947380266991316722e+00
-4.504892630296224354e+01 1.947543700102835507e+00
-4.406783585247396218e+01 1.947569170198137245e+00
-4.282904582965495166e+01 1.947291652284746322e+00
-4.186148669918620158e+01 1.947395124546909218e+00
-4.087769928457031199e+01 1.947384512007200419e+00
-3.988428649798177617e+01 1.947402022697720003e+00
-3.889040871757812567e+01 1.947632845436390925e+00
-3.789527545387370822e+01 1.947542638848864360e+00
-3.689637574026692590e+01 1.947268835324371894e+00
-3.589784802171224243e+01 1.947303326078426267e+00
-3.489722783098958558e+01 1.947362225673811453e+00
-3.388507579365234790e+01 1.947165363062209442e+00
-3.263861337288410880e+01 1.947259284038633798e+00
-3.162381087080077791e+01 1.947173853093976392e+00
-3.067057354983724338e+01 1.947451901634352556e+00
-2.967051135169270992e+01 1.947627539166536526e+00
-2.866310225126953526e+01 1.947698112555601213e+00
-2.765676263662109591e+01 1.947653009261838264e+00
-2.665284098981119598e+01 1.947778767857390125e+00
-2.564264192649739726e+01 1.947672642460299919e+00
-2.438939059602864745e+01 1.947755420270030235e+00
-2.338072601230469161e+01 1.947950691000675860e+00
-2.236806248177083845e+01 1.948099266556602149e+00
-2.134326261266276248e+01 1.947970324199137515e+00
-2.037128604095052253e+01 1.948150737374190644e+00
-1.934769515576172694e+01 1.948185758755230701e+00
-1.808728292054037112e+01 1.948373070081094172e+00
-1.706996945185547432e+01 1.948265883430033485e+00
-1.605502745162760903e+01 1.948668098685005123e+00
-1.503232005468750287e+01 1.948762019661429923e+00
-1.403458282561849302e+01 1.948761489034444239e+00
-1.301564187858073218e+01 1.949112233471827160e+00
-1.201037174970703347e+01 1.949446528472660534e+00
-1.075070350458984691e+01 1.949983522981936446e+00
-9.770775538639325575e+00 1.950186222490378540e+00
-8.765086915332032547e+00 1.950916895849344135e+00
-7.758328806250000653e+00 1.951494218009514503e+00
-6.757894613053387900e+00 1.952002028034590442e+00
-5.507386746093750673e+00 1.952932747767071042e+00
-4.476960451822917797e+00 1.954332541754689290e+00
-3.476619257389323536e+00 1.955227709479144593e+00
-2.459863781282552786e+00 1.956256595203933246e+00
-1.457755610351562758e+00 1.956963920975538729e+00
-4.409536348632812630e-01 1.958257058939081752e+00
8.269450007812502168e-01 1.959086428917340861e+00
1.797805587337239830e+00 1.959805959109611750e+00
2.813631075813802340e+00 1.960185888031194423e+00
3.817041229427085014e+00 1.960788149659681068e+00
4.825659313769532943e+00 1.960923990167956266e+00
5.830138953157553594e+00 1.961633438447504041e+00
7.091806671679688812e+00 1.962099328940729581e+00
8.096286311067709462e+00 1.962562035672042349e+00
9.101788936848960176e+00 1.962915433244352137e+00
1.009506222529297226e+01 1.963577125095208986e+00
1.112967346389974388e+01 1.963994197905773120e+00
1.208179479970703341e+01 1.964732830669520203e+00
1.333867308193359591e+01 1.965445993337965991e+00
1.434436170524088894e+01 1.966029152394975554e+00
1.535888521103516169e+01 1.966738070047538089e+00
1.637475719889323500e+01 1.967783405208875624e+00
1.738281729065755599e+01 1.968319869091166296e+00
1.839087738242188408e+01 1.968857924854413133e+00
1.939600801315104661e+01 1.969390674347805792e+00
2.065525776383464063e+01 1.970171757270388957e+00
2.167480320283203454e+01 1.970373395524859905e+00
2.264082785371094531e+01 1.970541073652262387e+00
2.364693497145182732e+01 1.970653566573177917e+00
2.464341671722005600e+01 1.970886511819790687e+00
2.565733573105469034e+01 1.970766059494093447e+00
2.666846478199869352e+01 1.971000065994676920e+00
2.794450080940755754e+01 1.971031903613803982e+00
2.896023329912110000e+01 1.971049944931309472e+00
2.997587279007161243e+01 1.971054720574178409e+00
3.099123328473307382e+01 1.971022882955051347e+00
3.202310105983072930e+01 1.971072231264697994e+00
3.301772283033854194e+01 1.971030311732847595e+00
3.402517843014322807e+01 1.971036679256673141e+00
3.506099865266926940e+01 1.970882797430892452e+00
3.607329018815104149e+01 1.971104599510810962e+00
3.732979647532552292e+01 1.970995290351807983e+00
3.834938841370443185e+01 1.971133253368025029e+00
3.937116582301432288e+01 1.971017046058211264e+00
4.037448297786458085e+01 1.971116273304490463e+00
4.138486803870442543e+01 1.971418200059212200e+00
4.238995217005208360e+01 1.971462772725989909e+00
4.341159008121744733e+01 1.971501508495927757e+00
4.437910271230469306e+01 1.971265910114387898e+00
4.539678817604166738e+01 1.971300400868441827e+00
4.639522289583334214e+01 1.971280767669980394e+00
4.740360848326823628e+01 1.971379994916259371e+00
4.842612988268230367e+01 1.971243093154013470e+00
4.942861004866536234e+01 1.971218684312682656e+00
5.044248256311849588e+01 1.971484528432393191e+00
5.144975216539712903e+01 1.971319503439918241e+00
5.245692876891276057e+01 1.971271747011227760e+00
5.347061528583984824e+01 1.971352402313016006e+00
5.444575381549480397e+01 1.971236195003202685e+00
5.544279355384114893e+01 1.971497263480044060e+00
5.644917966787109265e+01 1.971453221440251813e+00
5.745951822932943287e+01 1.971335422249481439e+00
5.845516298623047646e+01 1.971567836869109192e+00
5.948321781204427339e+01 1.971550856805574625e+00
6.049048741432291365e+01 1.971281298296966078e+00
6.149138660133463929e+01 1.971286604566820477e+00
6.250312014423828089e+01 1.971324809709772641e+00
6.351155223105469361e+01 1.971321095320874406e+00
6.453356213727212776e+01 1.971303584630354599e+00
6.548642746318358832e+01 1.971351341059045525e+00
6.649220908525391849e+01 1.971305707138296448e+00
6.749710721907551658e+01 1.971151825312515760e+00
6.850330733557943574e+01 1.971459058337091896e+00
6.951211141744792599e+01 1.971318972812933001e+00
7.052700691829427626e+01 1.971422445075095453e+00
7.153260254283854636e+01 1.971443670154513716e+00
7.253884915872396277e+01 1.971275992027111235e+00
7.354114332718098979e+01 1.971351871686030766e+00
7.454097302841796591e+01 1.971396974979794159e+00
7.555977447731120833e+01 1.971305707138296448e+00
7.652575262880857565e+01 1.971364606733681413e+00
7.752386185292968435e+01 1.971422975702081137e+00
7.852476103994140999e+01 1.971436772003702487e+00
7.953579709212239379e+01 1.971492487837175123e+00
8.054725163873698079e+01 1.971468078995844087e+00
