# User			Meike Reginka
# Sample		2020_0446_1
# State			after FC
# Profile		mere_beads_forc.txt
# Comment
# ML
# 
# Meas. type 		FORC
# angle (deg)		 0.000
# Hmin (kA/m)		-80.000
# Hmax (kA/m)		80.000
# pts./branch		161
# time/pt. (s)		 0.020
# dt (s)		 0.020
# nCycles		5
# Hstop (kA/m)		 0.000
# wait (s)		60.000
# nSched		5
# nMinorLoops		10
# nX			2
# nY			2
# dx (mm)		 0.250
# dy (mm)		 0.250
# avg. raster		no average raster
# Number			66
# ID			310380
# -----------------------------------------------
# H (kA/m) 	 I (arb.u.)
8.157451597506511121e+01 1.971539183011894680e+00
8.070944148144531027e+01 1.971897886854059312e+00
7.978452228382161593e+01 1.971875600520670346e+00
7.883514441152343011e+01 1.971859151084121242e+00
7.786205185465495049e+01 1.972184956053188110e+00
7.686384963177084728e+01 1.971912744409651808e+00
7.588062020973306687e+01 1.972146220283249818e+00
7.490343570729167766e+01 1.972106423259341490e+00
7.388928419654946822e+01 1.971917520052520745e+00
7.288885000335288566e+01 1.972060789338592635e+00
7.187939493014322068e+01 1.972241733140631226e+00
7.087649626972657302e+01 1.972628560213024684e+00
6.986931966621094148e+01 1.972450800172898644e+00
6.885102971051433940e+01 1.972105892632355806e+00
6.784059815029297624e+01 1.972123403322875834e+00
6.683388654059244516e+01 1.972052299306825240e+00
6.582638444140624756e+01 1.972068748743374345e+00
6.485696533567708855e+01 1.971864987980961104e+00
6.383635041090494866e+01 1.971771597631521988e+00
6.283140577770183199e+01 1.971847477290441297e+00
6.181488279850262302e+01 1.972060789338592635e+00
6.081282112695313913e+01 1.971958908957385903e+00
5.979304319104817722e+01 1.972113321410152054e+00
5.878354161845702919e+01 1.971916989425535505e+00
5.777501653287760064e+01 1.971909560647739257e+00
5.676635194915363769e+01 1.971841640393601658e+00
5.575489740253905779e+01 1.972189201069071363e+00
5.475106875449219501e+01 1.971973766512978843e+00
5.378629958691407609e+01 1.971985440306658566e+00
5.276884662008464488e+01 1.971999236608280359e+00
5.175911255058593952e+01 1.971858089830150762e+00
5.074621652314453968e+01 1.971889396822292362e+00
4.974657281943359521e+01 1.972198221727824219e+00
4.873297930126953759e+01 1.971829435972936473e+00
4.770873742473958146e+01 1.971882498671480910e+00
4.670318829957682283e+01 1.971823599076095945e+00
4.569954564905599881e+01 1.972048054290941543e+00
4.469046257089843976e+01 1.972435942617305926e+00
4.369518980904948080e+01 1.972013563536887393e+00
4.270763594453125478e+01 1.971826782838008940e+00
4.169711138554687579e+01 1.971855967322208691e+00
4.068123939768879893e+01 1.971614532043828749e+00
3.966825037148437616e+01 1.971489834702247812e+00
3.866260824755859460e+01 1.971524856083287425e+00
3.739126865768229635e+01 1.971681391043995424e+00
3.637688465003255800e+01 1.971875600520670124e+00
3.537565996735025919e+01 1.971603388877134266e+00
3.436997134404296617e+01 1.971881968044495892e+00
3.335196038463541157e+01 1.971970052124080386e+00
3.237593836673177350e+01 1.971961031465327752e+00
3.135550943948568658e+01 1.971956786449444055e+00
3.034596136751302708e+01 1.972025237330567338e+00
2.933869176523437261e+01 1.971768944496594900e+00
2.807232760917969117e+01 1.971939806385909710e+00
2.705031770296224281e+01 1.971753025687031258e+00
2.603760767304687818e+01 1.971909030020753795e+00
2.501862022662760765e+01 1.971756740075929493e+00
2.400539870351562399e+01 1.971887274314350069e+00
2.295804663437500892e+01 1.971654859694723205e+00
2.199602093030599903e+01 1.971910091274724497e+00
2.071798542949219168e+01 1.971539713638879920e+00
1.970020696699219442e+01 1.971822007195139781e+00
1.868749693707682624e+01 1.971848538544412222e+00
1.768576076119792262e+01 1.971960500838342289e+00
1.666017040260416948e+01 1.971884621179422981e+00
1.564276393515625330e+01 1.972057605576679862e+00
1.463498283968099400e+01 1.971827313464994624e+00
1.337522159580078451e+01 1.971716943052020499e+00
1.236437154114583592e+01 1.971820945941169079e+00
1.139123248489583773e+01 1.972024706703581876e+00
1.037917344632161587e+01 1.972300102109030950e+00
9.369718373111981080e+00 1.972038503005203669e+00
8.378351559309896501e+00 1.972088381941835777e+00
7.114870364908856715e+00 1.972004012251149296e+00
6.108298253352866247e+00 1.972335123490070563e+00
5.084381872493491272e+00 1.972263488847034729e+00
4.083343187337240998e+00 1.972092096330734012e+00
3.078445053515625585e+00 1.972080953164039530e+00
2.065502526692708951e+00 1.971939275758924470e+00
8.498226964843752507e-01 1.971939806385909710e+00
-1.721407103515625314e-01 1.971719065559962791e+00
-1.179921805826823267e+00 1.971935561370026013e+00
-2.190399865429687676e+00 1.971580041289774377e+00
-3.190508562955729488e+00 1.972110137648239503e+00
-4.198754652246095453e+00 1.972016747298800388e+00
-5.465025809537761958e+00 1.971643185901042816e+00
-6.458113100455730837e+00 1.971782210171230787e+00
-7.465847696549480439e+00 1.971779026409318236e+00
-8.473117298828126920e+00 1.971689350448777134e+00
-9.486013326269533863e+00 1.971533346115055041e+00
-1.069141679316406623e+01 1.971606572639046817e+00
-1.170682378720703198e+01 1.971569959377051040e+00
-1.272055680351562756e+01 1.971235664376217223e+00
-1.372443195094401602e+01 1.971214439296798959e+00
-1.472156468805338925e+01 1.971001657875633528e+00
-1.473644449013672286e+01 1.970782508930642551e+00
-1.384449335400390879e+01 1.971066924994843816e+00
-1.291687719225260800e+01 1.971172519764948561e+00
-1.197498572037760667e+01 1.971249460677838572e+00
-1.103593071077474264e+01 1.971434118868775620e+00
-9.857078390722659123e+00 1.971489834702247812e+00
-8.911420468945314255e+00 1.971548203670647315e+00
-7.946139808170575414e+00 1.971751964433060555e+00
-6.997133930924480438e+00 1.971784863306158320e+00
-6.025064360449220224e+00 1.971758331956885657e+00
-4.827519289029948979e+00 1.972099525108530260e+00
-3.840755913997397020e+00 1.971974827766949323e+00
-2.866221876302083693e+00 1.971822537822125243e+00
-1.885317423339844645e+00 1.971944051401793407e+00
-9.088769110026042597e-01 1.971824129703081629e+00
1.070415762369791857e-01 1.971739229385409686e+00
1.282778437727865040e+00 1.972174874140464773e+00
2.258893454394531819e+00 1.971999236608280803e+00
3.249841773763021635e+00 1.972020461687698401e+00
4.234280179720053994e+00 1.972014094163872855e+00
5.224205512695313303e+00 1.972364838601255776e+00
6.217432301757813917e+00 1.972513414157181844e+00
7.459198284993490802e+00 1.971842171020587120e+00
8.450379101269533066e+00 1.972110137648239503e+00
9.446581850748700049e+00 1.972091565703748772e+00
1.043343822454427361e+01 1.972012502282916691e+00
1.143191944371745095e+01 1.971976950274891172e+00
1.238185530859375305e+01 1.971997644727323973e+00
1.362966621142578383e+01 1.972236957497762067e+00
1.463558733164062886e+01 1.972245447529529461e+00
1.563922998216146176e+01 1.972240141259674617e+00
1.664226814072265981e+01 1.972477862149156769e+00
1.764498080361328647e+01 1.972277285148656523e+00
1.864016056669922250e+01 1.972153649061046510e+00
1.963361985266927334e+01 1.972366430482211941e+00
2.089305560087890967e+01 1.972395614966411692e+00
2.190502164069010860e+01 1.972348389164706894e+00
2.286193241279297084e+01 1.972336715371026727e+00
2.386366858867187801e+01 1.972386063680673818e+00
2.486731123919271269e+01 1.972187078561129514e+00
2.586388598372396075e+01 1.972074585640214428e+00
2.688319892581380444e+01 1.972178588529362564e+00
2.815160905465495134e+01 1.972129240219715474e+00
2.915567019960937500e+01 1.972173812886493627e+00
3.016944971529948205e+01 1.972278346402627225e+00
3.117569633118489492e+01 1.972138791505454014e+00
3.221081906298828557e+01 1.972334592863084879e+00
3.318953804501952476e+01 1.972251284426369100e+00
3.420582852731119772e+01 1.972467780236432988e+00
3.523379035436197881e+01 1.972277285148656523e+00
3.626379815419922181e+01 1.972343082894852273e+00
3.751709598404948309e+01 1.972641295260675109e+00
3.852292410550130342e+01 1.972257651950194646e+00
3.953214668180338265e+01 1.972373328633022727e+00
4.054401972285157285e+01 1.972345205402793900e+00
4.154808086780599297e+01 1.972461412712607443e+00
4.255195601523437432e+01 1.972743175641881841e+00
4.356461954576822393e+01 1.972600967609781097e+00
4.453417814964193866e+01 1.972399329355310149e+00
4.554070376181640967e+01 1.972374389886993873e+00
4.653820849397786930e+01 1.972004542878134759e+00
4.754752406904297146e+01 1.972160547211856851e+00
4.856172207916666395e+01 1.972412064402960574e+00
4.956499273463541755e+01 1.972100055735515944e+00
5.056710090556640580e+01 1.972299040855059360e+00
5.158329838909504872e+01 1.972178588529362564e+00
5.257875714847006066e+01 1.972405166252150011e+00
5.359304815735677607e+01 1.972332470355143030e+00
5.455600384905599753e+01 1.972214671164373101e+00
5.555871651194661354e+01 1.972362185466328244e+00
5.655482626266275759e+01 1.972081483791025214e+00
5.756814078453776773e+01 1.972184956053188110e+00
5.856545951917318149e+01 1.972145159029279560e+00
5.957537958619792562e+01 1.972248631291442011e+00
6.058757812291667477e+01 1.972214671164373101e+00
6.159591721097006456e+01 1.972083606298967062e+00
6.259360794065754874e+01 1.972124995203832221e+00
6.360306301386719952e+01 1.972154710315017212e+00
6.461563354563800488e+01 1.972252876307325709e+00
6.557705475774740478e+01 1.972152057180089901e+00
6.657088603876952959e+01 1.972304347124914203e+00
6.757908562867839919e+01 1.972400390609280851e+00
6.857659036083984461e+01 1.972241733140631004e+00
6.958567343899740365e+01 1.972150995926119199e+00
7.059638399550782140e+01 1.972233773735849516e+00
7.159007577838542602e+01 1.972286305807409157e+00
7.260678475511068086e+01 1.972216263045329487e+00
7.359559410292970938e+01 1.972082545044995916e+00
7.459723728004557586e+01 1.972118097053021435e+00
7.560980781181642385e+01 1.972188139815100660e+00
7.657206601279295910e+01 1.971954133314516966e+00
7.756984974124348753e+01 1.972206711759591391e+00
7.856465750927735314e+01 1.972012502282916691e+00
7.957253160351564247e+01 1.972361654839343004e+00
8.058528813281247949e+01 1.972460351458636740e+00
