# User			Meike Reginka
# Sample		2020_0446_1
# State			after FC
# Profile		mere_beads_forc.txt
# Comment
# ML
# 
# Meas. type 		FORC
# angle (deg)		 0.000
# Hmin (kA/m)		-80.000
# Hmax (kA/m)		80.000
# pts./branch		161
# time/pt. (s)		 0.020
# dt (s)		 0.020
# nCycles		5
# Hstop (kA/m)		 0.000
# wait (s)		60.000
# nSched		5
# nMinorLoops		10
# nX			2
# nY			2
# dx (mm)		 0.250
# dy (mm)		 0.250
# avg. raster		no average raster
# Number			25
# ID			310339
# -----------------------------------------------
# H (kA/m) 	 I (arb.u.)
8.159753316891276143e+01 1.971037209883658825e+00
8.073566713261719485e+01 1.970969289629520560e+00
7.980721398199871430e+01 1.971126885844199705e+00
7.885834760289714040e+01 1.971031372986818297e+00
7.788311607447917595e+01 1.971074884399625748e+00
7.688472785406901266e+01 1.971040393645571376e+00
7.589219855572915208e+01 1.971036148629687679e+00
7.492826637701823245e+01 1.971106191391767126e+00
7.391518435205078674e+01 1.971142274026777663e+00
7.290275331842447315e+01 1.970977779661287954e+00
7.189194976315103247e+01 1.971261665098504201e+00
7.088891160458983620e+01 1.971170927883991952e+00
6.988322298128254317e+01 1.970974065272389497e+00
6.886484002682291816e+01 1.971039863018585692e+00
6.785129300804037200e+01 1.971262195725489663e+00
6.684216343050131570e+01 1.971546611789690928e+00
6.584563518535155424e+01 1.971080190669480148e+00
6.486645120950521459e+01 1.970949125804073665e+00
6.385104421546224529e+01 1.971200642995177610e+00
6.284758756246745293e+01 1.971229296852391677e+00
6.184664187607421582e+01 1.970976718407317030e+00
6.083462933688151963e+01 1.971138029010893966e+00
5.981201493870443642e+01 1.970978310288273860e+00
5.879911891126303658e+01 1.970692832970101449e+00
5.778529289619139320e+01 1.970663117858916014e+00
5.678988063619792115e+01 1.970656750335090468e+00
5.577554312792969426e+01 1.970348986683529091e+00
5.476659954791666962e+01 1.970324047215212815e+00
5.380103989085286287e+01 1.970396212485233889e+00
5.278293593268229245e+01 1.970032733000200764e+00
5.177231837493490474e+01 1.970525154842698745e+00
5.076672275039062754e+01 1.970454581453633836e+00
4.975963914563802604e+01 1.970684342938333833e+00
4.874302316767577992e+01 1.970506052271222330e+00
4.772198974847005104e+01 1.970717772438417503e+00
4.671839359733073138e+01 1.971091864463160093e+00
4.570242861070963869e+01 1.971186846693555372e+00
4.469934395276692385e+01 1.971233541868275374e+00
4.370574516865234216e+01 1.971463833979960611e+00
4.271600583320312694e+01 1.971158723463327211e+00
4.170817823834635618e+01 1.971047822423367624e+00
4.069928115771485011e+01 1.970675852906566661e+00
3.967768974593099074e+01 1.970866878621328810e+00
3.867930152552082745e+01 1.970711935541577198e+00
3.740786893688151338e+01 1.970845122914925529e+00
3.638618452633463818e+01 1.970874307399125502e+00
3.537045203662108861e+01 1.970847776049852618e+00
3.436866936136067352e+01 1.971021821701080645e+00
3.335577333391927368e+01 1.970830795986318051e+00
3.238830720221354653e+01 1.970784631438584178e+00
3.135681142216797213e+01 1.970894471224572619e+00
3.035182028958333333e+01 1.970825489716463652e+00
2.934031924358723842e+01 1.970836102256172673e+00
2.808167398486328636e+01 1.970786753946526026e+00
2.706412801927083578e+01 1.970975126526361088e+00
2.604644255553385790e+01 1.970652505319206771e+00
2.502903608808594527e+01 1.970704506763781172e+00
2.401158312125651051e+01 1.970893940597586935e+00
2.297929685172526604e+01 1.970824959089478190e+00
2.200164735546875505e+01 1.970911981915092204e+00
2.072212387444661985e+01 1.971060557471018271e+00
1.970708887545573873e+01 1.971028719851891431e+00
1.868433497913412111e+01 1.970866878621328810e+00
1.768855072408854667e+01 1.970837163510143597e+00
1.666551783147786736e+01 1.970703976136795710e+00
1.564127595494792189e+01 1.970813285295798467e+00
1.462926341575521327e+01 1.970898185613470632e+00
1.337870904941406458e+01 1.970774018898875157e+00
1.236227906897786788e+01 1.970653035946192233e+00
1.139067449231771256e+01 1.970722017454301200e+00
1.038001043518880628e+01 1.970519317945859106e+00
9.371857344661462363e+00 1.970417437564652374e+00
8.365936224446617331e+00 1.970581401303156843e+00
7.107383964485679329e+00 1.970363313612136125e+00
6.100346859114584852e+00 1.970846714795882137e+00
5.075314493098960433e+00 1.970316087810431327e+00
4.082692195996094675e+00 1.970561237477709504e+00
3.070912153710938508e+00 1.970386130572510552e+00
2.067269503190104718e+00 1.970213146175253671e+00
8.363378758463544393e-01 1.970012569174753869e+00
-1.811150909830729072e-01 1.970190859841864928e+00
-1.185873726660156668e+00 1.970385599945525534e+00
-2.194584809765625533e+00 1.970282127683362638e+00
-3.202644901529948740e+00 1.970386661199496237e+00
-4.211216486490886091e+00 1.970235963135628543e+00
-5.469908244596354940e+00 1.970149470936999991e+00
-6.481548788736981592e+00 1.970163797865607025e+00
-7.483424462760419615e+00 1.970068815635211301e+00
-8.487997100911462312e+00 1.970112327048018308e+00
-9.505357068977867030e+00 1.970102245135294528e+00
-1.071252751236979606e+01 1.970182369810097756e+00
-1.172728351507161726e+01 1.970190329214879243e+00
-1.274269050911458656e+01 1.970408416905899518e+00
-1.373893975797526323e+01 1.970234371254671935e+00
-1.474151292272135905e+01 1.969866646753754669e+00
-1.575259547428385787e+01 1.969325937855580522e+00
-1.677479137802734499e+01 1.968846781687718650e+00
-1.802869369983724468e+01 1.968338441035656805e+00
-1.902847690169271644e+01 1.967617318962429529e+00
-2.004072193779297706e+01 1.967157795993029312e+00
-2.100339863320312972e+01 1.966081153839549955e+00
-2.201796863837891038e+01 1.965477830957093053e+00
-2.301989081178385987e+01 1.964573111946899431e+00
-2.427411862926432562e+01 1.963568635063442036e+00
-2.528501518330078568e+01 1.962547708743435315e+00
-2.630335163837891344e+01 1.962026102416737139e+00
-2.731559667447917406e+01 1.961091668295358748e+00
-2.832635373037109261e+01 1.960396016317432988e+00
-2.934310920647786247e+01 1.959758202680921046e+00
-3.035284327597656429e+01 1.958638049114635127e+00
-3.133258524440104509e+01 1.957952479049432926e+00
-3.259601993942057163e+01 1.957223397571424162e+00
-3.363672259700521039e+01 1.956786691562398595e+00
-3.466096447353515231e+01 1.956352638688299894e+00
-3.567014055045572718e+01 1.955775847155114766e+00
-3.668182759397786441e+01 1.955488777955986635e+00
-3.770002455091145066e+01 1.954888108208456377e+00
-3.870194672431640726e+01 1.954413197056478202e+00
-3.971581923876953368e+01 1.954041227539677239e+00
-4.072081037135416182e+01 1.953321697347405905e+00
-4.172980045074869793e+01 1.952794784750853552e+00
-4.295208319313152145e+01 1.952617024710727733e+00
-4.395447036035156430e+01 1.952081091455422301e+00
-4.496704089212239808e+01 1.951796675391221259e+00
-4.597179952779948309e+01 1.951422583366478669e+00
-4.697985961956380407e+01 1.951072369556080988e+00
-4.799150016370442984e+01 1.950439862189424112e+00
-4.900844163733725622e+01 1.950166058664931645e+00
-5.001468825322265843e+01 1.949651881116030383e+00
-5.102107436725260925e+01 1.949562735782474521e+00
-5.201518464456380997e+01 1.949593512147630436e+00
-5.298618472926433753e+01 1.949001863058853035e+00
-5.399187335257161635e+01 1.948589565891158060e+00
-5.500342089794921918e+01 1.948517400621136986e+00
-5.599529920494792634e+01 1.948391111398600106e+00
-5.700414978619792805e+01 1.947991018651570094e+00
-5.701661162044271691e+01 1.948124736651903888e+00
-5.614632919609375961e+01 1.947797870428866096e+00
-5.523419732838542728e+01 1.947797870428866318e+00
-5.430569767838542816e+01 1.947751705881132001e+00
-5.335548281722005015e+01 1.948220780136270314e+00
-5.246236919654948139e+01 1.948098205302631003e+00
-5.151912924261068127e+01 1.947980406111861074e+00
-5.056696140742187140e+01 1.947698643182586897e+00
-4.960730717180990723e+01 1.947675826222212692e+00
-4.865262837001954210e+01 1.948274904088786119e+00
-4.767725734345702904e+01 1.947984120500759531e+00
-4.670156082122396413e+01 1.947816973000342733e+00
-4.575204345078125812e+01 1.947855178143294896e+00
-4.476500107945963691e+01 1.947683255000009162e+00
-4.380339386982422667e+01 1.947685377507950566e+00
-4.257683318434245479e+01 1.947850933127411199e+00
-4.163075676813150494e+01 1.947984651127744549e+00
-4.064664385784505640e+01 1.948074327088285873e+00
-3.966848286839192639e+01 1.948090776524834755e+00
-3.868311447480468956e+01 1.948030285048493626e+00
-3.770244251875000430e+01 1.948225555779139473e+00
-3.670405429833984101e+01 1.948405438327207140e+00
-3.571812791217447369e+01 1.948158696778972576e+00
-3.472318064599609500e+01 1.948258985279222699e+00
-3.373000035631510229e+01 1.948350783747705428e+00
-3.248888536442057529e+01 1.948310986723796878e+00
-3.148370823430990129e+01 1.948033468810406177e+00
-3.053586484160156544e+01 1.947949629746705158e+00
-2.953789511562500536e+01 1.948161880540885127e+00
-2.854485432408854706e+01 1.948380498858890864e+00
-2.754558261542968722e+01 1.948133757310656522e+00
-2.653477906015625365e+01 1.948629362915067054e+00
-2.553499585830078544e+01 1.948353967509618645e+00
-2.428490648577474076e+01 1.948495644914733482e+00
-2.328400729876302933e+01 1.948806592328207188e+00
-2.227999265319010647e+01 1.948800755431367993e+00
-2.125561127851563015e+01 1.949352076869250716e+00
-2.028461119381510969e+01 1.949386567623305089e+00
-1.927097117626953704e+01 1.949302197932618164e+00
-1.801558087425130594e+01 1.949183868114862994e+00
-1.700682329176432717e+01 1.949561143901518356e+00
-1.598513888121745197e+01 1.949981931100980281e+00
-1.496908089583333812e+01 1.949976624831126104e+00
-1.396269478180339085e+01 1.949981931100980503e+00
-1.295802914488932700e+01 1.950415983975078760e+00
-1.194666759703776293e+01 1.950668562420153185e+00
-1.068788284016927292e+01 1.950816076722108550e+00
-9.714092792578128410e+00 1.951462380390386997e+00
-8.721842490527345504e+00 1.951795614137250112e+00
-7.709550955045575193e+00 1.952545390067691677e+00
-6.707303285970053430e+00 1.953461782871565022e+00
-5.445961063118490486e+00 1.954494913612237372e+00
-4.427066615462240229e+00 1.955427755852659821e+00
-3.426446424739584273e+00 1.956369088124849220e+00
-2.420478805143229550e+00 1.957305644754169016e+00
-1.420509605761719030e+00 1.958020399303570747e+00
-4.004061741861980050e-01 1.958734092599001775e+00
8.586575789713544182e-01 1.959182472401707287e+00
1.837934553580729435e+00 1.959807550990568137e+00
2.846971132356771239e+00 1.960004944229155832e+00
3.849404798958334428e+00 1.960922398286999879e+00
4.854674927832032694e+00 1.961122975287500125e+00
5.867245459602864699e+00 1.961728951304885005e+00
7.116544342643230436e+00 1.962265945814160917e+00
8.129579868229170003e+00 1.962640568465888968e+00
9.132571527408856582e+00 1.962856003021982154e+00
1.013384270947265975e+01 1.963525654277620491e+00
1.114673873691406492e+01 1.964061056905940239e+00
1.211462336305338994e+01 1.964567805677045476e+00
1.336117878258463954e+01 1.965378603710813410e+00
1.438556015725911585e+01 1.966512022951735661e+00
1.538887731210938092e+01 1.967229961263050386e+00
1.639875087975260826e+01 1.967856101105882161e+00
1.740546248945312868e+01 1.968613305814120640e+00
1.841766102617188139e+01 1.969421981339947170e+00
1.942144317483724336e+01 1.969685172324730615e+00
2.066864958570964461e+01 1.970069876889182225e+00
2.169154298017578597e+01 1.970196696738704789e+00
2.265556815764974274e+01 1.970605810144487435e+00
2.365604885022787229e+01 1.970821775327565861e+00
2.466717790117188258e+01 1.970875899280081445e+00
2.566519412652994703e+01 1.970753855073427818e+00
2.668441406985677133e+01 1.970697608612970164e+00
2.796161258180339004e+01 1.971138029010894188e+00
2.897553159563801728e+01 1.971318442185947539e+00
2.999210107421875193e+01 1.970979371542244341e+00
3.100420661217447815e+01 1.971303054003369359e+00
3.202919247880858933e+01 1.971203296130104476e+00
3.303274213056641173e+01 1.971116273304490463e+00
3.403020036334635279e+01 1.971392199336924778e+00
3.506402111246745079e+01 1.971412893789357357e+00
3.609268043024088257e+01 1.971580571916759617e+00
3.734035183492839138e+01 1.971457997083120750e+00
3.837082462858072773e+01 1.971322156574845330e+00
3.937958221106771362e+01 1.971334360995511181e+00
4.038257387024739842e+01 1.971096640106029030e+00
4.139528390016275949e+01 1.971392729963910462e+00
4.240074002656250229e+01 1.971692003583704667e+00
4.342274993277995065e+01 1.971356116701914463e+00
4.439268053170573580e+01 1.971525917337258349e+00
4.539790416119792127e+01 1.971703677377384167e+00
4.640494126656901841e+01 1.971601796996177658e+00
4.741504733111980130e+01 1.971735514996511673e+00
4.842780386041666674e+01 1.971398566860750323e+00
4.944465233528646309e+01 1.971578980035803674e+00
5.044020409342447664e+01 1.971532284861083895e+00
5.145891254355470323e+01 1.971444731408484419e+00
5.246585665016275613e+01 1.971465425860916998e+00
5.347159177285157483e+01 1.971298278360499978e+00
5.445370520973307293e+01 1.971313666543078158e+00
5.545437189983724835e+01 1.971516366051520697e+00
5.644880767281901512e+01 1.971618777059712446e+00
5.745891373736979091e+01 1.971744535655263864e+00
5.846418386624349495e+01 1.971498855361000668e+00
5.948219482565104954e+01 1.971296155852558130e+00
6.047937406214192890e+01 1.971564122480210735e+00
6.148831764215495355e+01 1.971381056170230295e+00
6.249456425804036286e+01 1.971368321122579648e+00
6.350406583063151089e+01 1.971052067439251321e+00
6.452728472076822186e+01 1.971556693702414265e+00
6.548396299596355163e+01 1.971435710749731784e+00
6.648621066503906718e+01 1.971488773448276888e+00
6.749701422031250786e+01 1.971377341781332504e+00
6.849368196360676109e+01 1.971140151518835815e+00
6.950025407516275777e+01 1.971581633170730541e+00
7.051380109394531814e+01 1.971249460677838572e+00
7.151823423395182999e+01 1.971218684312682656e+00
7.252355086220703129e+01 1.971228235598420753e+00
7.352979747809244770e+01 1.970959207716797668e+00
7.452186178261719363e+01 1.971226643717464588e+00
7.554452268017578831e+01 1.971647961543911975e+00
7.650622288857421438e+01 1.971412893789357357e+00
7.750182114609374651e+01 1.971234603122246298e+00
7.851034623167318216e+01 1.971264848860416752e+00
7.951724383889973069e+01 1.971412363162372117e+00
8.052669891210938147e+01 1.971318442185947539e+00
