# User			Meike Reginka
# Sample		2020_0446_1
# State			after FC
# Profile		mere_beads_forc.txt
# Comment
# ML
# 
# Meas. type 		FORC
# angle (deg)		 0.000
# Hmin (kA/m)		-80.000
# Hmax (kA/m)		80.000
# pts./branch		161
# time/pt. (s)		 0.020
# dt (s)		 0.020
# nCycles		5
# Hstop (kA/m)		 0.000
# wait (s)		60.000
# nSched		5
# nMinorLoops		10
# nX			2
# nY			2
# dx (mm)		 0.250
# dy (mm)		 0.250
# avg. raster		no average raster
# Number			13
# ID			310327
# -----------------------------------------------
# H (kA/m) 	 I (arb.u.)
8.166174881477864744e+01 1.972136138370526481e+00
8.080146375745442811e+01 1.972050707425869298e+00
7.986217625094400319e+01 1.972236426870776604e+00
7.891396086318360403e+01 1.972263488847034729e+00
7.794333277353514688e+01 1.972154179688031750e+00
7.694592104013673861e+01 1.972241202513645764e+00
7.594278988281249099e+01 1.972352634180590591e+00
7.499025005257162491e+01 1.972138791505453570e+00
7.396512468779296512e+01 1.972046462409985157e+00
7.296073804716797895e+01 1.971863926726990179e+00
7.194747002467447317e+01 1.972302224616972355e+00
7.094880280797526950e+01 1.971968990870109684e+00
6.993069884980468487e+01 1.972193446084955060e+00
6.891664033782551257e+01 1.971973235885993381e+00
6.791044022132160762e+01 1.971976419647905931e+00
6.689721869820964173e+01 1.971857559203164856e+00
6.589204156809894641e+01 1.971992338457469351e+00
6.491918150813802413e+01 1.971844293528528524e+00
6.390526249430338623e+01 1.972117566426035751e+00
6.289431944088542537e+01 1.972054421814767311e+00
6.187877294869790745e+01 1.971941928893851781e+00
6.087745526725262124e+01 1.971817231552270844e+00
5.985628234990233665e+01 1.971908499393768111e+00
5.884385131627604437e+01 1.971972174632022234e+00
5.784085965709635246e+01 1.971861273592063091e+00
5.682810312779947992e+01 1.971874008639714182e+00
5.581813656139323143e+01 1.971595960099338019e+00
5.481784186634114775e+01 1.971651675932810210e+00
5.384447031318359222e+01 1.971921765068404442e+00
5.282571536367188969e+01 1.971948827044662567e+00
5.181388882200521095e+01 1.971799720861751259e+00
5.081024617148437983e+01 1.972079361283083365e+00
4.979651315517578780e+01 1.972116505172065049e+00
4.877413125390624771e+01 1.972103770124413957e+00
4.776560616832682626e+01 1.971972174632022234e+00
4.675684858583984038e+01 1.972147812164206648e+00
4.574111609612630502e+01 1.972127117711773625e+00
4.473114952972005653e+01 1.972156302195973598e+00
4.373615576416015216e+01 1.971964215227240746e+00
4.274664892561849427e+01 1.972070871251316193e+00
4.173570587220052630e+01 1.971957317076429739e+00
4.072806427486979430e+01 1.972015155417843779e+00
3.971660972825520730e+01 1.972105892632355806e+00
3.870478318658854278e+01 1.972026298584538040e+00
3.744051150270182404e+01 1.971827313464994180e+00
3.641878059277343027e+01 1.972008787894018456e+00
3.540374559378255270e+01 1.971900539988986401e+00
3.439591799892578194e+01 1.971753025687031702e+00
3.338404495787760595e+01 1.971832619734849024e+00
3.241574183730468661e+01 1.971824660330067092e+00
3.138429255664063078e+01 1.971923356949360828e+00
3.037251251435547061e+01 1.971879314909568137e+00
2.936491741640625364e+01 1.971687227940835729e+00
2.810283120345052410e+01 1.971805027131605659e+00
2.707412538629557730e+01 1.971643185901043260e+00
2.605774190524088851e+01 1.971869763623830485e+00
2.504949581595052521e+01 1.971931316354142982e+00
2.403088036458333931e+01 1.971855967322208913e+00
2.302230877962240285e+01 1.971900539988986401e+00
2.203847486562500535e+01 1.971612409535886901e+00
2.073867765426432896e+01 1.971689350448777134e+00
1.973108255631510843e+01 1.971577918781832528e+00
1.871297859814453801e+01 1.971749841925118707e+00
1.770273303544922427e+01 1.971900009362001160e+00
1.667486420716146256e+01 1.971803435250649050e+00
1.565792273352865038e+01 1.971998705981294897e+00
1.465046713372396248e+01 1.971956255822458592e+00
1.337703507167968908e+01 1.971840579139630734e+00
1.237399691311849281e+01 1.971877723028611973e+00
1.140155534759114886e+01 1.971775312020420223e+00
1.038861282076823223e+01 1.971825190957052776e+00
9.378878751269533964e+00 1.971811394655430760e+00
8.377189074772138255e+00 1.971949357671648251e+00
7.114405371093751818e+00 1.971875069893684884e+00
6.106484777473959902e+00 1.972009849147989158e+00
5.094890732714844717e+00 1.972079361283083365e+00
4.079530238053386881e+00 1.972145159029279116e+00
3.068261688964844414e+00 1.972042217394101904e+00
2.070152464843750817e+00 1.972094749465661323e+00
8.383838486328127892e-01 1.972418962553771582e+00
-1.856720303710937825e-01 1.972373328633023171e+00
-1.191500151822916909e+00 1.971989154695556579e+00
-2.196491284407552591e+00 1.971973235885992937e+00
-3.211712280924480023e+00 1.971806088385576361e+00
-4.217772899283854571e+00 1.971979603409818482e+00
-5.479115122135418403e+00 1.972040625513145518e+00
-6.485408237402345399e+00 1.971874539266699422e+00
-7.493933322981772172e+00 1.971806088385576139e+00
-8.503434895572919316e+00 1.971910091274724497e+00
-9.512703971256511792e+00 1.971793883964910954e+00
-1.073247574703776230e+01 1.971554571194472860e+00
-1.174751074602864698e+01 1.971347626670147068e+00
-1.275603583160807375e+01 1.971350810432059619e+00
-1.375474954768880664e+01 1.971170397257006490e+00
-1.476783157265625590e+01 1.971112558915592672e+00
-1.577440368421224370e+01 1.970632341493759654e+00
-1.678911318753256054e+01 1.970251351318206279e+00
-1.804464298769531538e+01 1.969401286887514146e+00
-1.905507454791667143e+01 1.968834046640068003e+00
-2.005797320833334041e+01 1.968021656725342572e+00
-2.102720631653646421e+01 1.967295228382260674e+00
-2.203907935758464021e+01 1.966400591284791055e+00
-2.304737194625651497e+01 1.965591915758964525e+00
-2.430039077981771101e+01 1.964461680279955047e+00
-2.532681812727864923e+01 1.963643453468390421e+00
-2.633371573450521197e+01 1.962952046506348580e+00
-2.734809974215495032e+01 1.962045735615198794e+00
-2.836471572011718933e+01 1.961208406232157975e+00
-2.937472878590494929e+01 1.960324381674396932e+00
-3.039776167851562860e+01 1.959329986703662874e+00
-3.136955225270182268e+01 1.958803604734095760e+00
-3.265219119228515154e+01 1.957842639263444928e+00
-3.369526531832682537e+01 1.957369850619408602e+00
-3.469202606038411574e+01 1.956836570499030703e+00
-3.570520108411458438e+01 1.956355822450212445e+00
-3.672576950950520569e+01 1.955661231726258054e+00
-3.774378046891276028e+01 1.955428286479645283e+00
-3.873863473632813026e+01 1.954825494224173177e+00
-3.975459972294922295e+01 1.954291683476809816e+00
-4.076131133264973982e+01 1.954087922714396797e+00
-4.177364936751302338e+01 1.953442680300088830e+00
-4.298681823111979838e+01 1.953087690846822433e+00
-4.400138823629558260e+01 1.952742783306279151e+00
-4.500902983362630749e+01 1.952194115003323294e+00
-4.602387883509115341e+01 1.951633772906687714e+00
-4.701831460807292729e+01 1.951201311913545400e+00
-4.803744155263672155e+01 1.950531660657906841e+00
-4.905098857141928193e+01 1.950200018792000556e+00
-5.005495671761067911e+01 1.950181977474494843e+00
-5.106827123948568214e+01 1.949970787934286243e+00
-5.207837730403646503e+01 1.949457671639355461e+00
-5.303393959407551961e+01 1.949108519082928925e+00
-5.404906759182942011e+01 1.948740263955026197e+00
-5.505619769596354729e+01 1.948636261065877839e+00
-5.606021234153647015e+01 1.948385274501759801e+00
-5.706259950875651299e+01 1.948365641303298368e+00
-5.806633515804036705e+01 1.948380498858890864e+00
-5.908323013229166065e+01 1.948061592040635226e+00
-6.033276151223958550e+01 1.947741623968408220e+00
-6.134775001184896581e+01 1.947843504349614951e+00
-6.234292977493490184e+01 1.947625416658594677e+00
-6.333466858378906750e+01 1.947433860316847065e+00
-6.431264357571613743e+01 1.947501249943999646e+00
-6.532693458460285285e+01 1.947545822610776911e+00
-6.633550616956381418e+01 1.947524597531359092e+00
-6.733133692399088943e+01 1.947474187967741521e+00
-6.834381445699868607e+01 1.947485331134435782e+00
-6.934913108525388736e+01 1.947437574705745078e+00
-6.936819583167316239e+01 1.947598885309322458e+00
-6.850591130094399261e+01 1.947584027753729519e+00
-6.759015248147787247e+01 1.947445534110527010e+00
-6.666425679684243732e+01 1.947298019808571645e+00
-6.573952359674478885e+01 1.947361695046825547e+00
-6.481134944241536289e+01 1.947442880975599699e+00
-6.383932637132161858e+01 1.947590395277555064e+00
-6.293928434280599049e+01 1.947652478634852802e+00
-6.199860185485025710e+01 1.947687500015892414e+00
-6.103146121881511021e+01 1.947922567770447033e+00
-5.983912407812499623e+01 1.947624886031609215e+00
-5.886863548662110190e+01 1.947760726539884635e+00
-5.789475244026692025e+01 1.947528842547242789e+00
-5.693109925784505521e+01 1.947705010706412443e+00
-5.595568173190105199e+01 1.947420594642210734e+00
-5.498179868554688454e+01 1.947740032087452056e+00
-5.401712251673177434e+01 1.947511331856722983e+00
-5.302161725797526515e+01 1.947310224229237052e+00
-5.208084177125652303e+01 1.947476841102668832e+00
-5.110649373108724802e+01 1.947121851649402435e+00
-5.011856787151693027e+01 1.947161648673311207e+00
-4.912971202431640450e+01 1.947487984269362871e+00
-4.813639223649089161e+01 1.947698643182586897e+00
-4.714195646350912483e+01 1.947495413047159563e+00
-4.615626257425131485e+01 1.947656723650736499e+00
-4.515931583466797861e+01 1.947807421714604637e+00
-4.416116011116536555e+01 1.947519291261504693e+00
-4.292878700299479533e+01 1.947836606198804166e+00
-4.194983552405599880e+01 1.947474718594726983e+00
-4.096186316510416958e+01 1.947779829111360828e+00
-3.996607891005859869e+01 1.947701826944499892e+00
-3.897006215810546337e+01 1.947520352515475395e+00
-3.797190643460286452e+01 1.947486923015392613e+00
-3.695933590283203074e+01 1.947715623246121242e+00
-3.594913683951822492e+01 1.947467820443915976e+00
-3.495749102942708220e+01 1.947747991492233544e+00
-3.395445287086588593e+01 1.947662560547576582e+00
-3.270166653421223657e+01 1.947950160373690398e+00
-3.168477155996093586e+01 1.947874280714770867e+00
-3.072451283238932618e+01 1.947750114000175614e+00
-2.971794072083334015e+01 1.947786196635186151e+00
-2.872099398125000391e+01 1.947854647516309434e+00
-2.770642397607422325e+01 1.947982528619802922e+00
-2.669496942945963980e+01 1.947915138992650785e+00
-2.568323588655599110e+01 1.947966079183253818e+00
-2.442347464267578516e+01 1.947784074127244525e+00
-2.342159896865234714e+01 1.947885423881465572e+00
-2.240442499811198118e+01 1.947975099842006674e+00
-2.139045948489584248e+01 1.947793625412982399e+00
-2.040895053997396147e+01 1.948019672508784383e+00
-1.938582464860026633e+01 1.948080163985126179e+00
-1.811783301419271197e+01 1.948050448873940743e+00
-1.711153989892578053e+01 1.948184697501259777e+00
-1.608422906321615287e+01 1.948194779413983113e+00
-1.506407913225911877e+01 1.948765734050327936e+00
-1.405536804915364968e+01 1.948729651415317399e+00
-1.304117003902995009e+01 1.949027333154154995e+00
-1.203608590768229192e+01 1.949146724225881533e+00
-1.078018411246745067e+01 1.949523469385550989e+00
-9.784260359277347163e+00 1.949962297902518849e+00
-8.793637535579430065e+00 1.950339573689173767e+00
-7.776510064420574686e+00 1.950862241269842645e+00
-6.775378380501303255e+00 1.951714958835461644e+00
-5.524359020345052329e+00 1.953024015608568309e+00
-4.496583190820314435e+00 1.953713300062668523e+00
-3.492243049576824188e+00 1.954577691421967689e+00
-2.483578465852865236e+00 1.955939810893619457e+00
-1.472774910579427443e+00 1.957095516467930896e+00
-4.571819190104167152e-01 1.957974765382821891e+00
8.125766918945315220e-01 1.958712867519583511e+00
1.782553790201823363e+00 1.959783672776223229e+00
2.788474910416667285e+00 1.960243726372608464e+00
3.803649407552084583e+00 1.960918683898101866e+00
4.807710552506511803e+00 1.961361226803967517e+00
5.812934181998699046e+00 1.961822341654324120e+00
7.081576807747396174e+00 1.962706366212084719e+00
8.078663045475263260e+00 1.962670814204059644e+00
9.090117592089844933e+00 1.963403610070966865e+00
1.009687570117187683e+01 1.963705006198702918e+00
1.111112021067708611e+01 1.964463802787896674e+00
1.207481989248047149e+01 1.965066595043368558e+00
1.332779222666015961e+01 1.965525056758797851e+00
1.434361771513672323e+01 1.966166054157222121e+00
1.535651374257812840e+01 1.967232614397977919e+00
1.637033975764974159e+01 1.967711770565839347e+00
1.737426140445964151e+01 1.968437137654950764e+00
1.837539308837891028e+01 1.969131197751920359e+00
1.939033508860677557e+01 1.969698968626352187e+00
2.064744586774089186e+01 1.970107020778163687e+00
2.166685180859375492e+01 1.970187145452967137e+00
2.263115598235677339e+01 1.970486419072760675e+00
2.363749559700521274e+01 1.970489072207687986e+00
2.464448620299479842e+01 1.970867939875299513e+00
2.565133731083984969e+01 1.970897654986485170e+00
2.666879027766927024e+01 1.970931084486568396e+00
2.794501230260416946e+01 1.971073823145655046e+00
2.895688534365234545e+01 1.971171989137963099e+00
2.997805826100260163e+01 1.971300931495427511e+00
3.099481373710937149e+01 1.971343912281248834e+00
3.202575152457681895e+01 1.971264318233431512e+00
3.301442137425129886e+01 1.971138559637879872e+00
3.403359481819661170e+01 1.971210724907900946e+00
3.506420710999348245e+01 1.971286073939834571e+00
3.606961673701172089e+01 1.971572612511978129e+00
3.732895948645832362e+01 1.971341789773306763e+00
3.835045789947917427e+01 1.971091333836174631e+00
3.936753887125651374e+01 1.971332238487568889e+00
4.037624995436198816e+01 1.971399097487736007e+00
4.138072959375000437e+01 1.971318442185947539e+00
4.238795269664713317e+01 1.971379994916259593e+00
4.341637951751302182e+01 1.971308360273223759e+00
4.437933520921224329e+01 1.971677146028111949e+00
4.538962727128907204e+01 1.971319503439918241e+00
4.640098881914062900e+01 1.971555632448443562e+00
4.740644494554037891e+01 1.971432526987818790e+00
4.842785035979817110e+01 1.971453221440251813e+00
4.943516646145833704e+01 1.971555101821458322e+00
5.044145957672526492e+01 1.971423506329066599e+00
5.145161214065755217e+01 1.971817762179256306e+00
5.246650764150390955e+01 1.971661757845533991e+00
5.348121714482422817e+01 1.971733923115555065e+00
5.445035725426433260e+01 1.971713228663122486e+00
5.545079144746094357e+01 1.971326932217714489e+00
5.646271098789061682e+01 1.971679268536053575e+00
5.747216606110026049e+01 1.971512651662622240e+00
5.847101927532552423e+01 1.971325340336758103e+00
5.948103234111328419e+01 1.971616654551770154e+00
6.050294924856771672e+01 1.971494610345116971e+00
6.150268595104166991e+01 1.971406526265531811e+00
6.251348950631510348e+01 1.971788577695056333e+00
6.352824550901692646e+01 1.971581102543745523e+00
6.454369900244140013e+01 1.971876131147656031e+00
6.550572470651040646e+01 1.971812986536387147e+00
6.649760301350912073e+01 1.971586408813599478e+00
6.750575610403645044e+01 1.971642124647072114e+00
6.851837313518879569e+01 1.971382648051186681e+00
6.952345726653646807e+01 1.971766821988653051e+00
7.053044787252603953e+01 1.971771597631521988e+00
7.154385539316406550e+01 1.971662819099504693e+00
7.254601006347655812e+01 1.971722249321874898e+00
7.356151005628255746e+01 1.971615062670813989e+00
7.456054926803385285e+01 1.971799190234765353e+00
7.557628175774740953e+01 1.971516896678505937e+00
7.654221340986326538e+01 1.971611878908901438e+00
7.754064812965495435e+01 1.971860742965077851e+00
7.855196317812502116e+01 1.971767352615638291e+00
7.954853792265626566e+01 1.971667064115388390e+00
8.056022496617838158e+01 1.971730739353642292e+00
