# User			Meike Reginka
# Sample		2020_0446_1
# State			after FC
# Profile		mere_beads_forc.txt
# Comment
# ML
# 
# Meas. type 		FORC
# angle (deg)		 0.000
# Hmin (kA/m)		-80.000
# Hmax (kA/m)		80.000
# pts./branch		161
# time/pt. (s)		 0.020
# dt (s)		 0.020
# nCycles		5
# Hstop (kA/m)		 0.000
# wait (s)		60.000
# nSched		5
# nMinorLoops		10
# nX			2
# nY			2
# dx (mm)		 0.250
# dy (mm)		 0.250
# avg. raster		no average raster
# Number			4
# ID			310318
# -----------------------------------------------
# H (kA/m) 	 I (arb.u.)
8.168681198141275956e+01 1.972620070181257290e+00
8.081546007128906695e+01 1.972532516728658258e+00
7.988714641881512080e+01 1.972694888586205897e+00
7.895957675644531548e+01 1.972884853046996900e+00
7.797411536409504151e+01 1.972772890753066832e+00
7.697428566285807960e+01 1.973198984222383601e+00
7.597529295048826725e+01 1.972673663506788078e+00
7.502093964436849660e+01 1.972680031030612957e+00
7.400399817073565600e+01 1.972680561657598863e+00
7.300230849423829227e+01 1.972740522506954752e+00
7.199252792535807544e+01 1.972470963998345983e+00
7.098093388059895403e+01 1.972679500403627717e+00
6.995483202880858187e+01 1.972556394943003388e+00
6.894932940302736313e+01 1.972906608753400626e+00
6.793945583538412336e+01 1.972598314474854009e+00
6.692916377330729460e+01 1.972589824443086615e+00
6.592012719453123282e+01 1.972618478300301126e+00
6.495307955725911597e+01 1.972701786737016683e+00
6.393060465722656005e+01 1.972454514561796657e+00
6.291966160380859918e+01 1.972780850157848764e+00
6.191397298050131326e+01 1.972899179975604156e+00
6.090251843388672626e+01 1.972769176364169041e+00
5.988362398623046801e+01 1.972717705546580325e+00
5.887314592662760759e+01 1.972676847268700406e+00
5.786187737753905935e+01 1.972569129990654035e+00
5.685167831422526774e+01 1.972604151371693648e+00
5.583566682822265648e+01 1.972793054578514393e+00
5.483481414059244941e+01 1.972599375728824711e+00
5.386372105712891312e+01 1.972760155705416629e+00
5.285101102721355915e+01 1.972513414157181622e+00
5.183179108388672063e+01 1.972310714648739527e+00
5.083144988945312548e+01 1.972188670442086122e+00
4.981911185458984193e+01 1.972339368505954260e+00
4.880263537477213731e+01 1.972344674775808215e+00
4.778383392587890199e+01 1.972376512394935721e+00
4.678391122587891005e+01 1.972669418490904381e+00
4.576924822194010289e+01 1.972577089395435523e+00
4.475226024892577925e+01 1.972522965442919940e+00
4.375261654521484189e+01 1.972710276768784077e+00
4.277338606998697657e+01 1.972749012538721702e+00
4.174933019098307341e+01 1.972687459808409649e+00
4.074619903365885420e+01 1.972600967609781097e+00
3.972674659342447967e+01 1.972628029586039222e+00
3.872296444475911414e+01 1.972630682720966311e+00
3.745869276087239541e+01 1.972808973388077591e+00
3.643561336888020463e+01 1.972768115110198117e+00
3.542304283710937796e+01 1.972599906355809951e+00
3.440572936842448115e+01 1.972714521784667774e+00
3.339659979088541775e+01 1.972796768967412406e+00
3.243029614371744884e+01 1.973022816063214613e+00
3.140837923626302342e+01 1.972475739641214920e+00
3.038702032138671782e+01 1.972707623633856544e+00
2.937482178466796867e+01 1.972428513839509678e+00
2.811375855810547009e+01 1.972704439871943993e+00
2.710072303251953585e+01 1.972701256110030998e+00
2.607638815722656389e+01 1.972551088673148989e+00
2.506237614462891372e+01 1.972556925569988850e+00
2.405431605286458563e+01 1.972503862871443747e+00
2.304072253470052445e+01 1.972525618577847473e+00
2.206688598772786847e+01 1.972771298872110890e+00
2.077048323121745455e+01 1.973093389452279300e+00
1.974940331263021420e+01 1.973078531896686361e+00
1.872427794785156863e+01 1.972969753364669065e+00
1.771858932454427560e+01 1.972911915023255025e+00
1.669964837750651654e+01 1.972907139380386088e+00
1.567401151953125549e+01 1.972860974832651770e+00
1.466190598157552394e+01 1.972746890030779854e+00
1.340326072285156478e+01 1.972761747586372794e+00
1.238808622571614926e+01 1.973217556166874331e+00
1.141406368121744919e+01 1.972941099507454998e+00
1.039786619768880449e+01 1.973119920801551519e+00
9.395804526139327706e+00 1.972847178531030199e+00
8.387418938704430005e+00 1.972817994046830670e+00
7.134400105143232196e+00 1.972780850157848764e+00
6.111925205110678050e+00 1.972737338745042202e+00
5.100703155403647493e+00 1.972704970498929455e+00
4.091759575390625514e+00 1.972760155705416185e+00
3.079375041145834047e+00 1.972587701935144766e+00
2.076708877636719297e+00 1.972609988268533954e+00
8.468467360677085498e-01 1.972703909244958531e+00
-1.745586781901041773e-01 1.972546313030279608e+00
-1.188803187695312680e+00 1.972686398554438503e+00
-2.193933818424479654e+00 1.972702847990987607e+00
-3.201017423177084265e+00 1.972760686332401647e+00
-4.216517415983074279e+00 1.972771829499096130e+00
-5.481719087500001031e+00 1.972564354347785098e+00
-6.482153280696616449e+00 1.972710276768784077e+00
-7.489748378645835203e+00 1.972373328633022727e+00
-8.502690905468751836e+00 1.972508107887327444e+00
-9.510286003417972367e+00 1.972516067292108932e+00
-1.073019727734375373e+01 1.972441248887160770e+00
-1.174704575221354474e+01 1.972578150649406226e+00
-1.274659645716145917e+01 1.972339368505953816e+00
-1.375656302356771477e+01 1.971881437417510430e+00
-1.476871506090495245e+01 1.971851722306324994e+00
-1.578114609453125539e+01 1.971450568305324502e+00
-1.679278663867187760e+01 1.971169336003036010e+00
-1.805208288873698663e+01 1.970520909826815270e+00
-1.906042197679036931e+01 1.969684641697745597e+00
-2.006150716132813372e+01 1.968890823727511119e+00
-2.102795030664062992e+01 1.967905449415528807e+00
-2.204298530563151459e+01 1.966996485389452154e+00
-2.305383536028646319e+01 1.966423938872150945e+00
-2.432438446067708782e+01 1.965237456932683591e+00
-2.532863160315755735e+01 1.964398535668686607e+00
-2.635064150937500571e+01 1.963840316079992654e+00
-2.736098007083333528e+01 1.962977516601650096e+00
-2.838010701539712954e+01 1.961804830963804314e+00
-2.939291004407552066e+01 1.961140485978019932e+00
-3.040896802945963628e+01 1.960545122500344295e+00
-3.139363893232422242e+01 1.959664812331482153e+00
-3.267144193623047244e+01 1.958915036401040144e+00
-3.369452132822265611e+01 1.958506453622243404e+00
-3.470100044101562276e+01 1.957968397858996568e+00
-3.571013001855468616e+01 1.957380993786102863e+00
-3.672841997425130245e+01 1.957132660356912357e+00
-3.774201349241536008e+01 1.956189205576781109e+00
-3.875621150253906677e+01 1.956028425600189635e+00
-3.976180712708333687e+01 1.955488777955986412e+00
-4.077395916442057455e+01 1.954896067613238309e+00
-4.178062427473957996e+01 1.954453524707372214e+00
-4.300723145960287752e+01 1.954047595063502563e+00
-4.401571004580078750e+01 1.953555173221004360e+00
-4.502642060231119103e+01 1.953234674521792336e+00
-4.602713379179687081e+01 1.952613840948814961e+00
-4.703975082294923027e+01 1.952531063139084644e+00
-4.805097287265625283e+01 1.952020069352095710e+00
-4.906438039329427170e+01 1.952061988883946331e+00
-5.007606743681641603e+01 1.951453890358620047e+00
-5.107998908362630885e+01 1.950954039738325596e+00
-5.208549170940755602e+01 1.950480189840318346e+00
-5.306007224648438125e+01 1.950321001744683258e+00
-5.406757434567057885e+01 1.949981400473995041e+00
-5.507033350794272764e+01 1.949882703854701083e+00
-5.608020707558594609e+01 1.949691147512953471e+00
-5.708468671497396940e+01 1.949408853956693832e+00
-5.808530690569662625e+01 1.949315463607254717e+00
-5.911178075253906172e+01 1.949084110241597889e+00
-6.035345373701173344e+01 1.949155744884634167e+00
-6.135974685227864711e+01 1.948939779701555741e+00
-6.236259901331381172e+01 1.948861246907709122e+00
-6.336484668238932016e+01 1.948688793137437258e+00
-6.433719524915365184e+01 1.948789612264673288e+00
-6.535901915784505434e+01 1.948628301661096351e+00
-6.635494291103516673e+01 1.948505196200471579e+00
-6.735826006588541759e+01 1.948447357859057538e+00
-6.836092622939452212e+01 1.948291353525335445e+00
-6.937898368818359529e+01 1.948414458985959330e+00
-7.038462581210937685e+01 1.948373600708080078e+00
-7.138724547623698413e+01 1.948079633358140272e+00
-7.239353859150389781e+01 1.948392703279556049e+00
-7.339680924697266562e+01 1.947954405389573651e+00
-7.435804446155600544e+01 1.948180983112361320e+00
-7.536336108981120674e+01 1.948417112120887085e+00
-7.636853821992188784e+01 1.948272781580844715e+00
-7.737571482343750517e+01 1.948639444827791056e+00
-7.838191493994141013e+01 1.948521115010035221e+00
-7.839502776552735952e+01 1.948607607208663772e+00
-7.753646318531900761e+01 1.948741325208996900e+00
-7.664246607639972808e+01 1.948523768144962309e+00
-7.573284517529296522e+01 1.948410744597061539e+00
-7.479834710507812190e+01 1.948219718882299389e+00
-7.390820944482420884e+01 1.948312578604753043e+00
-7.296938693212892701e+01 1.948346538731821953e+00
-7.202186903509114302e+01 1.948163472421841735e+00
-7.108360451497395616e+01 1.948143839223379858e+00
-7.012957670452475156e+01 1.948342824342923940e+00
-6.915708863961589259e+01 1.948644751097645456e+00
-6.819450494296874865e+01 1.948678180597728460e+00
-6.723680368138020924e+01 1.948206453207663280e+00
-6.627059303297527038e+01 1.948298782303131249e+00
-6.529201354908853716e+01 1.947991549278555556e+00
-6.431315506891276357e+01 1.948011182477017433e+00
-6.336740414837240110e+01 1.948064775802547777e+00
-6.240640143069662571e+01 1.947912485857723475e+00
-6.141782457978516163e+01 1.948232453929950259e+00
-6.018768344192708497e+01 1.947900812064043752e+00
-5.920822046979166231e+01 1.948092899032777048e+00
-5.822257307991537090e+01 1.948229270168037264e+00
-5.722399886197916885e+01 1.947868443817931228e+00
-5.623890946468100083e+01 1.948088654016893351e+00
-5.524465968922526571e+01 1.948128981667787363e+00
-5.426152326595052955e+01 1.948046203858057046e+00
-5.326011258574217777e+01 1.948243066469659057e+00
-5.230338781116536495e+01 1.948240943961717209e+00
-5.131109100973307591e+01 1.948009059969075585e+00
-5.031911970397135292e+01 1.948152859882132937e+00
-4.931417507076823625e+01 1.948399601430367056e+00
-4.831834431634114679e+01 1.948052571381882592e+00
-4.731530615777995052e+01 1.948136410445583611e+00
-4.632375334645183074e+01 1.948102980945500384e+00
-4.531062482210286646e+01 1.948255801517309926e+00
-4.431818852252604302e+01 1.948042489469158811e+00
-4.306405370380858955e+01 1.948374131335065318e+00
-4.205729559472656831e+01 1.948236168318848049e+00
-4.108792298837891366e+01 1.948130042921758509e+00
-4.008144387558593280e+01 1.948127389786830976e+00
-3.909203003580729785e+01 1.948029223794522258e+00
-3.808703890322266261e+01 1.948080694612111419e+00
-3.707051592402343942e+01 1.948295067914233458e+00
-3.605641091266276277e+01 1.948030815675478866e+00
-3.504593285305990236e+01 1.948174615588536218e+00
-3.404721913697916591e+01 1.948386335755730947e+00
-3.278913187083333725e+01 1.948339640581011167e+00
-3.175796158645833600e+01 1.948500951184587882e+00
-3.080663074013671832e+01 1.948263230295106396e+00
-2.979796615641276603e+01 1.948284455374524216e+00
-2.878581411907552479e+01 1.948318946128578588e+00
-2.777849801741537306e+01 1.948165594929783140e+00
-2.676476500110677037e+01 1.948129512294772825e+00
-2.575168297613932467e+01 1.948120491636020191e+00
-2.449145673844401472e+01 1.948461684787664572e+00
-2.347418976914063293e+01 1.948285516628495362e+00
-2.246436270087890819e+01 1.948473889208329979e+00
-2.144170180332031705e+01 1.948461154160679332e+00
-2.047400317470703612e+01 1.948760958407458777e+00
-1.944990079632161795e+01 1.948807122955193094e+00
-1.816907533261719365e+01 1.948479195478184822e+00
-1.714455445979818293e+01 1.948681364359641011e+00
-1.613235592307943023e+01 1.949063415789165532e+00
-1.511294998222656716e+01 1.948853287502927190e+00
-1.410089094365234885e+01 1.949015128733489810e+00
-1.308766942054036875e+01 1.949140887329041449e+00
-1.207807484918620133e+01 1.949246482099145972e+00
-1.081143169684245109e+01 1.949787721624305137e+00
-9.829643755631515489e+00 1.950098669037779509e+00
-8.832371520377606089e+00 1.950497700530838152e+00
-7.821660963867188343e+00 1.951168413040447636e+00
-6.811508399934897540e+00 1.951748388335545092e+00
-5.563650997721356184e+00 1.952963524132226958e+00
-4.533596698502606159e+00 1.954051840079386260e+00
-3.522142151888021377e+00 1.955302527884093422e+00
-2.516965021777344269e+00 1.956390843831252058e+00
-1.506068467740885541e+00 1.957186784309428162e+00
-4.864300299804688033e-01 1.958145096645151462e+00
7.840260716471355584e-01 1.958956955932890764e+00
1.756700134082031628e+00 1.959825592308073627e+00
2.768015182552083786e+00 1.960831130445502613e+00
3.764868923372396647e+00 1.961431269566046964e+00
4.771952528125001258e+00 1.961943324607006822e+00
5.795310916406251067e+00 1.962482441624224139e+00
7.045074793261720814e+00 1.963049681871671170e+00
8.061039779882815282e+00 1.963587737634918007e+00
9.065705416796879135e+00 1.964192652398331518e+00
1.006944106608073319e+01 1.964925448265238961e+00
1.107977962753906453e+01 1.964987000995551014e+00
1.204938473079427297e+01 1.965666734163913354e+00
1.331421440725911864e+01 1.966483899721507278e+00
1.432687793779297181e+01 1.967252778223424814e+00
1.533805348811849356e+01 1.968035983653949827e+00
1.635266999267578569e+01 1.968756575100192086e+00
1.735612664567057450e+01 1.969562066864106065e+00
1.836586071516927632e+01 1.970312904048518776e+00
1.938298818632813081e+01 1.970766590121078909e+00
2.064116845123698596e+01 1.971170397257006046e+00
2.165318099042968925e+01 1.971440486392600722e+00
2.261994963141276216e+01 1.971676084774141247e+00
2.362256929554036944e+01 1.971723310575846044e+00
2.463481433164062651e+01 1.971776373274391148e+00
2.565022132568359581e+01 1.972147281537220742e+00
2.666004839394531345e+01 1.972157894076929985e+00
2.793752590218099385e+01 1.972264550101005653e+00
2.896120978613281238e+01 1.972339368505954260e+00
2.997075785810547188e+01 1.972329286593230480e+00
3.099146578164062760e+01 1.971993399711440276e+00
3.202282206354166760e+01 1.972123933949861074e+00
3.302516273138020608e+01 1.972294265212190867e+00
3.404889311471354318e+01 1.972163200346784384e+00
3.505346575286457522e+01 1.972143036521337267e+00
3.605785239348958271e+01 1.972266672608947280e+00
3.732138008727213219e+01 1.972470963998345539e+00
3.834143701946614868e+01 1.972355287315517458e+00
3.935465854257812879e+01 1.972439126379218699e+00
4.035825469371744845e+01 1.972728318086289123e+00
4.137961360859375759e+01 1.972400390609280851e+00
4.237297989580078905e+01 1.972517128546079634e+00
4.340986960410156570e+01 1.972335654117056025e+00
4.437012833167318604e+01 1.972234834989820662e+00
4.538697680654296818e+01 1.972630682720966311e+00
4.638680650777994430e+01 1.972481045911069319e+00
4.740588695296224131e+01 1.972388186188615222e+00
4.842147994453124937e+01 1.972292142704248796e+00
4.943228349980469005e+01 1.972235896243790920e+00
5.043722813300781382e+01 1.972165322854726233e+00
5.144635771054687723e+01 1.972332470355143474e+00
5.245516179241536037e+01 1.972315490291608686e+00
5.347447473450520761e+01 1.972463535220549291e+00
5.444803228518881610e+01 1.972344674775808215e+00
5.544841997900391561e+01 1.972333531609114177e+00
5.645894453798828749e+01 1.972125525830817239e+00
5.745696076334636615e+01 1.972301693989987115e+00
5.846469535944009976e+01 1.972389778069572053e+00
5.948275281822916583e+01 1.972337776624997652e+00
6.049578834381512138e+01 1.972459820831651500e+00
6.150608040589193592e+01 1.972269856370860275e+00
6.251251301930338400e+01 1.972406758133105953e+00
6.351880613457031188e+01 1.972438065125247775e+00
6.453746808531899148e+01 1.972288428315350561e+00
6.551037464466145366e+01 1.972495903466661815e+00
6.650453142135415874e+01 1.972698072348118448e+00
6.752212388632813145e+01 1.972463535220549735e+00
6.852446455416666993e+01 1.972689051689365813e+00
6.953126916263020973e+01 1.972673663506787634e+00
7.055127959544270766e+01 1.972586640681174064e+00
7.155608473050131124e+01 1.972624845824126227e+00
7.256447031793618407e+01 1.972821177808743220e+00
7.356002207607421894e+01 1.972912445650240487e+00
7.456529220494790877e+01 1.972643948395602642e+00
7.558697661549479108e+01 1.972738930625998366e+00
7.654844432698567402e+01 1.972669949117889621e+00
7.754869252265626756e+01 1.972567007482712187e+00
7.855740360576172066e+01 1.972639703379718945e+00
7.956104625628256599e+01 1.972545782403294368e+00
8.058012670146484879e+01 1.972452922680840492e+00
