# User			Meike Reginka
# Sample		2020_0446_1
# State			after FC
# Profile		mere_beads_forc.txt
# Comment
# ML
# 
# Meas. type 		FORC
# angle (deg)		 0.000
# Hmin (kA/m)		-80.000
# Hmax (kA/m)		80.000
# pts./branch		161
# time/pt. (s)		 0.020
# dt (s)		 0.020
# nCycles		5
# Hstop (kA/m)		 0.000
# wait (s)		60.000
# nSched		5
# nMinorLoops		10
# nX			2
# nY			2
# dx (mm)		 0.250
# dy (mm)		 0.250
# avg. raster		no average raster
# Number			38
# ID			310352
# -----------------------------------------------
# H (kA/m) 	 I (arb.u.)
8.158125838538411756e+01 1.971038801764614989e+00
8.070897648763020982e+01 1.971216031177755346e+00
7.978419678815106408e+01 1.971228235598420753e+00
7.882789050800782604e+01 1.971344442908234518e+00
7.785000851484375062e+01 1.971315258424034544e+00
7.686384963177084728e+01 1.971430935106862847e+00
7.587992271901039487e+01 1.971207010519002711e+00
7.490324970976563179e+01 1.971392199336924778e+00
7.389384113593750669e+01 1.971674492893184638e+00
7.288745502190757009e+01 1.971143865907733828e+00
7.187293151611326891e+01 1.970869531756256343e+00
7.087533378518880056e+01 1.970838755391100428e+00
6.985695083072914713e+01 1.971109375153679899e+00
6.884414780205078443e+01 1.971153417193472368e+00
6.783566921585286025e+01 1.971221868074595207e+00
6.682491215996093104e+01 1.971002188502619212e+00
6.582675643645832508e+01 1.971325340336758103e+00
6.485445436907552619e+01 1.971291380209689414e+00
6.382430707109374879e+01 1.971207541145987951e+00
6.282489586429036876e+01 1.971335422249481883e+00
6.181567328798828953e+01 1.971024474836007956e+00
6.080761319622396854e+01 1.971001127248647622e+00
5.978667277578125550e+01 1.971073823145655046e+00
5.877512523040363845e+01 1.971001127248648066e+00
5.777464453782550891e+01 1.970936921383408480e+00
5.676207400605468933e+01 1.970795774605278439e+00
5.575238643593750254e+01 1.970739528144820785e+00
5.475209174088541886e+01 1.970640300898541586e+00
5.378271913453776421e+01 1.970903491883325032e+00
5.276503367080078988e+01 1.971028189224906191e+00
5.175478810810547259e+01 1.970991045335924285e+00
5.075147095325521462e+01 1.970795243978292977e+00
4.974043490107422372e+01 1.970887573073761390e+00
4.873335129632161511e+01 1.971034556748731292e+00
4.770715644576822712e+01 1.970912512542077666e+00
4.670495527607422304e+01 1.970912512542077444e+00
4.569005977522787276e+01 1.970978310288273638e+00
4.468427815315754970e+01 1.970734752501951847e+00
4.369691028616535533e+01 1.970908798153179653e+00
4.269870806328125923e+01 1.970572380644403765e+00
4.169125246347655889e+01 1.970692832970101227e+00
4.067970491809896316e+01 1.970811162787856619e+00
3.966811087333984887e+01 1.970678506041494193e+00
3.865740031682942401e+01 1.970698139239955626e+00
3.738568873190104114e+01 1.970864756113387406e+00
3.638023260550129834e+01 1.970815407803740316e+00
3.536677858548176800e+01 1.970949656431059571e+00
3.436281043929036372e+01 1.971108844526694659e+00
3.334670595452472952e+01 1.971028189224905747e+00
3.237840283395182439e+01 1.970947003296132038e+00
3.135364946422525989e+01 1.971038801764614989e+00
3.034479888297526884e+01 1.970976187780331790e+00
2.933218185182292004e+01 1.970893409970601695e+00
2.807139762154948315e+01 1.970886511819790687e+00
2.704371479078776019e+01 1.970987330947026273e+00
2.603639868912760846e+01 1.971043046780498686e+00
2.502085219694010831e+01 1.971040924272556838e+00
2.400591019671224302e+01 1.970978840915258878e+00
2.296297556881511071e+01 1.970963452732680921e+00
2.199736941236979604e+01 1.970821775327565861e+00
2.070250113544922499e+01 1.970830265359333033e+00
1.969825399296875901e+01 1.970787284573511489e+00
1.867573259355469517e+01 1.970758630716296977e+00
1.767074146097005638e+01 1.970846714795882137e+00
1.665533446692708708e+01 1.971067986248814963e+00
1.563081359410807636e+01 1.970776672033802690e+00
1.462159101780599180e+01 1.971041454899542078e+00
1.336587522011719287e+01 1.971063210605945804e+00
1.235646664628906777e+01 1.971041454899542522e+00
1.138430407705078373e+01 1.971039863018585692e+00
1.036713010651042133e+01 1.971032964867775128e+00
9.375019302604171045e+00 1.971023413582036587e+00
8.362634768359376025e+00 1.971140682145821721e+00
7.119287806152344800e+00 1.971434118868775620e+00
6.093976443847657798e+00 1.971265379487402214e+00
5.074802999902345846e+00 1.970969820256506910e+00
4.085203162597657034e+00 1.971132192114054327e+00
3.064820734733073593e+00 1.971083374431392699e+00
2.063735550195313184e+00 1.970913573796048812e+00
8.402438238932294912e-01 1.970867939875299513e+00
-1.785576250000000531e-01 1.970713527422533806e+00
-1.182944265625000213e+00 1.970601034501618276e+00
-2.192259840690104600e+00 1.970841408526027294e+00
-3.201482416992187385e+00 1.970568666255505752e+00
-4.208240526074220611e+00 1.970666301620828564e+00
-5.464746813248698487e+00 1.970705037390766634e+00
-6.476201359863281937e+00 1.970533114247480899e+00
-7.481517988118492113e+00 1.970804795264031073e+00
-8.484230651009116997e+00 1.970652505319206771e+00
-9.488198797200523060e+00 1.970516134183946111e+00
-1.070885406123047190e+01 1.970722017454300756e+00
-1.171965761650390903e+01 1.970450336437750583e+00
-1.273185615322265818e+01 1.970262494484900762e+00
-1.373498731054687916e+01 1.970035386135127853e+00
-1.473142255693359814e+01 1.969919709452299772e+00
-1.574227261158854496e+01 1.969757337594751467e+00
-1.676223654501954030e+01 1.969156667847221875e+00
-1.800581600413411820e+01 1.968273704543431535e+00
-1.901317860517578495e+01 1.967822140978813472e+00
-2.002105269941407073e+01 1.966971015294150638e+00
-2.097875396100260659e+01 1.966164992903251196e+00
-2.199192898473307878e+01 1.965586078862124886e+00
-2.300714998125000577e+01 1.964656420383615432e+00
-2.425031094593099468e+01 1.963576063841238284e+00
-2.526832190533854217e+01 1.962818859133000249e+00
-2.627866046679687884e+01 1.962673467338986955e+00
-2.729346296888021683e+01 1.961751768265258988e+00
-2.830487101611327816e+01 1.960850763643964045e+00
-2.931604656643879991e+01 1.959947636514726810e+00
-3.032633862851562867e+01 1.959392070060960611e+00
-3.131342749921875068e+01 1.958501147352389005e+00
-3.258183762805989403e+01 1.957483935421280741e+00
-3.359868610292968327e+01 1.957048290666225654e+00
-3.462767091637369532e+01 1.956375455648674322e+00
-3.564456589062500314e+01 1.955898421988754299e+00
-3.666290234570312379e+01 1.955314201677773145e+00
-3.767491488489584128e+01 1.954796309739973870e+00
-3.866935065787760095e+01 1.954324051722922340e+00
-3.968392066305338517e+01 1.953990817976059446e+00
-4.069537520966797217e+01 1.953305247910857023e+00
-4.169181045605469649e+01 1.952824499862038765e+00
-4.291716215761719155e+01 1.952244524566941308e+00
-4.392550124567057424e+01 1.951857166867562388e+00
-4.394614697106120360e+01 1.951573812057331825e+00
-4.306382120690105353e+01 1.951909698939122029e+00
-4.193411873310547122e+01 1.952198890646192453e+00
-4.100840904599609615e+01 1.951963822891637834e+00
-4.006670357164713892e+01 1.952283260336879156e+00
-3.911579121975911733e+01 1.952278484694010219e+00
-3.816734333509113952e+01 1.952140521677792950e+00
-3.720271366565754789e+01 1.952249300209810245e+00
-3.623989747210286794e+01 1.952400528900663845e+00
-3.527233834163411785e+01 1.952502409281870577e+00
-3.431305610107422410e+01 1.952315097956006218e+00
-3.333419762089842919e+01 1.952588370853513444e+00
-3.211675081419270583e+01 1.952803805409606186e+00
-3.117923028417968823e+01 1.952753395845988393e+00
-3.020916018710938289e+01 1.952987402346572310e+00
-2.922044383805338441e+01 1.952970422283037522e+00
-2.824604929850260149e+01 1.953487252966866539e+00
-2.726556333997396209e+01 1.953375821299921711e+00
-2.627108106761068029e+01 1.953812527308947722e+00
-2.527306484225261229e+01 1.953817302951817103e+00
-2.403952924954427317e+01 1.954130903500218341e+00
-2.304913892275391163e+01 1.954061391365124356e+00
-2.205177368873698285e+01 1.954313439183213319e+00
-2.103687818789062547e+01 1.954722552588995743e+00
-2.008777931188151911e+01 1.955083378939101779e+00
-1.909357603580729901e+01 1.954963457240390445e+00
-1.784037120472006066e+01 1.955551922567255296e+00
-1.683710054925130706e+01 1.955121053455069147e+00
-1.583080743398437917e+01 1.955501513003637504e+00
-1.482618829645182679e+01 1.955980669171499375e+00
-1.382682358902995112e+01 1.955985444814368313e+00
-1.282434342304687824e+01 1.956217859433995621e+00
-1.181739931643880404e+01 1.956654565443021188e+00
-1.056861192659505377e+01 1.957063148221818372e+00
-9.609236687272138866e+00 1.957682389913838694e+00
-8.605408039225263650e+00 1.957690349318620626e+00
-7.603067371386720730e+00 1.957995990462239932e+00
-6.606725123763022012e+00 1.958240609502532870e+00
-5.352869301334636454e+00 1.958760623948274215e+00
-4.339647778222657237e+00 1.959598483958300719e+00
-3.341259557812501058e+00 1.960278747753648521e+00
-2.330502501920573621e+00 1.960755250786583082e+00
-1.329882311197916778e+00 1.960853947405876596e+00
-3.200087435546876136e-01 1.961318776645131656e+00
9.196182681315105967e-01 1.961555436280642439e+00
1.918052987923177355e+00 1.961799524693949692e+00
2.916348209570313266e+00 1.962073328218442159e+00
3.919665364420573450e+00 1.962107288345511069e+00
4.922750022363282518e+00 1.962632609061107036e+00
5.931786601139325654e+00 1.962828941045723585e+00
7.190757355533856199e+00 1.963240176959447858e+00
8.193749014713544554e+00 1.963719333127309730e+00
9.193439217805991603e+00 1.964107221453674335e+00
1.019801185595703252e+01 1.964464864041867820e+00
1.121053588834635661e+01 1.965299540289981328e+00
1.216758615859375325e+01 1.965888536243831197e+00
1.342455743958333692e+01 1.967052201222924568e+00
1.443480300227864888e+01 1.967619972097356396e+00
1.544170060950521162e+01 1.968432892639067067e+00
1.645478263447266087e+01 1.968911518179943476e+00
1.745907627633463832e+01 1.969541903038658948e+00
1.846323042005208848e+01 1.969866116126769207e+00
1.946664057366536937e+01 1.970259841349973673e+00
2.072649481630860180e+01 1.970575033779331298e+00
2.173757736787109707e+01 1.970744303787689944e+00
2.270592698782552432e+01 1.970787815200496729e+00
2.370259473111979531e+01 1.970884389311848839e+00
2.471628124804688298e+01 1.971015454177255100e+00
2.571718043505859441e+01 1.971184193558628284e+00
2.672956496930338588e+01 1.971359831090812698e+00
2.799504563710937788e+01 1.971580571916759839e+00
2.901440507858072948e+01 1.971235664376216778e+00
3.003013756829426484e+01 1.971361422971768862e+00
3.104824152646484947e+01 1.971104068883825278e+00
3.206267203349609218e+01 1.971024474836007734e+00
3.305315535904948376e+01 1.971260603844533499e+00
3.406419141123046046e+01 1.971245746288940559e+00
3.510475457067057192e+01 1.971502039122912997e+00
3.614294626165364832e+01 1.971175703526861334e+00
3.738652572076823333e+01 1.971218153685697194e+00
3.841806800019531210e+01 1.971205949265031565e+00
3.941250377317708598e+01 1.971250521931809718e+00
4.042665528391927410e+01 1.971197459233264615e+00
4.143332039423828661e+01 1.971018637939167650e+00
4.244379845384115413e+01 1.970462540858415768e+00
4.345650848375651520e+01 1.970488010953717284e+00
4.442681107773437788e+01 1.970853082319707017e+00
4.543189520908203605e+01 1.970518256691887959e+00
4.643670034414063252e+01 1.970519317945859106e+00
4.744708540498047711e+01 1.970462010231430305e+00
4.845877244850260723e+01 1.970410539413841811e+00
4.947036649326172864e+01 1.970538420517335076e+00
5.047847308440756109e+01 1.970487480326732044e+00
5.148341771761067776e+01 1.970559645596753118e+00
5.249059432112630219e+01 1.970341557905733287e+00
5.349977039804687706e+01 1.970269923262697009e+00
5.447044498707683147e+01 1.970477398414008263e+00
5.546827521490885715e+01 1.970255065707104514e+00
5.647089487903646443e+01 1.970432295120245092e+00
5.747639750481771870e+01 1.970743773160704038e+00
5.848078414544270487e+01 1.970433887001201034e+00
5.949321517906901136e+01 1.970621198327065393e+00
6.050597170836588390e+01 1.970796305232264123e+00
6.151519428466797734e+01 1.970839816645070686e+00
6.250614260403646227e+01 1.970862102978459873e+00
6.352624603561199024e+01 1.971001657875633306e+00
6.453611960325518737e+01 1.970783570184613032e+00
6.549423935927734419e+01 1.970963983359666605e+00
6.650569390589194541e+01 1.970962922105695458e+00
6.749682822278646199e+01 1.970927370097670384e+00
6.850586480156248115e+01 1.971324279082787401e+00
6.951234391435548332e+01 1.971191091709439291e+00
7.052528644117839463e+01 1.971077006907567153e+00
7.153376502737630460e+01 1.971030842359832835e+00
7.253280423912760000e+01 1.971244685034969635e+00
7.353537740387371002e+01 1.971208602399959098e+00
7.453311463294271277e+01 1.971124232709272839e+00
7.555191608183592678e+01 1.971079660042494686e+00
7.650640888610026025e+01 1.970889695581703238e+00
7.751414348219401518e+01 1.970997412859749831e+00
7.851374068652344818e+01 1.970965044613637307e+00
7.951440737662761649e+01 1.971010678534385718e+00
8.052586192324218928e+01 1.970882266803906990e+00
