# User			Meike Reginka
# Sample		2020_0446_1
# State			after FC
# Profile		mere_beads_forc.txt
# Comment
# ML
# 
# Meas. type 		FORC
# angle (deg)		 0.000
# Hmin (kA/m)		-80.000
# Hmax (kA/m)		80.000
# pts./branch		161
# time/pt. (s)		 0.020
# dt (s)		 0.020
# nCycles		5
# Hstop (kA/m)		 0.000
# wait (s)		60.000
# nSched		5
# nMinorLoops		10
# nX			2
# nY			2
# dx (mm)		 0.250
# dy (mm)		 0.250
# avg. raster		no average raster
# Number			33
# ID			310347
# -----------------------------------------------
# H (kA/m) 	 I (arb.u.)
8.158767530003257207e+01 1.970958146462826521e+00
8.070688401546225066e+01 1.970925247589728535e+00
7.979340366569010712e+01 1.970979902169229803e+00
7.883584190224610211e+01 1.971324279082787179e+00
7.786605080146485136e+01 1.971132192114053883e+00
7.686952255631511832e+01 1.971095048225072865e+00
7.588415416272785308e+01 1.971086558193305471e+00
7.490771365039063312e+01 1.970912512542077666e+00
7.390276901718749514e+01 1.971050475558294934e+00
7.289568541243491495e+01 1.971133253368025029e+00
7.188674183242187610e+01 1.971353463566987152e+00
7.087951872952474730e+01 1.971307829646238519e+00
6.986815718167318323e+01 1.971487181567320279e+00
6.884814674886068531e+01 1.971688289194806432e+00
6.784180713421224596e+01 1.971646369662955811e+00
6.683472352945963735e+01 1.971482405924451342e+00
6.582378047604167648e+01 1.971588531321541327e+00
6.486268475960287105e+01 1.971639471512144581e+00
6.384007036142577363e+01 1.971742943774307477e+00
6.282968530058593615e+01 1.971565714361167343e+00
6.182371768098958142e+01 1.971435180122746322e+00
6.081254213066407033e+01 1.971524856083287647e+00
5.980080858776041453e+01 1.970899246867441335e+00
5.878330912154948606e+01 1.971505222884825770e+00
5.777204057246093782e+01 1.971323217828816254e+00
5.676332948935547051e+01 1.971232480614304450e+00
5.575847785491536257e+01 1.970993698470851818e+00
5.475441670996093535e+01 1.970927900724655846e+00
5.378392811845704102e+01 1.970690179835173694e+00
5.277386855328776960e+01 1.970720425573344592e+00
5.176260000419921425e+01 1.970774549525860397e+00
5.075240094088542264e+01 1.970709282406650109e+00
4.975010677242838852e+01 1.970950717685030273e+00
4.873549026787109284e+01 1.971120518320374160e+00
4.771692131588542196e+01 1.970887573073761834e+00
4.669625989173177061e+01 1.970897654986485170e+00
4.570024313977864949e+01 1.970739528144820785e+00
4.468697511728515792e+01 1.970785162065569640e+00
4.369704978430989684e+01 1.970653035946192677e+00
4.270479948225911926e+01 1.970765528867107763e+00
4.169167095791015498e+01 1.970555931207855327e+00
4.068319237171224501e+01 1.970743242533719020e+00
3.967350480159505111e+01 1.970347394802572927e+00
3.866172475930990515e+01 1.970550624938000484e+00
3.739229164407552020e+01 1.970612177668312759e+00
3.638065109993490154e+01 1.970618545192138305e+00
3.536645308981120195e+01 1.970590421961909033e+00
3.435309206855469455e+01 1.970568135628520068e+00
3.334968191494140655e+01 1.970559645596753118e+00
3.237682185498047005e+01 1.970669485382741115e+00
3.135574193639322971e+01 1.970640300898541142e+00
3.034238091513672231e+01 1.970483235310848347e+00
2.933153086048177016e+01 1.970701853628853861e+00
2.807339709495443003e+01 1.970708751779664425e+00
2.705278217018229370e+01 1.970823897835507488e+00
2.603649168789062429e+01 1.971016515431225802e+00
2.501968971240234652e+01 1.970694424851057391e+00
2.400786317073568199e+01 1.970590952588894496e+00
2.296623052552083877e+01 1.970606871398457915e+00
2.199234747916667132e+01 1.971113620169563596e+00
2.071607895485026418e+01 1.971249460677839016e+00
1.968737313769531738e+01 1.971093986971101275e+00
1.868349799026693248e+01 1.970762875732180675e+00
1.767432191334635760e+01 1.970637117136628591e+00
1.665733394033203396e+01 1.970759691970267902e+00
1.563639351988932447e+01 1.970663117858916014e+00
1.462470647636719256e+01 1.970748548803573641e+00
1.336150427825521092e+01 1.970680097922450358e+00
1.235051472545573148e+01 1.970612708295298221e+00
1.138104912034505389e+01 1.970731038113053835e+00
1.037694147600911698e+01 1.970815407803740316e+00
9.365765925683595228e+00 1.970897124359499486e+00
8.359147314746095958e+00 1.971072231264698438e+00
7.111150414388022867e+00 1.970836632883158135e+00
6.094999430240886973e+00 1.970793652097336590e+00
5.072850025878907765e+00 1.971081251923450850e+00
4.080134730013021738e+00 1.971018637939167650e+00
3.067378200716146530e+00 1.971347626670147068e+00
2.066200017415364965e+00 1.971518488559462101e+00
8.469397348307293738e-01 1.971176764780832036e+00
-1.855790316080729030e-01 1.971014392923284397e+00
-1.193220628938802319e+00 1.970919410692888452e+00
-2.193887319042969519e+00 1.970884389311848839e+00
-3.203342392252604753e+00 1.970907736899208507e+00
-4.212564968554688427e+00 1.970916226930975901e+00
-5.473860692024740793e+00 1.970776672033802690e+00
-6.484664247298178807e+00 1.970655689081119766e+00
-7.483889456575522736e+00 1.970564421239622277e+00
-8.490229071223961199e+00 1.970945942042161114e+00
-9.496243190201825612e+00 1.970668424128770413e+00
-1.071322500309244852e+01 1.970630218985818249e+00
-1.171909962392578386e+01 1.970803203383074909e+00
-1.272962418291015751e+01 1.970226942476875465e+00
-1.373466181487630777e+01 1.970254535080119274e+00
-1.473579349879557654e+01 1.969880973682362146e+00
-1.574659705406901367e+01 1.969639538403981760e+00
-1.676307353388672183e+01 1.969245813180777738e+00
-1.801948682229818388e+01 1.968373993043681880e+00
-1.902452445426432703e+01 1.967902265653616256e+00
-2.003263104541015949e+01 1.966893013127289480e+00
-2.098349689791666961e+01 1.966275893943210340e+00
-2.199476544700521075e+01 1.965163699781706130e+00
-2.301347389713541958e+01 1.964758831391807625e+00
-2.426635323255208831e+01 1.963450835872672107e+00
-2.527520381380208647e+01 1.962771633331295451e+00
-2.628763484742838941e+01 1.962002754829377027e+00
-2.730466931982422452e+01 1.961229100684590110e+00
-2.831463588623046235e+01 1.960336586095062561e+00
-2.932432345634765269e+01 1.959709384998260084e+00
-3.033494101409505106e+01 1.958502208606359929e+00
-3.132454085139974254e+01 1.958126524700660953e+00
-3.257965215712890483e+01 1.957391075698826644e+00
-3.361277541552734505e+01 1.956951185927888304e+00
-3.464422469619140799e+01 1.956188144322810407e+00
-3.565516774960936885e+01 1.955647435424635816e+00
-3.667480618736978926e+01 1.955341263654031270e+00
-3.768105280325520567e+01 1.954955497835608513e+00
-3.868604393583984802e+01 1.954165394254272714e+00
-3.969596400286458504e+01 1.953678278681628910e+00
-4.070244311565755879e+01 1.953052138838797136e+00
-4.171403716041667309e+01 1.952704578163326987e+00
-4.293399493372395881e+01 1.952138399169851102e+00
-4.394140403414714058e+01 1.951719734478330581e+00
-4.495169609622396933e+01 1.951479891080907469e+00
-4.595417626220703511e+01 1.950906813936620354e+00
-4.695874890035807425e+01 1.950851098103148162e+00
-4.796606500201823309e+01 1.950456842252958456e+00
-4.898728441875000783e+01 1.950063647656739896e+00
-4.900244321712239781e+01 1.949967073545388008e+00
-4.811611850615233976e+01 1.949949032227882517e+00
-4.718636337285155946e+01 1.949915072100813607e+00
-4.625228379707031934e+01 1.949929929656406102e+00
-4.531629774664713750e+01 1.950017483109005356e+00
-4.437143031435547158e+01 1.949888540751540944e+00
-4.342498190309245132e+01 1.950034463172539922e+00
-4.221957843619792072e+01 1.950065770164681300e+00
-4.130368011858724486e+01 1.950093893394910127e+00
-4.034002693616536561e+01 1.949925154013536943e+00
-3.938139568694661108e+01 1.950145364212499066e+00
-3.841551053421223827e+01 1.950302960427178212e+00
-3.744358046188151690e+01 1.950369288800359202e+00
-3.645267864189453633e+01 1.950454719745016607e+00
-3.548088806770833514e+01 1.950149609228382763e+00
-3.451439842301432748e+01 1.950414392094122595e+00
-3.352005564879557653e+01 1.950638316681982731e+00
-3.228731054557291458e+01 1.950679705586847668e+00
-3.131947241881510990e+01 1.950469046673623641e+00
-3.036209665289714010e+01 1.950688726245600524e+00
-2.937077633847656699e+01 1.950820852364977487e+00
-2.837438759147135059e+01 1.951214577588181953e+00
-2.739101867128906065e+01 1.951386500731467910e+00
-2.639118897005208453e+01 1.951286742858203027e+00
-2.539135926881510841e+01 1.951306376056664904e+00
-2.415707968600260713e+01 1.951191230000822063e+00
-2.315841246930338926e+01 1.951413032080740129e+00
-2.216160522786459097e+01 1.951841778684984652e+00
-2.113392239710286802e+01 1.951762715264152126e+00
-2.018217305634766134e+01 1.952036518788644148e+00
-1.917295048004558211e+01 1.952375058805362107e+00
-1.791853666503906695e+01 1.952331547392555322e+00
-1.690624512955729486e+01 1.952446162821412479e+00
-1.589781304274089102e+01 1.952960340370314185e+00
-1.488417302519531660e+01 1.953362555625285824e+00
-1.389262021386719326e+01 1.953381658196762238e+00
-1.287656222848307586e+01 1.953742484546868496e+00
-1.187529104641927269e+01 1.954384543199263691e+00
-1.061366982727864894e+01 1.954792064724089729e+00
-9.652620610221356756e+00 1.955453225947961116e+00
-8.650558938671876419e+00 1.956009853655698683e+00
-7.654588686100263217e+00 1.956457172204433492e+00
-6.646342596809898140e+00 1.956969757872378812e+00
-5.396671718717448663e+00 1.957840516755503080e+00
-4.380985728385417666e+00 1.958132361597501259e+00
-3.376831584667969288e+00 1.958829605456382739e+00
-2.362912570833334058e+00 1.959586810164620774e+00
-1.361966884440104497e+00 1.959881838768531281e+00
-3.521398161783854674e-01 1.960290421547328243e+00
8.872546986002607383e-01 1.960997747318933948e+00
1.886898402311198542e+00 1.961167017327292816e+00
2.887332595507813071e+00 1.961719400019146908e+00
3.895299688509115565e+00 1.961723645035030605e+00
4.894385399641929091e+00 1.962071736337485994e+00
5.909606396158856967e+00 1.962417174505014295e+00
7.153185855273439309e+00 1.962898453180818015e+00
8.170824819628908386e+00 1.963441284586934010e+00
9.167399564160158221e+00 1.963868969937206721e+00
1.017164670664062598e+01 1.964248898858789394e+00
1.117979979716797168e+01 1.964434618303696922e+00
1.214852141217448178e+01 1.964974796574885607e+00
1.339628581562500464e+01 1.965850861727864274e+00
1.441132081461588932e+01 1.966731702523712544e+00
1.541910191009115039e+01 1.967794017748584423e+00
1.643106794990234931e+01 1.968191987987672364e+00
1.743717506764323488e+01 1.968643020925305853e+00
1.844346818291016277e+01 1.968997479751586788e+00
1.945427173818359989e+01 1.969450635197161681e+00
2.070789506370443434e+01 1.969862401737870972e+00
2.172009360042318349e+01 1.970020528579535357e+00
2.268179380882162022e+01 1.970162736611636323e+00
2.368697093893229422e+01 1.970326700350140348e+00
2.469591451894531531e+01 1.970397804366190719e+00
2.570137064534505456e+01 1.970464132739372154e+00
2.670966323401692932e+01 1.970477398414008263e+00
2.798528076699219014e+01 1.970706098644737558e+00
2.899515433463541925e+01 1.970403641263030581e+00
3.000874785279948043e+01 1.970353231699412788e+00
3.102164388024088737e+01 1.970884919938834079e+00
3.204314229326171670e+01 1.971074353772640286e+00
3.304259999944661530e+01 1.970661525977959627e+00
3.404661464501953105e+01 1.970451928318706525e+00
3.507490196774089242e+01 1.970437070763114029e+00
3.611639511481120479e+01 1.970918349438917305e+00
3.737662135250651829e+01 1.970694955478043076e+00
3.838482094241536657e+01 1.971061618724989195e+00
3.940348289316406749e+01 1.970806917771972921e+00
4.040484707399089359e+01 1.970656219708105006e+00
4.141672011503906248e+01 1.970468908382240869e+00
4.242598919072266028e+01 1.970802672756089224e+00
4.343688574475911679e+01 1.970619075819123767e+00
4.441169877874349226e+01 1.970694424851057391e+00
4.541524843050130045e+01 1.970703976136795710e+00
4.642391301422526340e+01 1.970731568740039297e+00
4.743095011959636054e+01 1.970849367930809226e+00
4.844598511858723811e+01 1.970748018176587735e+00
4.945883464664714069e+01 1.970523562961742359e+00
5.045485139860027601e+01 1.970683281684363131e+00
5.147342035058593979e+01 1.970707690525693723e+00
5.247501702832031611e+01 1.970455642707604982e+00
5.348103114729818230e+01 1.970972473391433555e+00
5.446909650501302735e+01 1.970634994628687187e+00
5.545874284169922674e+01 1.970671077263697946e+00
5.646066501510416913e+01 1.970843000406983236e+00
5.747025958645834010e+01 1.970719894946358908e+00
5.847348374254558223e+01 1.970681689803406744e+00
5.948242732255859266e+01 1.970792590843365888e+00
6.049899680113932732e+01 1.970640831525526826e+00
6.149789651474609542e+01 1.970729446232097448e+00
6.250070217639974146e+01 1.970757038835341035e+00
6.351364470322265987e+01 1.970760222597253808e+00
6.453388763294269381e+01 1.970676914160537585e+00
6.548610196751302226e+01 1.970666301620828564e+00
6.648611766627605846e+01 1.970406294397958114e+00
6.749329426979166158e+01 1.970464663366357616e+00
6.850005237887368992e+01 1.970512950422033560e+00
6.950536900712891963e+01 1.970559114969767878e+00
7.051208061682943651e+01 1.970514542302989724e+00
7.152009420921224603e+01 1.970826020343449336e+00
7.252196988323566984e+01 1.970849367930809226e+00
7.352686801705729636e+01 1.970860511097503709e+00
7.452544223499349130e+01 1.970826020343449336e+00
7.554224421048176907e+01 1.970703445509810026e+00
7.650696687867836943e+01 1.970581931930142083e+00
7.750595959104816757e+01 1.970704506763781172e+00
7.850169734671224830e+01 1.970613238922283461e+00
7.951133841744791653e+01 1.970511889168062414e+00
8.051958450673828338e+01 1.970620667700079709e+00
