# User			Meike Reginka
# Sample		2020_0446_1
# State			after FC
# Profile		mere_beads_forc.txt
# Comment
# ML
# 
# Meas. type 		FORC
# angle (deg)		 0.000
# Hmin (kA/m)		-80.000
# Hmax (kA/m)		80.000
# pts./branch		161
# time/pt. (s)		 0.020
# dt (s)		 0.020
# nCycles		5
# Hstop (kA/m)		 0.000
# wait (s)		60.000
# nSched		5
# nMinorLoops		10
# nX			2
# nY			2
# dx (mm)		 0.250
# dy (mm)		 0.250
# avg. raster		no average raster
# Number			74
# ID			310388
# -----------------------------------------------
# H (kA/m) 	 I (arb.u.)
8.159623118623046878e+01 1.972585048800217455e+00
8.072297280146484866e+01 1.972772890753066832e+00
7.980037857291667081e+01 1.972942160761425701e+00
7.884542077483723688e+01 1.972856729816768295e+00
7.787009624765624949e+01 1.972940038253483852e+00
7.687319600745443893e+01 1.972864689221549783e+00
7.589461652356769150e+01 1.973055714936312377e+00
7.491622303720703258e+01 1.973116737039638968e+00
7.389732858955078143e+01 1.972956487690032734e+00
7.289921936542968695e+01 1.972772890753067276e+00
7.189167076686196367e+01 1.972413125656931498e+00
7.088440116458332341e+01 1.972820116554772074e+00
6.987899153756511339e+01 1.973076940015729974e+00
6.886130607382813196e+01 1.973054653682341453e+00
6.784259762369791247e+01 1.973302987111532181e+00
6.683249155914714379e+01 1.972988855936145258e+00
6.583163887151691540e+01 1.972831259721466557e+00
6.486296375589192564e+01 1.972957548944003880e+00
6.384318581998698505e+01 1.972827014705582860e+00
6.283833418554687711e+01 1.972900241229575302e+00
6.181953273665365600e+01 1.972937385118556763e+00
6.082133051376953858e+01 1.972504393498429209e+00
5.980671400921224290e+01 1.972562231839843250e+00
5.880297835992840305e+01 1.972693827332235195e+00
5.778673437701823445e+01 1.972719828054522173e+00
5.677197837431640437e+01 1.972578150649406670e+00
5.576670824544271454e+01 1.972487944061880105e+00
5.475437021057943099e+01 1.972622192689199139e+00
5.379564596259766063e+01 1.972638642125748021e+00
5.277172958173828476e+01 1.972712399276725481e+00
5.176613395719400756e+01 1.972489005315851252e+00
5.075858535862630561e+01 1.972505454752400134e+00
4.975285023593750111e+01 1.972500679109530752e+00
4.873748974127604328e+01 1.972521904188948572e+00
4.771706081402995636e+01 1.972367491736182643e+00
4.670695474947917347e+01 1.972346266656765046e+00
4.569777867255859860e+01 1.972616886419344517e+00
4.469622849420573374e+01 1.972587171308159526e+00
4.369723578183594270e+01 1.973012203523505370e+00
4.270563647112630434e+01 1.973055184309326693e+00
4.170143582802734272e+01 1.972928895086789369e+00
4.069602620100911849e+01 1.972725134324376572e+00
3.967987521686197994e+01 1.972866811729491632e+00
3.867055964179687066e+01 1.972860444205666530e+00
3.739061766634114292e+01 1.972885383673982362e+00
3.638181358447265978e+01 1.973351804794193587e+00
3.537189351744791566e+01 1.973115145158682582e+00
3.436439141826171806e+01 1.972759094451445483e+00
3.335591283206380098e+01 1.972894934959720903e+00
3.238644722695312339e+01 1.972876363015229728e+00
3.136094986712239674e+01 1.972763870094314420e+00
3.034535687555338868e+01 1.973035551110864816e+00
2.934115623245442706e+01 1.973176167262009617e+00
2.807107212587891354e+01 1.973277517016230220e+00
2.705822259781901451e+01 1.973177759142966003e+00
2.603602669407552739e+01 1.973150166539722195e+00
2.503201204850260808e+01 1.972953834555106090e+00
2.401679105198568109e+01 1.973233474976437751e+00
2.296055760097657128e+01 1.973300333976605092e+00
2.199620692783203779e+01 1.973308293381386580e+00
2.072091489052735014e+01 1.973251516293943242e+00
1.970987883834636278e+01 1.973474379627832453e+00
1.868977540677083837e+01 1.973392132445087599e+00
1.768222680820312931e+01 1.973037142991821646e+00
1.665789193291015735e+01 1.972998407221883355e+00
1.564276393515625330e+01 1.972911915023255247e+00
1.463033290152995214e+01 1.972877954896186115e+00
1.338670694303385567e+01 1.972783503292776075e+00
1.236065159062500385e+01 1.972820647181757536e+00
1.139458044036458517e+01 1.972801544610280899e+00
1.038531136468099092e+01 1.972567538109697871e+00
9.379250746321616816e+00 1.972661989713107689e+00
8.366773213313804192e+00 1.972712929903710943e+00
7.124960730696617617e+00 1.972671540998846229e+00
6.111971704492188628e+00 1.972546843657264848e+00
5.091775274153647501e+00 1.972750604419678311e+00
4.094596037662761034e+00 1.972801544610281343e+00
3.080258529394532374e+00 1.972591416324043001e+00
2.088240724251302805e+00 1.972590355070072299e+00
8.574020956705731278e-01 1.972808442761092129e+00
-1.621898427083333649e-01 1.972777135768950529e+00
-1.175969358398437858e+00 1.972811626523005124e+00
-2.177333539225260850e+00 1.972491127823793100e+00
-3.189439077180990623e+00 1.972787217681674310e+00
-4.193407223372396686e+00 1.972823830943670531e+00
-5.456004929524739921e+00 1.972789340189616158e+00
-6.454114153645836183e+00 1.972841872261175800e+00
-6.479967809765625475e+00 1.972841341634190560e+00
-5.586900688476563737e+00 1.972730971221216656e+00
-4.412047315234376654e+00 1.972877954896186115e+00
-3.463552931184896266e+00 1.972477331522171085e+00
-2.511013100944011089e+00 1.972730440594231416e+00
-1.564053196484375574e+00 1.972459290204666038e+00
-6.030504788085938594e-01 1.972381288037804659e+00
4.042656228515626449e-01 1.972529863593730726e+00
1.550800872753906434e+00 1.972545251776308461e+00
2.516965021777344713e+00 1.972733093729158060e+00
3.487686110188802591e+00 1.972586640681174064e+00
4.465661102115886294e+00 1.972668887863918918e+00
5.449262519205730015e+00 1.972594069458970312e+00
6.425842529687500360e+00 1.972593008204999165e+00
7.635570439062502324e+00 1.972573375006537511e+00
8.620241341927084022e+00 1.972745828776809152e+00
9.608399698404952005e+00 1.972444432649073320e+00
1.058558420084635721e+01 1.972690112943336960e+00
1.155556129915364849e+01 1.972787748308659550e+00
1.252870035540364846e+01 1.972907670007371550e+00
1.375916698893229295e+01 1.972700725483045758e+00
1.474918532067057697e+01 1.972507046633356298e+00
1.574445808251953594e+01 1.972673132879802171e+00
1.673963784560547197e+01 1.972821177808742776e+00
1.774095552705078660e+01 1.972530924847701872e+00
1.873148535198568254e+01 1.972397206847367856e+00
1.973071056126302736e+01 1.972392961831484604e+00
2.097354603027344311e+01 1.972507046633356298e+00
2.198151312327474471e+01 1.972496434093647499e+00
2.294442231559245471e+01 1.972568068736683333e+00
2.393355715908203507e+01 1.972647132157515415e+00
2.494287273414713724e+01 1.972676847268700628e+00
2.593633202011718808e+01 1.972825953451612158e+00
2.695108802281901816e+01 1.972863627967579081e+00
2.821666168938801889e+01 1.972771829499096130e+00
2.922123432753906158e+01 1.973006897253650527e+00
3.022729494589843924e+01 1.972913506904211189e+00
3.124879335891926857e+01 1.972923588816934970e+00
3.227326773235676427e+01 1.972807912134106889e+00
3.324631378984374663e+01 1.972672602252816931e+00
3.426260427213541959e+01 1.972678439149657015e+00
3.529144958743489724e+01 1.972752196300634697e+00
3.632331736253254917e+01 1.973079062523671823e+00
3.757089576845703505e+01 1.973097103841177535e+00
3.857263194433593867e+01 1.973204821119224128e+00
3.958524897548828392e+01 1.972979304650407162e+00
4.058940311920574118e+01 1.973158656571489367e+00
4.160104366334635984e+01 1.972985141547247245e+00
4.260329133242187538e+01 1.972908731261342474e+00
4.361353689511719267e+01 1.973059959952195630e+00
4.458444398105469730e+01 1.972883261166040514e+00
4.557739177382812557e+01 1.972903955618473537e+00
4.658410338352864954e+01 1.972836565991320956e+00
4.759281446663412396e+01 1.972847709158015439e+00
4.860450151015625408e+01 1.973180942904878554e+00
4.961284059820964387e+01 1.973367192976771767e+00
5.060988033655598883e+01 1.973509401008872288e+00
5.161896341471354077e+01 1.973211188643049230e+00
5.262748850029296932e+01 1.973167146603256761e+00
5.363601358587240497e+01 1.972957018317018196e+00
5.459459833570963383e+01 1.972859913578680846e+00
5.559982196520183351e+01 1.972972937126582060e+00
5.659969816582030688e+01 1.972782972665790613e+00
5.760575878417969875e+01 1.972617947673315442e+00
5.860521649036456893e+01 1.972731501848201674e+00
5.961890300729168501e+01 1.973026530452112404e+00
6.061896520543620426e+01 1.972832851602423165e+00
6.162279385348307414e+01 1.973166085349285837e+00
6.262364654111328832e+01 1.973299272722633946e+00
6.363175313225912078e+01 1.973122043309493368e+00
6.464846210898437562e+01 1.973050939293442996e+00
6.560128093551432471e+01 1.973098695722133700e+00
6.660534208046874483e+01 1.973025469198141479e+00
6.760731075325520578e+01 1.972834974110364570e+00
6.861248788336588689e+01 1.972903424991487853e+00
6.961859500110678312e+01 1.972972937126582060e+00
7.062688758977863301e+01 1.973092328198308154e+00
7.162588030214844537e+01 1.973167146603256761e+00
7.262533800833332975e+01 1.972832320975437703e+00
7.362656269101562145e+01 1.973186249174732954e+00
7.462783387307943883e+01 1.972929425713775053e+00
7.563789343824871025e+01 1.972633866482879306e+00
7.659922165159504459e+01 1.973003182864752292e+00
7.760360829222007339e+01 1.972934201356644213e+00
7.859892755345052251e+01 1.972820647181757536e+00
7.960754563779298110e+01 1.972834443483379552e+00
8.061648921780599153e+01 1.972687990435395111e+00
