# User			Meike Reginka
# Sample		2020_0446_1
# State			after FC
# Profile		mere_beads_forc.txt
# Comment
# ML
# 
# Meas. type 		FORC
# angle (deg)		 0.000
# Hmin (kA/m)		-80.000
# Hmax (kA/m)		80.000
# pts./branch		161
# time/pt. (s)		 0.020
# dt (s)		 0.020
# nCycles		5
# Hstop (kA/m)		 0.000
# wait (s)		60.000
# nSched		5
# nMinorLoops		10
# nX			2
# nY			2
# dx (mm)		 0.250
# dy (mm)		 0.250
# avg. raster		no average raster
# Number			22
# ID			310336
# -----------------------------------------------
# H (kA/m) 	 I (arb.u.)
8.160869302047527185e+01 1.971078068161538299e+00
8.074608299407552181e+01 1.970942227653262879e+00
7.981163142324220416e+01 1.970861572351474411e+00
7.886443902187500044e+01 1.970981494050186189e+00
7.789153246253255247e+01 1.971246276915926465e+00
7.689825917408855105e+01 1.971103007629854353e+00
7.591061231080728078e+01 1.971174642272890187e+00
7.493733375641276950e+01 1.971286073939834793e+00
7.393034315042316962e+01 1.971637879631188639e+00
7.291502915514323035e+01 1.971525917337258349e+00
7.191115400771484190e+01 1.971298808987485662e+00
7.089965296171874343e+01 1.971411301908401192e+00
6.988884940644531696e+01 1.971414485670313965e+00
6.887776685488282169e+01 1.971537591130938516e+00
6.785882590784504487e+01 1.971284482058878629e+00
6.685025432288412617e+01 1.971400158741706932e+00
6.585070361793619043e+01 1.971469140249815233e+00
6.488226099921875800e+01 1.971380525543245277e+00
6.385797262330729751e+01 1.971450568305324724e+00
6.285140051175130793e+01 1.971376811154346598e+00
6.184385191318359887e+01 1.971227174344449828e+00
6.083197887213542998e+01 1.971174642272890187e+00
5.982033832799479711e+01 1.971304115257340506e+00
5.879525946259765590e+01 1.971331177233598186e+00
5.779761523229166187e+01 1.971451098932309964e+00
5.678960163990885945e+01 1.971119457066403458e+00
5.577233467060547412e+01 1.971283420804907482e+00
5.477376045266927918e+01 1.971401750622663318e+00
5.380420184879557155e+01 1.971421914448109991e+00
5.279149181888021758e+01 1.971326401590729249e+00
5.177143488668620108e+01 1.971692534210689907e+00
5.077025670338542795e+01 1.971475507773640778e+00
4.976633505657552092e+01 1.971530162353142046e+00
4.874544113551432645e+01 1.971606042012061355e+00
4.772543070270182852e+01 1.971408648773474104e+00
4.672332253177084027e+01 1.971381586797215979e+00
4.570940351793620238e+01 1.971618777059712446e+00
4.470506337669270636e+01 1.971734453742540527e+00
4.370867462968750061e+01 1.971395383098837772e+00
4.272186475527343674e+01 1.971475507773640778e+00
4.170868973154296810e+01 1.971263256979460365e+00
4.070035064348958542e+01 1.971366729241623261e+00
3.968047970882162190e+01 1.971397505606779177e+00
3.867613956757813298e+01 1.971371504884492198e+00
3.740954291461588355e+01 1.971569428750065356e+00
3.638730051149089206e+01 1.971275992027111235e+00
3.538021690673828346e+01 1.971323748455801939e+00
3.436327543310547128e+01 1.971544489281749080e+00
3.336879316074219304e+01 1.971721188067904196e+00
3.239077166943359742e+01 1.971305176511311208e+00
3.136434432197266631e+01 1.971480283416509938e+00
3.036046917454427430e+01 1.971218684312682656e+00
2.933831977018229153e+01 1.971399097487735563e+00
2.808125549042969382e+01 1.971165090987152091e+00
2.705696711451823333e+01 1.971408648773474104e+00
2.603797966809896280e+01 1.971404403757590407e+00
2.502368865921224028e+01 1.971502569749898459e+00
2.402390545735677563e+01 1.971410771281415508e+00
2.299333966494140924e+01 1.971275992027111235e+00
2.200504181031901396e+01 1.971286073939834793e+00
2.073026126621094534e+01 1.971383178678172143e+00
1.970299692988281848e+01 1.971450037678339262e+00
1.868554396305339083e+01 1.971301992749398213e+00
1.768013433603516305e+01 1.971311013408151069e+00
1.666296036549479354e+01 1.971321095320874406e+00
1.563760250380859773e+01 1.971643716528028722e+00
1.463010040462240013e+01 1.971881968044495670e+00
1.337196663909505290e+01 1.971574204392934293e+00
1.235939610732422267e+01 1.971589061948527233e+00
1.139095348860677248e+01 1.971799720861750815e+00
1.037698797539062667e+01 1.971568898123079894e+00
9.372136340950524058e+00 1.971553509940501714e+00
8.365285233105471008e+00 1.971535999249981685e+00
7.114079875423178656e+00 1.971593837591396170e+00
6.095464424055990094e+00 1.971517427305491399e+00
5.077685961555991945e+00 1.971718004305991201e+00
4.081576210839844343e+00 1.971423506329066377e+00
3.063239755761719252e+00 1.971532815488069135e+00
2.064944534114584229e+00 1.971487712194306186e+00
8.398253294596355056e-01 1.971505753511811454e+00
-1.937164233723958628e-01 1.971757270702915399e+00
-1.189361180273437624e+00 1.971236195003202241e+00
-2.200769227506511161e+00 1.971518488559462101e+00
-3.210224300716146395e+00 1.971437833257673633e+00
-4.213959950000000454e+00 1.971295625225573112e+00
-5.474000190169272528e+00 1.971416077551269908e+00
-6.489546682356773566e+00 1.971721718694889436e+00
-7.493607827311199010e+00 1.971608164520003204e+00
-8.498133966080732904e+00 1.971406526265531811e+00
-9.498010166699222268e+00 1.971355055447943316e+00
-1.072131589547526431e+01 1.971595960099338019e+00
-1.173035247425130478e+01 1.971352402313016006e+00
-1.274617796272786663e+01 1.970914635050019958e+00
-1.374670515468750409e+01 1.971055781828149556e+00
-1.475211478170573187e+01 1.970697077985984924e+00
-1.575896588955078315e+01 1.970089510087644102e+00
-1.678367275989583618e+01 1.969747255682028353e+00
-1.802543874313151306e+01 1.968989520346804856e+00
-1.904512368027344138e+01 1.968290153979980861e+00
-2.003853646686198431e+01 1.967269758286959380e+00
-2.100307313753255656e+01 1.966766723904751935e+00
-2.202094459879558030e+01 1.965732531910108882e+00
-2.301803083652344029e+01 1.964834711050726712e+00
-2.428964942268880378e+01 1.963694924285978916e+00
-2.528994411774088746e+01 1.962886248760152386e+00
-2.630642059755859918e+01 1.962409745727217825e+00
-2.732898849635417093e+01 1.961837729836902300e+00
-2.833653709492186934e+01 1.960790272167622694e+00
-2.934203972070312361e+01 1.959658975434641848e+00
-3.035874869742838911e+01 1.958939975869356864e+00
-3.134876702916666957e+01 1.958107422129184760e+00
-3.262182709615885301e+01 1.957302460992256243e+00
-3.364853343990884582e+01 1.956640769141399616e+00
-3.467296131396484071e+01 1.956530398728425713e+00
-3.568706632532552447e+01 1.955793888472620701e+00
-3.669321994244791796e+01 1.955686171194574108e+00
-3.771132390061848838e+01 1.954935334010161618e+00
-3.871626853382161926e+01 1.954676388041261648e+00
-3.972009718186848914e+01 1.954016818698346647e+00
-4.072425132558593930e+01 1.953668196768905574e+00
-4.173644986230468845e+01 1.953021893100626460e+00
-4.296524251809896100e+01 1.952718905091934021e+00
-4.397121013769531572e+01 1.952367630027565859e+00
-4.498131620224609151e+01 1.952013171201284925e+00
-4.598593533977864922e+01 1.951167882413461729e+00
-4.699376293463541288e+01 1.950828281142773735e+00
-4.799461562226562705e+01 1.950327899895494044e+00
-4.901546304394531717e+01 1.949994666148631373e+00
-5.002254664869791867e+01 1.949371710067712371e+00
-5.102358533385417161e+01 1.949284156615112895e+00
-5.202453102024740161e+01 1.948869736939476072e+00
-5.299594959938153238e+01 1.948666506804048515e+00
-5.400033624000651855e+01 1.948483440494068297e+00
-5.501392975817057618e+01 1.948440459708246753e+00
-5.600729604537761475e+01 1.948249964620470287e+00
-5.701889009013672194e+01 1.948245719604586146e+00
-5.802764767262370071e+01 1.948004284326206204e+00
-5.903826523037108842e+01 1.948111470977267778e+00
-6.028723861774088988e+01 1.947861545667119998e+00
-6.031630073118490287e+01 1.947810605476517187e+00
-5.921342840052083289e+01 1.948019672508784383e+00
-5.828906719547526905e+01 1.948093960286747306e+00
-5.735652209928386469e+01 1.948022325643711916e+00
-5.642407000185546906e+01 1.947770277825622731e+00
-5.548199253245443430e+01 1.947772930960550042e+00
-5.453507912737629937e+01 1.947985181754730455e+00
-5.358044682496745281e+01 1.947482677999508915e+00
-5.266087505621746345e+01 1.947759665285913933e+00
-5.170442927792969812e+01 1.947749052746204912e+00
-5.073566116354167121e+01 1.947575537721962124e+00
-4.978349332835286845e+01 1.947488514896348555e+00
-4.880654132281901525e+01 1.947680601865081629e+00
-4.782824083522135794e+01 1.947594109666452855e+00
-4.685124233030600038e+01 1.947654601142794650e+00
-4.588005624807942695e+01 1.947656723650736055e+00
-4.490263924873048040e+01 1.947882770746538261e+00
-4.391624786874999842e+01 1.947438105332730762e+00
-4.268224728222656950e+01 1.947346306864247811e+00
-4.173514787962238870e+01 1.947640274214187173e+00
-4.075136046500651332e+01 1.947734195190612416e+00
-3.976901453121745078e+01 1.947624886031609437e+00
-3.878555261227214146e+01 1.947743746476350069e+00
-3.779558077991536891e+01 1.947799462309822260e+00
-3.678361474010416998e+01 1.947730480801713959e+00
-3.579420090032552082e+01 1.947627008539551285e+00
-3.479609167620442634e+01 1.947499127436057798e+00
-3.380305088466797514e+01 1.947518760634519230e+00
-3.256588834020182333e+01 1.947617987880798429e+00
-3.154466892347005214e+01 1.947400961443749301e+00
-3.059761602024740057e+01 1.947564394555268086e+00
-2.960894617057292066e+01 1.947649825499925713e+00
-2.859107470930989692e+01 1.947786727262171613e+00
-2.760570631572266009e+01 1.947682193746038015e+00
-2.658588188043620093e+01 1.947753828389073405e+00
-2.558484319527995154e+01 1.947677418103169078e+00
-2.433707879182943046e+01 1.947804768579676882e+00
-2.332083480891927607e+01 1.948110409723296632e+00
-2.232607354026693258e+01 1.948393233906541511e+00
-2.129494975527343925e+01 1.947980406111861074e+00
-2.033106407594401333e+01 1.948193718160012189e+00
-1.931003065673828800e+01 1.948204861326706450e+00
-1.804487548460286561e+01 1.948444174097144987e+00
-1.702221458704427803e+01 1.948392703279556049e+00
-1.601141103177083735e+01 1.948568340811740462e+00
-1.499730602041015892e+01 1.949015128733489366e+00
-1.399896429938151243e+01 1.949425834020227954e+00
-1.297890736718750304e+01 1.949581838353950491e+00
-1.197563671171875122e+01 1.949791436013203594e+00
-1.071466648391927379e+01 1.950306674816076224e+00
-9.733994527864586743e+00 1.950775749071214094e+00
-8.739837751171879887e+00 1.951356254993297235e+00
-7.729406190950522060e+00 1.952030151264819269e+00
-6.732924445182293383e+00 1.952755518353930242e+00
-5.476046162955730878e+00 1.953544030054309877e+00
-4.456686721484376612e+00 1.954518261199597262e+00
-3.445883166210938597e+00 1.955463307860684452e+00
-2.439683049707032314e+00 1.956535704998280112e+00
-1.427670510514323254e+00 1.957619245302570254e+00
-4.185409329752605156e-01 1.958080890779912098e+00
8.460097472005210228e-01 1.958873647496175430e+00
1.817056331282552506e+00 1.959571421982043038e+00
2.827069397070312906e+00 1.960159887308907445e+00
3.833595009244792351e+00 1.960597654571904158e+00
4.833564208626303760e+00 1.960948399009287080e+00
5.841577801009115944e+00 1.961191956795609093e+00
7.101060048600261965e+00 1.962024510535780752e+00
8.105121193554689185e+00 1.962280803369753635e+00
9.117133732747399577e+00 1.962774286466222540e+00
1.012607731276041889e+01 1.963313403483439856e+00
1.113799685319010635e+01 1.963922032635751824e+00
1.209848807766927337e+01 1.964665971669353528e+00
1.334653147740885792e+01 1.965534608044535947e+00
1.436021799433594026e+01 1.966012702958426672e+00
1.537464850136719363e+01 1.966799092150864459e+00
1.639140397747396349e+01 1.967618380216400231e+00
1.739783659088541867e+01 1.968460485242310432e+00
1.839673630449219033e+01 1.969089278220069517e+00
1.940600538017578813e+01 1.969305243403147943e+00
2.066353465374349696e+01 1.969958445222237620e+00
2.168638154882812685e+01 1.970329884112052898e+00
2.264250183144531903e+01 1.970547971803073173e+00
2.365377038053385661e+01 1.970703976136795266e+00
2.466731739931640988e+01 1.970761814478209750e+00
2.566277615869140760e+01 1.970731568740039297e+00
2.668167060634765519e+01 1.970783039557627792e+00
2.795082472529297490e+01 1.970858388589561416e+00
2.896981217171223832e+01 1.970713527422533806e+00
2.998219670595702979e+01 1.970813815922784151e+00
3.099853368763021066e+01 1.970870593010227267e+00
3.201775363095703142e+01 1.971001657875633306e+00
3.301493286744791789e+01 1.971222398701580891e+00
3.401834302106119878e+01 1.971134314621996175e+00
3.505723220276692587e+01 1.971290849582703730e+00
3.608668201002604548e+01 1.971494079718131509e+00
3.733798036647135632e+01 1.971337014130438270e+00
3.835752580546874668e+01 1.971304115257340062e+00
3.937023583538411486e+01 1.971418200059212200e+00
4.037890041910807781e+01 1.971509998527694707e+00
4.139133145273438430e+01 1.971451098932310408e+00
4.238553472880860085e+01 1.971745066282249326e+00
4.341610052122395302e+01 1.971635226496261328e+00
4.437752173333333872e+01 1.971525917337258349e+00
4.539516069768881579e+01 1.971453221440251813e+00
4.639587388717448135e+01 1.971334891622495977e+00
4.740723543502604542e+01 1.971651675932810210e+00
4.843296529176433296e+01 1.971554571194472416e+00
4.944218786806640509e+01 1.971306237765282354e+00
5.042988123072917261e+01 1.971356116701914019e+00
5.144682270436199190e+01 1.971176234153846352e+00
5.246292718912759767e+01 1.971429873852891923e+00
5.345448000045573878e+01 1.971261665098504201e+00
5.444645130621745466e+01 1.970958677089812205e+00
5.544628100745442367e+01 1.970977779661287954e+00
5.644862167529296926e+01 1.971005372264531319e+00
5.745686776458334322e+01 1.971155009074428754e+00
5.845553498128255399e+01 1.971411301908401192e+00
5.947001198769530816e+01 1.971043577407483927e+00
6.048379150338541876e+01 1.971269093876300005e+00
6.149422306360677482e+01 1.971529101099171344e+00
6.249228578834635073e+01 1.971262195725489663e+00
6.350076437454428202e+01 1.971316850304990709e+00
6.451928682714843433e+01 1.970966105867608453e+00
6.548712495390626032e+01 1.970963983359666161e+00
6.648560617307943232e+01 1.971058434963076422e+00
6.749352676669921891e+01 1.971022882955050903e+00
6.849968038382161239e+01 1.970966105867607787e+00
6.950146305908205591e+01 1.970985208439084646e+00
7.050891865888672783e+01 1.971032434240789888e+00
7.152041970488282630e+01 1.971041985526527318e+00
7.252448084983723220e+01 1.971004311010560617e+00
7.352556603437500371e+01 1.971223459955551593e+00
7.453069666510417335e+01 1.971311544035136309e+00
7.554549916718750069e+01 1.971068516875799759e+00
7.650905935084635701e+01 1.971090272582203484e+00
7.751121402115884962e+01 1.970952309565986660e+00
7.851397318343100551e+01 1.970969289629521004e+00
7.952235877086589255e+01 1.971126885844199705e+00
8.053823075872395520e+01 1.971002188502618768e+00
