# User			Meike Reginka
# Sample		2020_0446_1
# State			after FC
# Profile		mere_beads_forc.txt
# Comment
# ML
# 
# Meas. type 		FORC
# angle (deg)		 0.000
# Hmin (kA/m)		-80.000
# Hmax (kA/m)		80.000
# pts./branch		161
# time/pt. (s)		 0.020
# dt (s)		 0.020
# nCycles		5
# Hstop (kA/m)		 0.000
# wait (s)		60.000
# nSched		5
# nMinorLoops		10
# nX			2
# nY			2
# dx (mm)		 0.250
# dy (mm)		 0.250
# avg. raster		no average raster
# Number			56
# ID			310370
# -----------------------------------------------
# H (kA/m) 	 I (arb.u.)
8.156828505794271678e+01 1.972231120600921983e+00
8.070186208225911173e+01 1.972409941895018948e+00
7.977280443968101054e+01 1.972582395665290367e+00
7.883058747213543427e+01 1.972375981767950037e+00
7.785461195361328635e+01 1.972400921236266313e+00
7.686264064785156336e+01 1.972338837878968576e+00
7.588406116396483014e+01 1.972397737474353541e+00
7.489660029820963416e+01 1.971922826322375144e+00
7.389653810006511492e+01 1.972340429759924962e+00
7.288564154602865131e+01 1.972014094163872855e+00
7.187414050003256705e+01 1.972094218838676305e+00
7.087338081116537580e+01 1.971963153973269600e+00
6.985602084309896043e+01 1.971898948108030014e+00
6.884391530514322710e+01 1.972070871251316193e+00
6.783083328017578140e+01 1.972048584917927450e+00
6.682872510924480025e+01 1.972102178243457793e+00
6.582340848098958475e+01 1.972357409823459307e+00
6.485998779547526283e+01 1.972579211903377816e+00
6.383495542945964019e+01 1.972070871251316193e+00
6.282694183707683777e+01 1.972348389164706894e+00
6.181711476881510237e+01 1.972305939005870590e+00
6.080035929270833606e+01 1.972296918347118400e+00
5.979485666692708179e+01 1.972252876307325709e+00
5.877563672360025748e+01 1.972191854203998673e+00
5.777143608050129586e+01 1.972123403322875834e+00
5.676690994173176819e+01 1.972208303640547555e+00
5.574764349902343952e+01 1.972280999537554314e+00
5.474892978294272439e+01 1.972383941172731969e+00
5.378913604918619740e+01 1.972295326466161569e+00
5.277772800195314318e+01 1.972372798006037264e+00
5.175957754440104708e+01 1.972454514561797101e+00
5.075570239697265151e+01 1.972368022363168327e+00
4.974410835221355143e+01 1.972408350014062339e+00
4.872851536064453626e+01 1.972321327188448770e+00
4.770808643339843513e+01 1.972214671164373545e+00
4.670197931565756022e+01 1.972294795839176107e+00
4.569191975048828880e+01 1.972434350736349762e+00
4.468069770078125202e+01 1.972576558768450283e+00
4.369151635791016020e+01 1.972621662062213677e+00
4.269787107441406704e+01 1.972649785292442504e+00
4.169301943997395909e+01 1.972585579427203362e+00
4.068044890820311821e+01 1.972533577982628517e+00
3.966699488818358788e+01 1.972202466743707916e+00
3.866079477167969003e+01 1.972504393498428987e+00
3.739419811871745480e+01 1.972385002426702449e+00
3.637893062281901280e+01 1.972452392053854808e+00
3.536817356692707648e+01 1.971884621179422981e+00
3.435816050113933073e+01 1.972032135481378123e+00
3.335423885432942370e+01 1.972332470355143030e+00
3.237626386240233956e+01 1.971981195290775091e+00
3.135058050504557770e+01 1.971957847703415201e+00
3.034744934772135849e+01 1.971719596186947587e+00
2.933343733512369411e+01 1.971561999972269108e+00
2.806818916422525945e+01 1.971571551258006982e+00
2.705338666214193211e+01 1.971724371829817191e+00
2.602947028128255624e+01 1.971624613956552086e+00
2.502578113138021365e+01 1.971759923837842265e+00
2.401595406311849246e+01 1.972017277925785628e+00
2.295976711149089056e+01 1.972178057902377324e+00
2.199392845813802566e+01 1.972287367061379859e+00
2.071765993382162208e+01 1.972044870529029215e+00
1.969309256162109989e+01 1.972233243108863832e+00
1.868284699892578971e+01 1.972213079283416937e+00
1.767297343128255349e+01 1.972490597196807416e+00
1.665965890940755401e+01 1.972465657728491140e+00
1.563681201432292056e+01 1.972541006760425208e+00
1.462582246152343934e+01 1.972005604132105905e+00
1.337508209765625367e+01 1.971769475123580140e+00
1.236167457701823302e+01 1.971926540711273379e+00
1.139211597314453428e+01 1.971867641115888636e+00
1.037726697167969014e+01 1.972026829211523724e+00
9.366416917024741551e+00 1.971915397544578896e+00
8.366773213313804192e+00 1.972309653394768603e+00
7.118357818522136782e+00 1.972290020196307170e+00
6.106345279329428166e+00 1.972262427593063805e+00
5.093449251888022111e+00 1.972385002426703116e+00
4.083343187337240110e+00 1.972167975989653543e+00
3.075143597428386055e+00 1.972141975267366565e+00
2.079591839290365396e+00 1.972277285148656079e+00
8.428942886393230305e-01 1.972443371395102396e+00
-1.708387276692708567e-01 1.972052299306825240e+00
-1.177317840462239973e+00 1.972059728084621488e+00
-2.182122975520833563e+00 1.971853314187281603e+00
-3.194926004199219349e+00 1.971633634615304720e+00
-4.205357564420573624e+00 1.971801312742707202e+00
-5.458422897363282011e+00 1.972014094163872855e+00
-6.465041508300782169e+00 1.972043278648072606e+00
-7.473427095735678982e+00 1.972200874862751308e+00
-8.487625105859377683e+00 1.971863926726990401e+00
-9.485269336165366383e+00 1.972104300751399197e+00
-1.069676422203776411e+01 1.971920703814433740e+00
-1.171379869443359745e+01 1.971631512107362871e+00
-1.272032430660807734e+01 1.971914866917593656e+00
-1.372085149856771125e+01 1.971772128258507450e+00
-1.472649362249349281e+01 1.971560938718298406e+00
-1.573492570930990020e+01 1.971537060503952832e+00
-1.674875172438151694e+01 1.970806917771972921e+00
-1.799558614020182645e+01 1.969906443777663441e+00
-1.899839180185547249e+01 1.969389082466849406e+00
-2.001217131754557954e+01 1.968196763630541302e+00
-2.096829160016276461e+01 1.967286207723508262e+00
-2.197969964739584015e+01 1.966446755832525373e+00
-2.298934071813151903e+01 1.965680530465534703e+00
-2.424161556158854580e+01 1.965040063694095895e+00
-2.525130313170573260e+01 1.964180978604651573e+00
-2.527711028844401753e+01 1.963923624516708433e+00
-2.438283418323567986e+01 1.964197958668186361e+00
-2.322239561826172505e+01 1.964088649509183160e+00
-2.227469172369792361e+01 1.964437802065609695e+00
-2.132536035078125281e+01 1.964573642573885115e+00
-2.041155450533854676e+01 1.964644746589935487e+00
-1.945989816334636302e+01 1.965323418504326458e+00
-1.850215040237630859e+01 1.965579180711313656e+00
-1.729763042373047455e+01 1.965469871552311121e+00
-1.633909217327474295e+01 1.965772328934017654e+00
-1.535716473391927650e+01 1.966029152394975554e+00
-1.438058472343750260e+01 1.966608066436102753e+00
-1.341595505400391097e+01 1.966992240373568679e+00
-1.243412061341146213e+01 1.967275064556813780e+00
-1.146260903551432619e+01 1.968152721590749499e+00
-1.022530699290364886e+01 1.968652041584058487e+00
-9.286158984537761896e+00 1.968944417053041462e+00
-8.307997995084638987e+00 1.969428348863772715e+00
-7.319188647265626457e+00 1.969799787753587994e+00
-6.340144169563803445e+00 1.969967465880990254e+00
-5.109305540983075211e+00 1.970070938143153150e+00
-4.109057345312501219e+00 1.970411070040826829e+00
-3.115691058105469757e+00 1.970610585787356372e+00
-2.128183692968750762e+00 1.970937452010393720e+00
-1.131329952148437679e+00 1.970940635772306493e+00
-1.318257465820312502e-01 1.970906145018252120e+00
1.079948135579427371e+00 1.971382648051186681e+00
2.076476380729167293e+00 1.971160845971268616e+00
3.073981112890625589e+00 1.971122640828316008e+00
4.068649382779949697e+00 1.971179417915759347e+00
5.064991630403646639e+00 1.971236195003202241e+00
6.066867304427084662e+00 1.971322687201831236e+00
7.318630654687502179e+00 1.971330115979627040e+00
8.315716892415366601e+00 1.971503100376883921e+00
9.324799970572918539e+00 1.971754086941001960e+00
1.031570179055989911e+01 1.971829966599921491e+00
1.133022529635417008e+01 1.971786455187114484e+00
1.228132364576823221e+01 1.971902662496928249e+00
1.353736493912760608e+01 1.972208834267533462e+00
1.453779913232422238e+01 1.972065034354476332e+00
1.554437124388021019e+01 1.972007726640047309e+00
1.655452380781250454e+01 1.971942990147822705e+00
1.755709697255860036e+01 1.971996583473353049e+00
1.856752853277995285e+01 1.972190792950027749e+00
1.956652124514974389e+01 1.972314959664623446e+00
2.081688961396484672e+01 1.972307530886826754e+00
2.183731854121094074e+01 1.972376512394935721e+00
2.279553129599609917e+01 1.972583456919261513e+00
2.379740697001953720e+01 1.972424268823625981e+00
2.479891064899089059e+01 1.972189201069071363e+00
2.580427377662760691e+01 1.972107484513312192e+00
2.681577482262370182e+01 1.972173812886493627e+00
2.807990700836588971e+01 1.972233773735849516e+00
2.909875495664062584e+01 1.972381288037804659e+00
3.010388558736979192e+01 1.972248631291441789e+00
3.111826959501953027e+01 1.972118097053021435e+00
3.215557779775390657e+01 1.972424799450611665e+00
3.312671738059895432e+01 1.972446024530029707e+00
3.414496083691405914e+01 1.972359532331401155e+00
3.516855172210286895e+01 1.972334592863084879e+00
3.621078885927735058e+01 1.972448147037971555e+00
3.746957361614582993e+01 1.972681092284584103e+00
3.847647122337239267e+01 1.972381818664790121e+00
3.949015774029948034e+01 1.972653499681340739e+00
4.049575336484375754e+01 1.972815340911902915e+00
4.150120949124349323e+01 1.972518720427036243e+00
4.249764473763021044e+01 1.972489005315851252e+00
4.352565306406251011e+01 1.972316551545579388e+00
4.449363068896484918e+01 1.972346797283750064e+00
4.549076342607421708e+01 1.972359532331401155e+00
4.649798652897135298e+01 1.972388716815600906e+00
4.750525613125000746e+01 1.972206711759591391e+00
4.851931464322917975e+01 1.972444432649073098e+00
4.952649124674479708e+01 1.972321327188448770e+00
5.053208687128906718e+01 1.972413125656931498e+00
5.153898447851562992e+01 1.972498025974603664e+00
5.254346411790365323e+01 1.972466718982462286e+00
5.355175670657553155e+01 1.972215732418344247e+00
5.452173380488282106e+01 1.972245447529529017e+00
5.552667843808593773e+01 1.972269325743874591e+00
5.652962359788411106e+01 1.972143036521337267e+00
5.753642820634766508e+01 1.972529332966745264e+00
5.853360744283853734e+01 1.972360062958386395e+00
5.954761945543620527e+01 1.972130832100672082e+00
6.055186659791667125e+01 1.972325572204332467e+00
6.155927569833984592e+01 1.972336715371026727e+00
6.255617593854166358e+01 1.972651907800384352e+00
6.356921146412761914e+01 1.972473617133273072e+00
6.457615557073566492e+01 1.972412064402960574e+00
6.554204072347006615e+01 1.972136668997512166e+00
6.653777847913411847e+01 1.972149934672148497e+00
6.754444358945310967e+01 1.972122872695890372e+00
6.854989971585284536e+01 1.972227936839009432e+00
6.955665782493490212e+01 1.972339899132939722e+00
7.055913799091797500e+01 1.972262958220049045e+00
7.156236214700521714e+01 1.972192384830984357e+00
7.256995724495442346e+01 1.972051768679840000e+00
7.356815946783854088e+01 1.972114382664122978e+00
7.456761717402343947e+01 1.972026829211523724e+00
7.558539563652344384e+01 1.972074585640214428e+00
7.654026043583984062e+01 1.972161077838842536e+00
7.754501907151693274e+01 1.971798128980794651e+00
7.854801073069661754e+01 1.972028951719465573e+00
7.954886341832683172e+01 1.972138791505453570e+00
8.055738850390625316e+01 1.972231651227907223e+00
